# ================================== Start of File ====================================
# Spatial dimensions = 3
# Kernel size = 9x9x9
# Polynomial order = 1x1x3
# Size of the convolution coefficient matrix = 16x729
#
# Column# 1:
#    S/A => The left and the right halves of the row are symmetric(S)/anti-symmetric(A) about the middle column.
#           If symmetric elements on the right half, their signs are same as the corresponding elements on the left side.
#           If anti-symmetric elements, the signs are opposite.
# Column# 2~365 = the left-half columns of the row.
# Column# 366 = the middle column of the row.
# Column# 367~730, which are the right-half columns, are not stored, because they are symmetric/anti-symmetric
#           of the elements in the column# 365~2, respectively.
# Matrix starts:
	S	-1.122334E-03	+7.482230E-04	+2.084335E-03	+2.886003E-03	+3.153225E-03	+2.886003E-03	+2.084335E-03	+7.482230E-04	-1.122334E-03	-1.122334E-03	+7.482230E-04	+2.084335E-03	+2.886003E-03	+3.153225E-03	+2.886003E-03	+2.084335E-03	+7.482230E-04	-1.122334E-03	-1.122334E-03	+7.482230E-04	+2.084335E-03	+2.886003E-03	+3.153225E-03	+2.886003E-03	+2.084335E-03	+7.482230E-04	-1.122334E-03	-1.122334E-03	+7.482230E-04	+2.084335E-03	+2.886003E-03	+3.153225E-03	+2.886003E-03	+2.084335E-03	+7.482230E-04	-1.122334E-03	-1.122334E-03	+7.482230E-04	+2.084335E-03	+2.886003E-03	+3.153225E-03	+2.886003E-03	+2.084335E-03	+7.482230E-04	-1.122334E-03	-1.122334E-03	+7.482230E-04	+2.084335E-03	+2.886003E-03	+3.153225E-03	+2.886003E-03	+2.084335E-03	+7.482230E-04	-1.122334E-03	-1.122334E-03	+7.482230E-04	+2.084335E-03	+2.886003E-03	+3.153225E-03	+2.886003E-03	+2.084335E-03	+7.482230E-04	-1.122334E-03	-1.122334E-03	+7.482230E-04	+2.084335E-03	+2.886003E-03	+3.153225E-03	+2.886003E-03	+2.084335E-03	+7.482230E-04	-1.122334E-03	-1.122334E-03	+7.482230E-04	+2.084335E-03	+2.886003E-03	+3.153225E-03	+2.886003E-03	+2.084335E-03	+7.482230E-04	-1.122334E-03	-1.122334E-03	+7.482230E-04	+2.084335E-03	+2.886003E-03	+3.153225E-03	+2.886003E-03	+2.084335E-03	+7.482230E-04	-1.122334E-03	-1.122334E-03	+7.482230E-04	+2.084335E-03	+2.886003E-03	+3.153225E-03	+2.886003E-03	+2.084335E-03	+7.482230E-04	-1.122334E-03	-1.122334E-03	+7.482230E-04	+2.084335E-03	+2.886003E-03	+3.153225E-03	+2.886003E-03	+2.084335E-03	+7.482230E-04	-1.122334E-03	-1.122334E-03	+7.482230E-04	+2.084335E-03	+2.886003E-03	+3.153225E-03	+2.886003E-03	+2.084335E-03	+7.482230E-04	-1.122334E-03	-1.122334E-03	+7.482230E-04	+2.084335E-03	+2.886003E-03	+3.153225E-03	+2.886003E-03	+2.084335E-03	+7.482230E-04	-1.122334E-03	-1.122334E-03	+7.482230E-04	+2.084335E-03	+2.886003E-03	+3.153225E-03	+2.886003E-03	+2.084335E-03	+7.482230E-04	-1.122334E-03	-1.122334E-03	+7.482230E-04	+2.084335E-03	+2.886003E-03	+3.153225E-03	+2.886003E-03	+2.084335E-03	+7.482230E-04	-1.122334E-03	-1.122334E-03	+7.482230E-04	+2.084335E-03	+2.886003E-03	+3.153225E-03	+2.886003E-03	+2.084335E-03	+7.482230E-04	-1.122334E-03	-1.122334E-03	+7.482230E-04	+2.084335E-03	+2.886003E-03	+3.153225E-03	+2.886003E-03	+2.084335E-03	+7.482230E-04	-1.122334E-03	-1.122334E-03	+7.482230E-04	+2.084335E-03	+2.886003E-03	+3.153225E-03	+2.886003E-03	+2.084335E-03	+7.482230E-04	-1.122334E-03	-1.122334E-03	+7.482230E-04	+2.084335E-03	+2.886003E-03	+3.153225E-03	+2.886003E-03	+2.084335E-03	+7.482230E-04	-1.122334E-03	-1.122334E-03	+7.482230E-04	+2.084335E-03	+2.886003E-03	+3.153225E-03	+2.886003E-03	+2.084335E-03	+7.482230E-04	-1.122334E-03	-1.122334E-03	+7.482230E-04	+2.084335E-03	+2.886003E-03	+3.153225E-03	+2.886003E-03	+2.084335E-03	+7.482230E-04	-1.122334E-03	-1.122334E-03	+7.482230E-04	+2.084335E-03	+2.886003E-03	+3.153225E-03	+2.886003E-03	+2.084335E-03	+7.482230E-04	-1.122334E-03	-1.122334E-03	+7.482230E-04	+2.084335E-03	+2.886003E-03	+3.153225E-03	+2.886003E-03	+2.084335E-03	+7.482230E-04	-1.122334E-03	-1.122334E-03	+7.482230E-04	+2.084335E-03	+2.886003E-03	+3.153225E-03	+2.886003E-03	+2.084335E-03	+7.482230E-04	-1.122334E-03	-1.122334E-03	+7.482230E-04	+2.084335E-03	+2.886003E-03	+3.153225E-03	+2.886003E-03	+2.084335E-03	+7.482230E-04	-1.122334E-03	-1.122334E-03	+7.482230E-04	+2.084335E-03	+2.886003E-03	+3.153225E-03	+2.886003E-03	+2.084335E-03	+7.482230E-04	-1.122334E-03	-1.122334E-03	+7.482230E-04	+2.084335E-03	+2.886003E-03	+3.153225E-03	+2.886003E-03	+2.084335E-03	+7.482230E-04	-1.122334E-03	-1.122334E-03	+7.482230E-04	+2.084335E-03	+2.886003E-03	+3.153225E-03	+2.886003E-03	+2.084335E-03	+7.482230E-04	-1.122334E-03	-1.122334E-03	+7.482230E-04	+2.084335E-03	+2.886003E-03	+3.153225E-03	+2.886003E-03	+2.084335E-03	+7.482230E-04	-1.122334E-03	-1.122334E-03	+7.482230E-04	+2.084335E-03	+2.886003E-03	+3.153225E-03	+2.886003E-03	+2.084335E-03	+7.482230E-04	-1.122334E-03	-1.122334E-03	+7.482230E-04	+2.084335E-03	+2.886003E-03	+3.153225E-03	+2.886003E-03	+2.084335E-03	+7.482230E-04	-1.122334E-03	-1.122334E-03	+7.482230E-04	+2.084335E-03	+2.886003E-03	+3.153225E-03	+2.886003E-03	+2.084335E-03	+7.482230E-04	-1.122334E-03	-1.122334E-03	+7.482230E-04	+2.084335E-03	+2.886003E-03	+3.153225E-03	+2.886003E-03	+2.084335E-03	+7.482230E-04	-1.122334E-03	-1.122334E-03	+7.482230E-04	+2.084335E-03	+2.886003E-03	+3.153225E-03	+2.886003E-03	+2.084335E-03	+7.482230E-04	-1.122334E-03	-1.122334E-03	+7.482230E-04	+2.084335E-03	+2.886003E-03	+3.153225E-03	+2.886003E-03	+2.084335E-03	+7.482230E-04	-1.122334E-03	-1.122334E-03	+7.482230E-04	+2.084335E-03	+2.886003E-03	+3.153225E-03	+2.886003E-03	+2.084335E-03	+7.482230E-04	-1.122334E-03	-1.122334E-03	+7.482230E-04	+2.084335E-03	+2.886003E-03	+3.153225E-03	+2.886003E-03	+2.084335E-03	+7.482230E-04	-1.122334E-03	-1.122334E-03	+7.482230E-04	+2.084335E-03	+2.886003E-03	+3.153225E-03	+2.886003E-03	+2.084335E-03	+7.482230E-04	-1.122334E-03	-1.122334E-03	+7.482230E-04	+2.084335E-03	+2.886003E-03	+3.153225E-03	+2.886003E-03	+2.084335E-03	+7.482230E-04	-1.122334E-03	-1.122334E-03	+7.482230E-04	+2.084335E-03	+2.886003E-03	+3.153225E-03
	A	+8.937108E-04	-1.475662E-03	-2.005653E-03	-1.309390E-03	+0.000000E+00	+1.309390E-03	+2.005653E-03	+1.475662E-03	-8.937108E-04	+8.937108E-04	-1.475662E-03	-2.005653E-03	-1.309390E-03	+0.000000E+00	+1.309390E-03	+2.005653E-03	+1.475662E-03	-8.937108E-04	+8.937108E-04	-1.475662E-03	-2.005653E-03	-1.309390E-03	+0.000000E+00	+1.309390E-03	+2.005653E-03	+1.475662E-03	-8.937108E-04	+8.937108E-04	-1.475662E-03	-2.005653E-03	-1.309390E-03	+0.000000E+00	+1.309390E-03	+2.005653E-03	+1.475662E-03	-8.937108E-04	+8.937108E-04	-1.475662E-03	-2.005653E-03	-1.309390E-03	+0.000000E+00	+1.309390E-03	+2.005653E-03	+1.475662E-03	-8.937108E-04	+8.937108E-04	-1.475662E-03	-2.005653E-03	-1.309390E-03	+0.000000E+00	+1.309390E-03	+2.005653E-03	+1.475662E-03	-8.937108E-04	+8.937108E-04	-1.475662E-03	-2.005653E-03	-1.309390E-03	+0.000000E+00	+1.309390E-03	+2.005653E-03	+1.475662E-03	-8.937108E-04	+8.937108E-04	-1.475662E-03	-2.005653E-03	-1.309390E-03	+0.000000E+00	+1.309390E-03	+2.005653E-03	+1.475662E-03	-8.937108E-04	+8.937108E-04	-1.475662E-03	-2.005653E-03	-1.309390E-03	+0.000000E+00	+1.309390E-03	+2.005653E-03	+1.475662E-03	-8.937108E-04	+8.937108E-04	-1.475662E-03	-2.005653E-03	-1.309390E-03	+0.000000E+00	+1.309390E-03	+2.005653E-03	+1.475662E-03	-8.937108E-04	+8.937108E-04	-1.475662E-03	-2.005653E-03	-1.309390E-03	+0.000000E+00	+1.309390E-03	+2.005653E-03	+1.475662E-03	-8.937108E-04	+8.937108E-04	-1.475662E-03	-2.005653E-03	-1.309390E-03	+0.000000E+00	+1.309390E-03	+2.005653E-03	+1.475662E-03	-8.937108E-04	+8.937108E-04	-1.475662E-03	-2.005653E-03	-1.309390E-03	+0.000000E+00	+1.309390E-03	+2.005653E-03	+1.475662E-03	-8.937108E-04	+8.937108E-04	-1.475662E-03	-2.005653E-03	-1.309390E-03	+0.000000E+00	+1.309390E-03	+2.005653E-03	+1.475662E-03	-8.937108E-04	+8.937108E-04	-1.475662E-03	-2.005653E-03	-1.309390E-03	+0.000000E+00	+1.309390E-03	+2.005653E-03	+1.475662E-03	-8.937108E-04	+8.937108E-04	-1.475662E-03	-2.005653E-03	-1.309390E-03	+0.000000E+00	+1.309390E-03	+2.005653E-03	+1.475662E-03	-8.937108E-04	+8.937108E-04	-1.475662E-03	-2.005653E-03	-1.309390E-03	+0.000000E+00	+1.309390E-03	+2.005653E-03	+1.475662E-03	-8.937108E-04	+8.937108E-04	-1.475662E-03	-2.005653E-03	-1.309390E-03	+0.000000E+00	+1.309390E-03	+2.005653E-03	+1.475662E-03	-8.937108E-04	+8.937108E-04	-1.475662E-03	-2.005653E-03	-1.309390E-03	+0.000000E+00	+1.309390E-03	+2.005653E-03	+1.475662E-03	-8.937108E-04	+8.937108E-04	-1.475662E-03	-2.005653E-03	-1.309390E-03	+0.000000E+00	+1.309390E-03	+2.005653E-03	+1.475662E-03	-8.937108E-04	+8.937108E-04	-1.475662E-03	-2.005653E-03	-1.309390E-03	+0.000000E+00	+1.309390E-03	+2.005653E-03	+1.475662E-03	-8.937108E-04	+8.937108E-04	-1.475662E-03	-2.005653E-03	-1.309390E-03	+0.000000E+00	+1.309390E-03	+2.005653E-03	+1.475662E-03	-8.937108E-04	+8.937108E-04	-1.475662E-03	-2.005653E-03	-1.309390E-03	+0.000000E+00	+1.309390E-03	+2.005653E-03	+1.475662E-03	-8.937108E-04	+8.937108E-04	-1.475662E-03	-2.005653E-03	-1.309390E-03	+0.000000E+00	+1.309390E-03	+2.005653E-03	+1.475662E-03	-8.937108E-04	+8.937108E-04	-1.475662E-03	-2.005653E-03	-1.309390E-03	+0.000000E+00	+1.309390E-03	+2.005653E-03	+1.475662E-03	-8.937108E-04	+8.937108E-04	-1.475662E-03	-2.005653E-03	-1.309390E-03	+0.000000E+00	+1.309390E-03	+2.005653E-03	+1.475662E-03	-8.937108E-04	+8.937108E-04	-1.475662E-03	-2.005653E-03	-1.309390E-03	+0.000000E+00	+1.309390E-03	+2.005653E-03	+1.475662E-03	-8.937108E-04	+8.937108E-04	-1.475662E-03	-2.005653E-03	-1.309390E-03	+0.000000E+00	+1.309390E-03	+2.005653E-03	+1.475662E-03	-8.937108E-04	+8.937108E-04	-1.475662E-03	-2.005653E-03	-1.309390E-03	+0.000000E+00	+1.309390E-03	+2.005653E-03	+1.475662E-03	-8.937108E-04	+8.937108E-04	-1.475662E-03	-2.005653E-03	-1.309390E-03	+0.000000E+00	+1.309390E-03	+2.005653E-03	+1.475662E-03	-8.937108E-04	+8.937108E-04	-1.475662E-03	-2.005653E-03	-1.309390E-03	+0.000000E+00	+1.309390E-03	+2.005653E-03	+1.475662E-03	-8.937108E-04	+8.937108E-04	-1.475662E-03	-2.005653E-03	-1.309390E-03	+0.000000E+00	+1.309390E-03	+2.005653E-03	+1.475662E-03	-8.937108E-04	+8.937108E-04	-1.475662E-03	-2.005653E-03	-1.309390E-03	+0.000000E+00	+1.309390E-03	+2.005653E-03	+1.475662E-03	-8.937108E-04	+8.937108E-04	-1.475662E-03	-2.005653E-03	-1.309390E-03	+0.000000E+00	+1.309390E-03	+2.005653E-03	+1.475662E-03	-8.937108E-04	+8.937108E-04	-1.475662E-03	-2.005653E-03	-1.309390E-03	+0.000000E+00	+1.309390E-03	+2.005653E-03	+1.475662E-03	-8.937108E-04	+8.937108E-04	-1.475662E-03	-2.005653E-03	-1.309390E-03	+0.000000E+00	+1.309390E-03	+2.005653E-03	+1.475662E-03	-8.937108E-04	+8.937108E-04	-1.475662E-03	-2.005653E-03	-1.309390E-03	+0.000000E+00	+1.309390E-03	+2.005653E-03	+1.475662E-03	-8.937108E-04	+8.937108E-04	-1.475662E-03	-2.005653E-03	-1.309390E-03	+0.000000E+00	+1.309390E-03	+2.005653E-03	+1.475662E-03	-8.937108E-04	+8.937108E-04	-1.475662E-03	-2.005653E-03	-1.309390E-03	+0.000000E+00	+1.309390E-03	+2.005653E-03	+1.475662E-03	-8.937108E-04	+8.937108E-04	-1.475662E-03	-2.005653E-03	-1.309390E-03	+0.000000E+00	+1.309390E-03	+2.005653E-03	+1.475662E-03	-8.937108E-04	+8.937108E-04	-1.475662E-03	-2.005653E-03	-1.309390E-03	+0.000000E+00
	S	+3.741115E-04	+9.352787E-05	-1.068890E-04	-2.271391E-04	-2.672225E-04	-2.271391E-04	-1.068890E-04	+9.352787E-05	+3.741115E-04	+3.741115E-04	+9.352787E-05	-1.068890E-04	-2.271391E-04	-2.672225E-04	-2.271391E-04	-1.068890E-04	+9.352787E-05	+3.741115E-04	+3.741115E-04	+9.352787E-05	-1.068890E-04	-2.271391E-04	-2.672225E-04	-2.271391E-04	-1.068890E-04	+9.352787E-05	+3.741115E-04	+3.741115E-04	+9.352787E-05	-1.068890E-04	-2.271391E-04	-2.672225E-04	-2.271391E-04	-1.068890E-04	+9.352787E-05	+3.741115E-04	+3.741115E-04	+9.352787E-05	-1.068890E-04	-2.271391E-04	-2.672225E-04	-2.271391E-04	-1.068890E-04	+9.352787E-05	+3.741115E-04	+3.741115E-04	+9.352787E-05	-1.068890E-04	-2.271391E-04	-2.672225E-04	-2.271391E-04	-1.068890E-04	+9.352787E-05	+3.741115E-04	+3.741115E-04	+9.352787E-05	-1.068890E-04	-2.271391E-04	-2.672225E-04	-2.271391E-04	-1.068890E-04	+9.352787E-05	+3.741115E-04	+3.741115E-04	+9.352787E-05	-1.068890E-04	-2.271391E-04	-2.672225E-04	-2.271391E-04	-1.068890E-04	+9.352787E-05	+3.741115E-04	+3.741115E-04	+9.352787E-05	-1.068890E-04	-2.271391E-04	-2.672225E-04	-2.271391E-04	-1.068890E-04	+9.352787E-05	+3.741115E-04	+3.741115E-04	+9.352787E-05	-1.068890E-04	-2.271391E-04	-2.672225E-04	-2.271391E-04	-1.068890E-04	+9.352787E-05	+3.741115E-04	+3.741115E-04	+9.352787E-05	-1.068890E-04	-2.271391E-04	-2.672225E-04	-2.271391E-04	-1.068890E-04	+9.352787E-05	+3.741115E-04	+3.741115E-04	+9.352787E-05	-1.068890E-04	-2.271391E-04	-2.672225E-04	-2.271391E-04	-1.068890E-04	+9.352787E-05	+3.741115E-04	+3.741115E-04	+9.352787E-05	-1.068890E-04	-2.271391E-04	-2.672225E-04	-2.271391E-04	-1.068890E-04	+9.352787E-05	+3.741115E-04	+3.741115E-04	+9.352787E-05	-1.068890E-04	-2.271391E-04	-2.672225E-04	-2.271391E-04	-1.068890E-04	+9.352787E-05	+3.741115E-04	+3.741115E-04	+9.352787E-05	-1.068890E-04	-2.271391E-04	-2.672225E-04	-2.271391E-04	-1.068890E-04	+9.352787E-05	+3.741115E-04	+3.741115E-04	+9.352787E-05	-1.068890E-04	-2.271391E-04	-2.672225E-04	-2.271391E-04	-1.068890E-04	+9.352787E-05	+3.741115E-04	+3.741115E-04	+9.352787E-05	-1.068890E-04	-2.271391E-04	-2.672225E-04	-2.271391E-04	-1.068890E-04	+9.352787E-05	+3.741115E-04	+3.741115E-04	+9.352787E-05	-1.068890E-04	-2.271391E-04	-2.672225E-04	-2.271391E-04	-1.068890E-04	+9.352787E-05	+3.741115E-04	+3.741115E-04	+9.352787E-05	-1.068890E-04	-2.271391E-04	-2.672225E-04	-2.271391E-04	-1.068890E-04	+9.352787E-05	+3.741115E-04	+3.741115E-04	+9.352787E-05	-1.068890E-04	-2.271391E-04	-2.672225E-04	-2.271391E-04	-1.068890E-04	+9.352787E-05	+3.741115E-04	+3.741115E-04	+9.352787E-05	-1.068890E-04	-2.271391E-04	-2.672225E-04	-2.271391E-04	-1.068890E-04	+9.352787E-05	+3.741115E-04	+3.741115E-04	+9.352787E-05	-1.068890E-04	-2.271391E-04	-2.672225E-04	-2.271391E-04	-1.068890E-04	+9.352787E-05	+3.741115E-04	+3.741115E-04	+9.352787E-05	-1.068890E-04	-2.271391E-04	-2.672225E-04	-2.271391E-04	-1.068890E-04	+9.352787E-05	+3.741115E-04	+3.741115E-04	+9.352787E-05	-1.068890E-04	-2.271391E-04	-2.672225E-04	-2.271391E-04	-1.068890E-04	+9.352787E-05	+3.741115E-04	+3.741115E-04	+9.352787E-05	-1.068890E-04	-2.271391E-04	-2.672225E-04	-2.271391E-04	-1.068890E-04	+9.352787E-05	+3.741115E-04	+3.741115E-04	+9.352787E-05	-1.068890E-04	-2.271391E-04	-2.672225E-04	-2.271391E-04	-1.068890E-04	+9.352787E-05	+3.741115E-04	+3.741115E-04	+9.352787E-05	-1.068890E-04	-2.271391E-04	-2.672225E-04	-2.271391E-04	-1.068890E-04	+9.352787E-05	+3.741115E-04	+3.741115E-04	+9.352787E-05	-1.068890E-04	-2.271391E-04	-2.672225E-04	-2.271391E-04	-1.068890E-04	+9.352787E-05	+3.741115E-04	+3.741115E-04	+9.352787E-05	-1.068890E-04	-2.271391E-04	-2.672225E-04	-2.271391E-04	-1.068890E-04	+9.352787E-05	+3.741115E-04	+3.741115E-04	+9.352787E-05	-1.068890E-04	-2.271391E-04	-2.672225E-04	-2.271391E-04	-1.068890E-04	+9.352787E-05	+3.741115E-04	+3.741115E-04	+9.352787E-05	-1.068890E-04	-2.271391E-04	-2.672225E-04	-2.271391E-04	-1.068890E-04	+9.352787E-05	+3.741115E-04	+3.741115E-04	+9.352787E-05	-1.068890E-04	-2.271391E-04	-2.672225E-04	-2.271391E-04	-1.068890E-04	+9.352787E-05	+3.741115E-04	+3.741115E-04	+9.352787E-05	-1.068890E-04	-2.271391E-04	-2.672225E-04	-2.271391E-04	-1.068890E-04	+9.352787E-05	+3.741115E-04	+3.741115E-04	+9.352787E-05	-1.068890E-04	-2.271391E-04	-2.672225E-04	-2.271391E-04	-1.068890E-04	+9.352787E-05	+3.741115E-04	+3.741115E-04	+9.352787E-05	-1.068890E-04	-2.271391E-04	-2.672225E-04	-2.271391E-04	-1.068890E-04	+9.352787E-05	+3.741115E-04	+3.741115E-04	+9.352787E-05	-1.068890E-04	-2.271391E-04	-2.672225E-04	-2.271391E-04	-1.068890E-04	+9.352787E-05	+3.741115E-04	+3.741115E-04	+9.352787E-05	-1.068890E-04	-2.271391E-04	-2.672225E-04	-2.271391E-04	-1.068890E-04	+9.352787E-05	+3.741115E-04	+3.741115E-04	+9.352787E-05	-1.068890E-04	-2.271391E-04	-2.672225E-04	-2.271391E-04	-1.068890E-04	+9.352787E-05	+3.741115E-04	+3.741115E-04	+9.352787E-05	-1.068890E-04	-2.271391E-04	-2.672225E-04	-2.271391E-04	-1.068890E-04	+9.352787E-05	+3.741115E-04	+3.741115E-04	+9.352787E-05	-1.068890E-04	-2.271391E-04	-2.672225E-04	-2.271391E-04	-1.068890E-04	+9.352787E-05	+3.741115E-04	+3.741115E-04	+9.352787E-05	-1.068890E-04	-2.271391E-04	-2.672225E-04
	A	-1.454878E-04	+7.274390E-05	+1.350958E-04	+9.352787E-05	+0.000000E+00	-9.352787E-05	-1.350958E-04	-7.274390E-05	+1.454878E-04	-1.454878E-04	+7.274390E-05	+1.350958E-04	+9.352787E-05	+0.000000E+00	-9.352787E-05	-1.350958E-04	-7.274390E-05	+1.454878E-04	-1.454878E-04	+7.274390E-05	+1.350958E-04	+9.352787E-05	+0.000000E+00	-9.352787E-05	-1.350958E-04	-7.274390E-05	+1.454878E-04	-1.454878E-04	+7.274390E-05	+1.350958E-04	+9.352787E-05	+0.000000E+00	-9.352787E-05	-1.350958E-04	-7.274390E-05	+1.454878E-04	-1.454878E-04	+7.274390E-05	+1.350958E-04	+9.352787E-05	+0.000000E+00	-9.352787E-05	-1.350958E-04	-7.274390E-05	+1.454878E-04	-1.454878E-04	+7.274390E-05	+1.350958E-04	+9.352787E-05	+0.000000E+00	-9.352787E-05	-1.350958E-04	-7.274390E-05	+1.454878E-04	-1.454878E-04	+7.274390E-05	+1.350958E-04	+9.352787E-05	+0.000000E+00	-9.352787E-05	-1.350958E-04	-7.274390E-05	+1.454878E-04	-1.454878E-04	+7.274390E-05	+1.350958E-04	+9.352787E-05	+0.000000E+00	-9.352787E-05	-1.350958E-04	-7.274390E-05	+1.454878E-04	-1.454878E-04	+7.274390E-05	+1.350958E-04	+9.352787E-05	+0.000000E+00	-9.352787E-05	-1.350958E-04	-7.274390E-05	+1.454878E-04	-1.454878E-04	+7.274390E-05	+1.350958E-04	+9.352787E-05	+0.000000E+00	-9.352787E-05	-1.350958E-04	-7.274390E-05	+1.454878E-04	-1.454878E-04	+7.274390E-05	+1.350958E-04	+9.352787E-05	+0.000000E+00	-9.352787E-05	-1.350958E-04	-7.274390E-05	+1.454878E-04	-1.454878E-04	+7.274390E-05	+1.350958E-04	+9.352787E-05	+0.000000E+00	-9.352787E-05	-1.350958E-04	-7.274390E-05	+1.454878E-04	-1.454878E-04	+7.274390E-05	+1.350958E-04	+9.352787E-05	+0.000000E+00	-9.352787E-05	-1.350958E-04	-7.274390E-05	+1.454878E-04	-1.454878E-04	+7.274390E-05	+1.350958E-04	+9.352787E-05	+0.000000E+00	-9.352787E-05	-1.350958E-04	-7.274390E-05	+1.454878E-04	-1.454878E-04	+7.274390E-05	+1.350958E-04	+9.352787E-05	+0.000000E+00	-9.352787E-05	-1.350958E-04	-7.274390E-05	+1.454878E-04	-1.454878E-04	+7.274390E-05	+1.350958E-04	+9.352787E-05	+0.000000E+00	-9.352787E-05	-1.350958E-04	-7.274390E-05	+1.454878E-04	-1.454878E-04	+7.274390E-05	+1.350958E-04	+9.352787E-05	+0.000000E+00	-9.352787E-05	-1.350958E-04	-7.274390E-05	+1.454878E-04	-1.454878E-04	+7.274390E-05	+1.350958E-04	+9.352787E-05	+0.000000E+00	-9.352787E-05	-1.350958E-04	-7.274390E-05	+1.454878E-04	-1.454878E-04	+7.274390E-05	+1.350958E-04	+9.352787E-05	+0.000000E+00	-9.352787E-05	-1.350958E-04	-7.274390E-05	+1.454878E-04	-1.454878E-04	+7.274390E-05	+1.350958E-04	+9.352787E-05	+0.000000E+00	-9.352787E-05	-1.350958E-04	-7.274390E-05	+1.454878E-04	-1.454878E-04	+7.274390E-05	+1.350958E-04	+9.352787E-05	+0.000000E+00	-9.352787E-05	-1.350958E-04	-7.274390E-05	+1.454878E-04	-1.454878E-04	+7.274390E-05	+1.350958E-04	+9.352787E-05	+0.000000E+00	-9.352787E-05	-1.350958E-04	-7.274390E-05	+1.454878E-04	-1.454878E-04	+7.274390E-05	+1.350958E-04	+9.352787E-05	+0.000000E+00	-9.352787E-05	-1.350958E-04	-7.274390E-05	+1.454878E-04	-1.454878E-04	+7.274390E-05	+1.350958E-04	+9.352787E-05	+0.000000E+00	-9.352787E-05	-1.350958E-04	-7.274390E-05	+1.454878E-04	-1.454878E-04	+7.274390E-05	+1.350958E-04	+9.352787E-05	+0.000000E+00	-9.352787E-05	-1.350958E-04	-7.274390E-05	+1.454878E-04	-1.454878E-04	+7.274390E-05	+1.350958E-04	+9.352787E-05	+0.000000E+00	-9.352787E-05	-1.350958E-04	-7.274390E-05	+1.454878E-04	-1.454878E-04	+7.274390E-05	+1.350958E-04	+9.352787E-05	+0.000000E+00	-9.352787E-05	-1.350958E-04	-7.274390E-05	+1.454878E-04	-1.454878E-04	+7.274390E-05	+1.350958E-04	+9.352787E-05	+0.000000E+00	-9.352787E-05	-1.350958E-04	-7.274390E-05	+1.454878E-04	-1.454878E-04	+7.274390E-05	+1.350958E-04	+9.352787E-05	+0.000000E+00	-9.352787E-05	-1.350958E-04	-7.274390E-05	+1.454878E-04	-1.454878E-04	+7.274390E-05	+1.350958E-04	+9.352787E-05	+0.000000E+00	-9.352787E-05	-1.350958E-04	-7.274390E-05	+1.454878E-04	-1.454878E-04	+7.274390E-05	+1.350958E-04	+9.352787E-05	+0.000000E+00	-9.352787E-05	-1.350958E-04	-7.274390E-05	+1.454878E-04	-1.454878E-04	+7.274390E-05	+1.350958E-04	+9.352787E-05	+0.000000E+00	-9.352787E-05	-1.350958E-04	-7.274390E-05	+1.454878E-04	-1.454878E-04	+7.274390E-05	+1.350958E-04	+9.352787E-05	+0.000000E+00	-9.352787E-05	-1.350958E-04	-7.274390E-05	+1.454878E-04	-1.454878E-04	+7.274390E-05	+1.350958E-04	+9.352787E-05	+0.000000E+00	-9.352787E-05	-1.350958E-04	-7.274390E-05	+1.454878E-04	-1.454878E-04	+7.274390E-05	+1.350958E-04	+9.352787E-05	+0.000000E+00	-9.352787E-05	-1.350958E-04	-7.274390E-05	+1.454878E-04	-1.454878E-04	+7.274390E-05	+1.350958E-04	+9.352787E-05	+0.000000E+00	-9.352787E-05	-1.350958E-04	-7.274390E-05	+1.454878E-04	-1.454878E-04	+7.274390E-05	+1.350958E-04	+9.352787E-05	+0.000000E+00	-9.352787E-05	-1.350958E-04	-7.274390E-05	+1.454878E-04	-1.454878E-04	+7.274390E-05	+1.350958E-04	+9.352787E-05	+0.000000E+00	-9.352787E-05	-1.350958E-04	-7.274390E-05	+1.454878E-04	-1.454878E-04	+7.274390E-05	+1.350958E-04	+9.352787E-05	+0.000000E+00	-9.352787E-05	-1.350958E-04	-7.274390E-05	+1.454878E-04	-1.454878E-04	+7.274390E-05	+1.350958E-04	+9.352787E-05	+0.000000E+00	-9.352787E-05	-1.350958E-04	-7.274390E-05	+1.454878E-04	-1.454878E-04	+7.274390E-05	+1.350958E-04	+9.352787E-05	+0.000000E+00
	A	+6.734007E-04	-4.489338E-04	-1.250601E-03	-1.731602E-03	-1.891935E-03	-1.731602E-03	-1.250601E-03	-4.489338E-04	+6.734007E-04	+5.050505E-04	-3.367003E-04	-9.379509E-04	-1.298701E-03	-1.418951E-03	-1.298701E-03	-9.379509E-04	-3.367003E-04	+5.050505E-04	+3.367003E-04	-2.244669E-04	-6.253006E-04	-8.658009E-04	-9.459676E-04	-8.658009E-04	-6.253006E-04	-2.244669E-04	+3.367003E-04	+1.683502E-04	-1.122334E-04	-3.126503E-04	-4.329004E-04	-4.729838E-04	-4.329004E-04	-3.126503E-04	-1.122334E-04	+1.683502E-04	+0.000000E+00	+0.000000E+00	+0.000000E+00	+0.000000E+00	+0.000000E+00	+0.000000E+00	+0.000000E+00	+0.000000E+00	+0.000000E+00	-1.683502E-04	+1.122334E-04	+3.126503E-04	+4.329004E-04	+4.729838E-04	+4.329004E-04	+3.126503E-04	+1.122334E-04	-1.683502E-04	-3.367003E-04	+2.244669E-04	+6.253006E-04	+8.658009E-04	+9.459676E-04	+8.658009E-04	+6.253006E-04	+2.244669E-04	-3.367003E-04	-5.050505E-04	+3.367003E-04	+9.379509E-04	+1.298701E-03	+1.418951E-03	+1.298701E-03	+9.379509E-04	+3.367003E-04	-5.050505E-04	-6.734007E-04	+4.489338E-04	+1.250601E-03	+1.731602E-03	+1.891935E-03	+1.731602E-03	+1.250601E-03	+4.489338E-04	-6.734007E-04	+6.734007E-04	-4.489338E-04	-1.250601E-03	-1.731602E-03	-1.891935E-03	-1.731602E-03	-1.250601E-03	-4.489338E-04	+6.734007E-04	+5.050505E-04	-3.367003E-04	-9.379509E-04	-1.298701E-03	-1.418951E-03	-1.298701E-03	-9.379509E-04	-3.367003E-04	+5.050505E-04	+3.367003E-04	-2.244669E-04	-6.253006E-04	-8.658009E-04	-9.459676E-04	-8.658009E-04	-6.253006E-04	-2.244669E-04	+3.367003E-04	+1.683502E-04	-1.122334E-04	-3.126503E-04	-4.329004E-04	-4.729838E-04	-4.329004E-04	-3.126503E-04	-1.122334E-04	+1.683502E-04	+0.000000E+00	+0.000000E+00	+0.000000E+00	+0.000000E+00	+0.000000E+00	+0.000000E+00	+0.000000E+00	+0.000000E+00	+0.000000E+00	-1.683502E-04	+1.122334E-04	+3.126503E-04	+4.329004E-04	+4.729838E-04	+4.329004E-04	+3.126503E-04	+1.122334E-04	-1.683502E-04	-3.367003E-04	+2.244669E-04	+6.253006E-04	+8.658009E-04	+9.459676E-04	+8.658009E-04	+6.253006E-04	+2.244669E-04	-3.367003E-04	-5.050505E-04	+3.367003E-04	+9.379509E-04	+1.298701E-03	+1.418951E-03	+1.298701E-03	+9.379509E-04	+3.367003E-04	-5.050505E-04	-6.734007E-04	+4.489338E-04	+1.250601E-03	+1.731602E-03	+1.891935E-03	+1.731602E-03	+1.250601E-03	+4.489338E-04	-6.734007E-04	+6.734007E-04	-4.489338E-04	-1.250601E-03	-1.731602E-03	-1.891935E-03	-1.731602E-03	-1.250601E-03	-4.489338E-04	+6.734007E-04	+5.050505E-04	-3.367003E-04	-9.379509E-04	-1.298701E-03	-1.418951E-03	-1.298701E-03	-9.379509E-04	-3.367003E-04	+5.050505E-04	+3.367003E-04	-2.244669E-04	-6.253006E-04	-8.658009E-04	-9.459676E-04	-8.658009E-04	-6.253006E-04	-2.244669E-04	+3.367003E-04	+1.683502E-04	-1.122334E-04	-3.126503E-04	-4.329004E-04	-4.729838E-04	-4.329004E-04	-3.126503E-04	-1.122334E-04	+1.683502E-04	+0.000000E+00	+0.000000E+00	+0.000000E+00	+0.000000E+00	+0.000000E+00	+0.000000E+00	+0.000000E+00	+0.000000E+00	+0.000000E+00	-1.683502E-04	+1.122334E-04	+3.126503E-04	+4.329004E-04	+4.729838E-04	+4.329004E-04	+3.126503E-04	+1.122334E-04	-1.683502E-04	-3.367003E-04	+2.244669E-04	+6.253006E-04	+8.658009E-04	+9.459676E-04	+8.658009E-04	+6.253006E-04	+2.244669E-04	-3.367003E-04	-5.050505E-04	+3.367003E-04	+9.379509E-04	+1.298701E-03	+1.418951E-03	+1.298701E-03	+9.379509E-04	+3.367003E-04	-5.050505E-04	-6.734007E-04	+4.489338E-04	+1.250601E-03	+1.731602E-03	+1.891935E-03	+1.731602E-03	+1.250601E-03	+4.489338E-04	-6.734007E-04	+6.734007E-04	-4.489338E-04	-1.250601E-03	-1.731602E-03	-1.891935E-03	-1.731602E-03	-1.250601E-03	-4.489338E-04	+6.734007E-04	+5.050505E-04	-3.367003E-04	-9.379509E-04	-1.298701E-03	-1.418951E-03	-1.298701E-03	-9.379509E-04	-3.367003E-04	+5.050505E-04	+3.367003E-04	-2.244669E-04	-6.253006E-04	-8.658009E-04	-9.459676E-04	-8.658009E-04	-6.253006E-04	-2.244669E-04	+3.367003E-04	+1.683502E-04	-1.122334E-04	-3.126503E-04	-4.329004E-04	-4.729838E-04	-4.329004E-04	-3.126503E-04	-1.122334E-04	+1.683502E-04	+0.000000E+00	+0.000000E+00	+0.000000E+00	+0.000000E+00	+0.000000E+00	+0.000000E+00	+0.000000E+00	+0.000000E+00	+0.000000E+00	-1.683502E-04	+1.122334E-04	+3.126503E-04	+4.329004E-04	+4.729838E-04	+4.329004E-04	+3.126503E-04	+1.122334E-04	-1.683502E-04	-3.367003E-04	+2.244669E-04	+6.253006E-04	+8.658009E-04	+9.459676E-04	+8.658009E-04	+6.253006E-04	+2.244669E-04	-3.367003E-04	-5.050505E-04	+3.367003E-04	+9.379509E-04	+1.298701E-03	+1.418951E-03	+1.298701E-03	+9.379509E-04	+3.367003E-04	-5.050505E-04	-6.734007E-04	+4.489338E-04	+1.250601E-03	+1.731602E-03	+1.891935E-03	+1.731602E-03	+1.250601E-03	+4.489338E-04	-6.734007E-04	+6.734007E-04	-4.489338E-04	-1.250601E-03	-1.731602E-03	-1.891935E-03	-1.731602E-03	-1.250601E-03	-4.489338E-04	+6.734007E-04	+5.050505E-04	-3.367003E-04	-9.379509E-04	-1.298701E-03	-1.418951E-03	-1.298701E-03	-9.379509E-04	-3.367003E-04	+5.050505E-04	+3.367003E-04	-2.244669E-04	-6.253006E-04	-8.658009E-04	-9.459676E-04	-8.658009E-04	-6.253006E-04	-2.244669E-04	+3.367003E-04	+1.683502E-04	-1.122334E-04	-3.126503E-04	-4.329004E-04	-4.729838E-04	-4.329004E-04	-3.126503E-04	-1.122334E-04	+1.683502E-04	+0.000000E+00	+0.000000E+00	+0.000000E+00	+0.000000E+00	+0.000000E+00
	S	-5.362265E-04	+8.853972E-04	+1.203392E-03	+7.856341E-04	+0.000000E+00	-7.856341E-04	-1.203392E-03	-8.853972E-04	+5.362265E-04	-4.021698E-04	+6.640479E-04	+9.025440E-04	+5.892256E-04	+0.000000E+00	-5.892256E-04	-9.025440E-04	-6.640479E-04	+4.021698E-04	-2.681132E-04	+4.426986E-04	+6.016960E-04	+3.928171E-04	+0.000000E+00	-3.928171E-04	-6.016960E-04	-4.426986E-04	+2.681132E-04	-1.340566E-04	+2.213493E-04	+3.008480E-04	+1.964085E-04	+0.000000E+00	-1.964085E-04	-3.008480E-04	-2.213493E-04	+1.340566E-04	+0.000000E+00	+0.000000E+00	+0.000000E+00	+0.000000E+00	+0.000000E+00	+0.000000E+00	+0.000000E+00	+0.000000E+00	+0.000000E+00	+1.340566E-04	-2.213493E-04	-3.008480E-04	-1.964085E-04	+0.000000E+00	+1.964085E-04	+3.008480E-04	+2.213493E-04	-1.340566E-04	+2.681132E-04	-4.426986E-04	-6.016960E-04	-3.928171E-04	+0.000000E+00	+3.928171E-04	+6.016960E-04	+4.426986E-04	-2.681132E-04	+4.021698E-04	-6.640479E-04	-9.025440E-04	-5.892256E-04	+0.000000E+00	+5.892256E-04	+9.025440E-04	+6.640479E-04	-4.021698E-04	+5.362265E-04	-8.853972E-04	-1.203392E-03	-7.856341E-04	+0.000000E+00	+7.856341E-04	+1.203392E-03	+8.853972E-04	-5.362265E-04	-5.362265E-04	+8.853972E-04	+1.203392E-03	+7.856341E-04	+0.000000E+00	-7.856341E-04	-1.203392E-03	-8.853972E-04	+5.362265E-04	-4.021698E-04	+6.640479E-04	+9.025440E-04	+5.892256E-04	+0.000000E+00	-5.892256E-04	-9.025440E-04	-6.640479E-04	+4.021698E-04	-2.681132E-04	+4.426986E-04	+6.016960E-04	+3.928171E-04	+0.000000E+00	-3.928171E-04	-6.016960E-04	-4.426986E-04	+2.681132E-04	-1.340566E-04	+2.213493E-04	+3.008480E-04	+1.964085E-04	+0.000000E+00	-1.964085E-04	-3.008480E-04	-2.213493E-04	+1.340566E-04	+0.000000E+00	+0.000000E+00	+0.000000E+00	+0.000000E+00	+0.000000E+00	+0.000000E+00	+0.000000E+00	+0.000000E+00	+0.000000E+00	+1.340566E-04	-2.213493E-04	-3.008480E-04	-1.964085E-04	+0.000000E+00	+1.964085E-04	+3.008480E-04	+2.213493E-04	-1.340566E-04	+2.681132E-04	-4.426986E-04	-6.016960E-04	-3.928171E-04	+0.000000E+00	+3.928171E-04	+6.016960E-04	+4.426986E-04	-2.681132E-04	+4.021698E-04	-6.640479E-04	-9.025440E-04	-5.892256E-04	+0.000000E+00	+5.892256E-04	+9.025440E-04	+6.640479E-04	-4.021698E-04	+5.362265E-04	-8.853972E-04	-1.203392E-03	-7.856341E-04	+0.000000E+00	+7.856341E-04	+1.203392E-03	+8.853972E-04	-5.362265E-04	-5.362265E-04	+8.853972E-04	+1.203392E-03	+7.856341E-04	+0.000000E+00	-7.856341E-04	-1.203392E-03	-8.853972E-04	+5.362265E-04	-4.021698E-04	+6.640479E-04	+9.025440E-04	+5.892256E-04	+0.000000E+00	-5.892256E-04	-9.025440E-04	-6.640479E-04	+4.021698E-04	-2.681132E-04	+4.426986E-04	+6.016960E-04	+3.928171E-04	+0.000000E+00	-3.928171E-04	-6.016960E-04	-4.426986E-04	+2.681132E-04	-1.340566E-04	+2.213493E-04	+3.008480E-04	+1.964085E-04	+0.000000E+00	-1.964085E-04	-3.008480E-04	-2.213493E-04	+1.340566E-04	+0.000000E+00	+0.000000E+00	+0.000000E+00	+0.000000E+00	+0.000000E+00	+0.000000E+00	+0.000000E+00	+0.000000E+00	+0.000000E+00	+1.340566E-04	-2.213493E-04	-3.008480E-04	-1.964085E-04	+0.000000E+00	+1.964085E-04	+3.008480E-04	+2.213493E-04	-1.340566E-04	+2.681132E-04	-4.426986E-04	-6.016960E-04	-3.928171E-04	+0.000000E+00	+3.928171E-04	+6.016960E-04	+4.426986E-04	-2.681132E-04	+4.021698E-04	-6.640479E-04	-9.025440E-04	-5.892256E-04	+0.000000E+00	+5.892256E-04	+9.025440E-04	+6.640479E-04	-4.021698E-04	+5.362265E-04	-8.853972E-04	-1.203392E-03	-7.856341E-04	+0.000000E+00	+7.856341E-04	+1.203392E-03	+8.853972E-04	-5.362265E-04	-5.362265E-04	+8.853972E-04	+1.203392E-03	+7.856341E-04	+0.000000E+00	-7.856341E-04	-1.203392E-03	-8.853972E-04	+5.362265E-04	-4.021698E-04	+6.640479E-04	+9.025440E-04	+5.892256E-04	+0.000000E+00	-5.892256E-04	-9.025440E-04	-6.640479E-04	+4.021698E-04	-2.681132E-04	+4.426986E-04	+6.016960E-04	+3.928171E-04	+0.000000E+00	-3.928171E-04	-6.016960E-04	-4.426986E-04	+2.681132E-04	-1.340566E-04	+2.213493E-04	+3.008480E-04	+1.964085E-04	+0.000000E+00	-1.964085E-04	-3.008480E-04	-2.213493E-04	+1.340566E-04	+0.000000E+00	+0.000000E+00	+0.000000E+00	+0.000000E+00	+0.000000E+00	+0.000000E+00	+0.000000E+00	+0.000000E+00	+0.000000E+00	+1.340566E-04	-2.213493E-04	-3.008480E-04	-1.964085E-04	+0.000000E+00	+1.964085E-04	+3.008480E-04	+2.213493E-04	-1.340566E-04	+2.681132E-04	-4.426986E-04	-6.016960E-04	-3.928171E-04	+0.000000E+00	+3.928171E-04	+6.016960E-04	+4.426986E-04	-2.681132E-04	+4.021698E-04	-6.640479E-04	-9.025440E-04	-5.892256E-04	+0.000000E+00	+5.892256E-04	+9.025440E-04	+6.640479E-04	-4.021698E-04	+5.362265E-04	-8.853972E-04	-1.203392E-03	-7.856341E-04	+0.000000E+00	+7.856341E-04	+1.203392E-03	+8.853972E-04	-5.362265E-04	-5.362265E-04	+8.853972E-04	+1.203392E-03	+7.856341E-04	+0.000000E+00	-7.856341E-04	-1.203392E-03	-8.853972E-04	+5.362265E-04	-4.021698E-04	+6.640479E-04	+9.025440E-04	+5.892256E-04	+0.000000E+00	-5.892256E-04	-9.025440E-04	-6.640479E-04	+4.021698E-04	-2.681132E-04	+4.426986E-04	+6.016960E-04	+3.928171E-04	+0.000000E+00	-3.928171E-04	-6.016960E-04	-4.426986E-04	+2.681132E-04	-1.340566E-04	+2.213493E-04	+3.008480E-04	+1.964085E-04	+0.000000E+00	-1.964085E-04	-3.008480E-04	-2.213493E-04	+1.340566E-04	+0.000000E+00	+0.000000E+00	+0.000000E+00	+0.000000E+00	+0.000000E+00
	A	-2.244669E-04	-5.611672E-05	+6.413340E-05	+1.362835E-04	+1.603335E-04	+1.362835E-04	+6.413340E-05	-5.611672E-05	-2.244669E-04	-1.683502E-04	-4.208754E-05	+4.810005E-05	+1.022126E-04	+1.202501E-04	+1.022126E-04	+4.810005E-05	-4.208754E-05	-1.683502E-04	-1.122334E-04	-2.805836E-05	+3.206670E-05	+6.814173E-05	+8.016675E-05	+6.814173E-05	+3.206670E-05	-2.805836E-05	-1.122334E-04	-5.611672E-05	-1.402918E-05	+1.603335E-05	+3.407087E-05	+4.008337E-05	+3.407087E-05	+1.603335E-05	-1.402918E-05	-5.611672E-05	+0.000000E+00	+0.000000E+00	+0.000000E+00	+0.000000E+00	+0.000000E+00	+0.000000E+00	+0.000000E+00	+0.000000E+00	+0.000000E+00	+5.611672E-05	+1.402918E-05	-1.603335E-05	-3.407087E-05	-4.008337E-05	-3.407087E-05	-1.603335E-05	+1.402918E-05	+5.611672E-05	+1.122334E-04	+2.805836E-05	-3.206670E-05	-6.814173E-05	-8.016675E-05	-6.814173E-05	-3.206670E-05	+2.805836E-05	+1.122334E-04	+1.683502E-04	+4.208754E-05	-4.810005E-05	-1.022126E-04	-1.202501E-04	-1.022126E-04	-4.810005E-05	+4.208754E-05	+1.683502E-04	+2.244669E-04	+5.611672E-05	-6.413340E-05	-1.362835E-04	-1.603335E-04	-1.362835E-04	-6.413340E-05	+5.611672E-05	+2.244669E-04	-2.244669E-04	-5.611672E-05	+6.413340E-05	+1.362835E-04	+1.603335E-04	+1.362835E-04	+6.413340E-05	-5.611672E-05	-2.244669E-04	-1.683502E-04	-4.208754E-05	+4.810005E-05	+1.022126E-04	+1.202501E-04	+1.022126E-04	+4.810005E-05	-4.208754E-05	-1.683502E-04	-1.122334E-04	-2.805836E-05	+3.206670E-05	+6.814173E-05	+8.016675E-05	+6.814173E-05	+3.206670E-05	-2.805836E-05	-1.122334E-04	-5.611672E-05	-1.402918E-05	+1.603335E-05	+3.407087E-05	+4.008337E-05	+3.407087E-05	+1.603335E-05	-1.402918E-05	-5.611672E-05	+0.000000E+00	+0.000000E+00	+0.000000E+00	+0.000000E+00	+0.000000E+00	+0.000000E+00	+0.000000E+00	+0.000000E+00	+0.000000E+00	+5.611672E-05	+1.402918E-05	-1.603335E-05	-3.407087E-05	-4.008337E-05	-3.407087E-05	-1.603335E-05	+1.402918E-05	+5.611672E-05	+1.122334E-04	+2.805836E-05	-3.206670E-05	-6.814173E-05	-8.016675E-05	-6.814173E-05	-3.206670E-05	+2.805836E-05	+1.122334E-04	+1.683502E-04	+4.208754E-05	-4.810005E-05	-1.022126E-04	-1.202501E-04	-1.022126E-04	-4.810005E-05	+4.208754E-05	+1.683502E-04	+2.244669E-04	+5.611672E-05	-6.413340E-05	-1.362835E-04	-1.603335E-04	-1.362835E-04	-6.413340E-05	+5.611672E-05	+2.244669E-04	-2.244669E-04	-5.611672E-05	+6.413340E-05	+1.362835E-04	+1.603335E-04	+1.362835E-04	+6.413340E-05	-5.611672E-05	-2.244669E-04	-1.683502E-04	-4.208754E-05	+4.810005E-05	+1.022126E-04	+1.202501E-04	+1.022126E-04	+4.810005E-05	-4.208754E-05	-1.683502E-04	-1.122334E-04	-2.805836E-05	+3.206670E-05	+6.814173E-05	+8.016675E-05	+6.814173E-05	+3.206670E-05	-2.805836E-05	-1.122334E-04	-5.611672E-05	-1.402918E-05	+1.603335E-05	+3.407087E-05	+4.008337E-05	+3.407087E-05	+1.603335E-05	-1.402918E-05	-5.611672E-05	+0.000000E+00	+0.000000E+00	+0.000000E+00	+0.000000E+00	+0.000000E+00	+0.000000E+00	+0.000000E+00	+0.000000E+00	+0.000000E+00	+5.611672E-05	+1.402918E-05	-1.603335E-05	-3.407087E-05	-4.008337E-05	-3.407087E-05	-1.603335E-05	+1.402918E-05	+5.611672E-05	+1.122334E-04	+2.805836E-05	-3.206670E-05	-6.814173E-05	-8.016675E-05	-6.814173E-05	-3.206670E-05	+2.805836E-05	+1.122334E-04	+1.683502E-04	+4.208754E-05	-4.810005E-05	-1.022126E-04	-1.202501E-04	-1.022126E-04	-4.810005E-05	+4.208754E-05	+1.683502E-04	+2.244669E-04	+5.611672E-05	-6.413340E-05	-1.362835E-04	-1.603335E-04	-1.362835E-04	-6.413340E-05	+5.611672E-05	+2.244669E-04	-2.244669E-04	-5.611672E-05	+6.413340E-05	+1.362835E-04	+1.603335E-04	+1.362835E-04	+6.413340E-05	-5.611672E-05	-2.244669E-04	-1.683502E-04	-4.208754E-05	+4.810005E-05	+1.022126E-04	+1.202501E-04	+1.022126E-04	+4.810005E-05	-4.208754E-05	-1.683502E-04	-1.122334E-04	-2.805836E-05	+3.206670E-05	+6.814173E-05	+8.016675E-05	+6.814173E-05	+3.206670E-05	-2.805836E-05	-1.122334E-04	-5.611672E-05	-1.402918E-05	+1.603335E-05	+3.407087E-05	+4.008337E-05	+3.407087E-05	+1.603335E-05	-1.402918E-05	-5.611672E-05	+0.000000E+00	+0.000000E+00	+0.000000E+00	+0.000000E+00	+0.000000E+00	+0.000000E+00	+0.000000E+00	+0.000000E+00	+0.000000E+00	+5.611672E-05	+1.402918E-05	-1.603335E-05	-3.407087E-05	-4.008337E-05	-3.407087E-05	-1.603335E-05	+1.402918E-05	+5.611672E-05	+1.122334E-04	+2.805836E-05	-3.206670E-05	-6.814173E-05	-8.016675E-05	-6.814173E-05	-3.206670E-05	+2.805836E-05	+1.122334E-04	+1.683502E-04	+4.208754E-05	-4.810005E-05	-1.022126E-04	-1.202501E-04	-1.022126E-04	-4.810005E-05	+4.208754E-05	+1.683502E-04	+2.244669E-04	+5.611672E-05	-6.413340E-05	-1.362835E-04	-1.603335E-04	-1.362835E-04	-6.413340E-05	+5.611672E-05	+2.244669E-04	-2.244669E-04	-5.611672E-05	+6.413340E-05	+1.362835E-04	+1.603335E-04	+1.362835E-04	+6.413340E-05	-5.611672E-05	-2.244669E-04	-1.683502E-04	-4.208754E-05	+4.810005E-05	+1.022126E-04	+1.202501E-04	+1.022126E-04	+4.810005E-05	-4.208754E-05	-1.683502E-04	-1.122334E-04	-2.805836E-05	+3.206670E-05	+6.814173E-05	+8.016675E-05	+6.814173E-05	+3.206670E-05	-2.805836E-05	-1.122334E-04	-5.611672E-05	-1.402918E-05	+1.603335E-05	+3.407087E-05	+4.008337E-05	+3.407087E-05	+1.603335E-05	-1.402918E-05	-5.611672E-05	+0.000000E+00	+0.000000E+00	+0.000000E+00	+0.000000E+00	+0.000000E+00
	S	+8.729268E-05	-4.364634E-05	-8.105749E-05	-5.611672E-05	+0.000000E+00	+5.611672E-05	+8.105749E-05	+4.364634E-05	-8.729268E-05	+6.546951E-05	-3.273475E-05	-6.079312E-05	-4.208754E-05	+0.000000E+00	+4.208754E-05	+6.079312E-05	+3.273475E-05	-6.546951E-05	+4.364634E-05	-2.182317E-05	-4.052874E-05	-2.805836E-05	+0.000000E+00	+2.805836E-05	+4.052874E-05	+2.182317E-05	-4.364634E-05	+2.182317E-05	-1.091158E-05	-2.026437E-05	-1.402918E-05	+0.000000E+00	+1.402918E-05	+2.026437E-05	+1.091158E-05	-2.182317E-05	+0.000000E+00	+0.000000E+00	+0.000000E+00	+0.000000E+00	+0.000000E+00	+0.000000E+00	+0.000000E+00	+0.000000E+00	+0.000000E+00	-2.182317E-05	+1.091158E-05	+2.026437E-05	+1.402918E-05	+0.000000E+00	-1.402918E-05	-2.026437E-05	-1.091158E-05	+2.182317E-05	-4.364634E-05	+2.182317E-05	+4.052874E-05	+2.805836E-05	+0.000000E+00	-2.805836E-05	-4.052874E-05	-2.182317E-05	+4.364634E-05	-6.546951E-05	+3.273475E-05	+6.079312E-05	+4.208754E-05	+0.000000E+00	-4.208754E-05	-6.079312E-05	-3.273475E-05	+6.546951E-05	-8.729268E-05	+4.364634E-05	+8.105749E-05	+5.611672E-05	+0.000000E+00	-5.611672E-05	-8.105749E-05	-4.364634E-05	+8.729268E-05	+8.729268E-05	-4.364634E-05	-8.105749E-05	-5.611672E-05	+0.000000E+00	+5.611672E-05	+8.105749E-05	+4.364634E-05	-8.729268E-05	+6.546951E-05	-3.273475E-05	-6.079312E-05	-4.208754E-05	+0.000000E+00	+4.208754E-05	+6.079312E-05	+3.273475E-05	-6.546951E-05	+4.364634E-05	-2.182317E-05	-4.052874E-05	-2.805836E-05	+0.000000E+00	+2.805836E-05	+4.052874E-05	+2.182317E-05	-4.364634E-05	+2.182317E-05	-1.091158E-05	-2.026437E-05	-1.402918E-05	+0.000000E+00	+1.402918E-05	+2.026437E-05	+1.091158E-05	-2.182317E-05	+0.000000E+00	+0.000000E+00	+0.000000E+00	+0.000000E+00	+0.000000E+00	+0.000000E+00	+0.000000E+00	+0.000000E+00	+0.000000E+00	-2.182317E-05	+1.091158E-05	+2.026437E-05	+1.402918E-05	+0.000000E+00	-1.402918E-05	-2.026437E-05	-1.091158E-05	+2.182317E-05	-4.364634E-05	+2.182317E-05	+4.052874E-05	+2.805836E-05	+0.000000E+00	-2.805836E-05	-4.052874E-05	-2.182317E-05	+4.364634E-05	-6.546951E-05	+3.273475E-05	+6.079312E-05	+4.208754E-05	+0.000000E+00	-4.208754E-05	-6.079312E-05	-3.273475E-05	+6.546951E-05	-8.729268E-05	+4.364634E-05	+8.105749E-05	+5.611672E-05	+0.000000E+00	-5.611672E-05	-8.105749E-05	-4.364634E-05	+8.729268E-05	+8.729268E-05	-4.364634E-05	-8.105749E-05	-5.611672E-05	+0.000000E+00	+5.611672E-05	+8.105749E-05	+4.364634E-05	-8.729268E-05	+6.546951E-05	-3.273475E-05	-6.079312E-05	-4.208754E-05	+0.000000E+00	+4.208754E-05	+6.079312E-05	+3.273475E-05	-6.546951E-05	+4.364634E-05	-2.182317E-05	-4.052874E-05	-2.805836E-05	+0.000000E+00	+2.805836E-05	+4.052874E-05	+2.182317E-05	-4.364634E-05	+2.182317E-05	-1.091158E-05	-2.026437E-05	-1.402918E-05	+0.000000E+00	+1.402918E-05	+2.026437E-05	+1.091158E-05	-2.182317E-05	+0.000000E+00	+0.000000E+00	+0.000000E+00	+0.000000E+00	+0.000000E+00	+0.000000E+00	+0.000000E+00	+0.000000E+00	+0.000000E+00	-2.182317E-05	+1.091158E-05	+2.026437E-05	+1.402918E-05	+0.000000E+00	-1.402918E-05	-2.026437E-05	-1.091158E-05	+2.182317E-05	-4.364634E-05	+2.182317E-05	+4.052874E-05	+2.805836E-05	+0.000000E+00	-2.805836E-05	-4.052874E-05	-2.182317E-05	+4.364634E-05	-6.546951E-05	+3.273475E-05	+6.079312E-05	+4.208754E-05	+0.000000E+00	-4.208754E-05	-6.079312E-05	-3.273475E-05	+6.546951E-05	-8.729268E-05	+4.364634E-05	+8.105749E-05	+5.611672E-05	+0.000000E+00	-5.611672E-05	-8.105749E-05	-4.364634E-05	+8.729268E-05	+8.729268E-05	-4.364634E-05	-8.105749E-05	-5.611672E-05	+0.000000E+00	+5.611672E-05	+8.105749E-05	+4.364634E-05	-8.729268E-05	+6.546951E-05	-3.273475E-05	-6.079312E-05	-4.208754E-05	+0.000000E+00	+4.208754E-05	+6.079312E-05	+3.273475E-05	-6.546951E-05	+4.364634E-05	-2.182317E-05	-4.052874E-05	-2.805836E-05	+0.000000E+00	+2.805836E-05	+4.052874E-05	+2.182317E-05	-4.364634E-05	+2.182317E-05	-1.091158E-05	-2.026437E-05	-1.402918E-05	+0.000000E+00	+1.402918E-05	+2.026437E-05	+1.091158E-05	-2.182317E-05	+0.000000E+00	+0.000000E+00	+0.000000E+00	+0.000000E+00	+0.000000E+00	+0.000000E+00	+0.000000E+00	+0.000000E+00	+0.000000E+00	-2.182317E-05	+1.091158E-05	+2.026437E-05	+1.402918E-05	+0.000000E+00	-1.402918E-05	-2.026437E-05	-1.091158E-05	+2.182317E-05	-4.364634E-05	+2.182317E-05	+4.052874E-05	+2.805836E-05	+0.000000E+00	-2.805836E-05	-4.052874E-05	-2.182317E-05	+4.364634E-05	-6.546951E-05	+3.273475E-05	+6.079312E-05	+4.208754E-05	+0.000000E+00	-4.208754E-05	-6.079312E-05	-3.273475E-05	+6.546951E-05	-8.729268E-05	+4.364634E-05	+8.105749E-05	+5.611672E-05	+0.000000E+00	-5.611672E-05	-8.105749E-05	-4.364634E-05	+8.729268E-05	+8.729268E-05	-4.364634E-05	-8.105749E-05	-5.611672E-05	+0.000000E+00	+5.611672E-05	+8.105749E-05	+4.364634E-05	-8.729268E-05	+6.546951E-05	-3.273475E-05	-6.079312E-05	-4.208754E-05	+0.000000E+00	+4.208754E-05	+6.079312E-05	+3.273475E-05	-6.546951E-05	+4.364634E-05	-2.182317E-05	-4.052874E-05	-2.805836E-05	+0.000000E+00	+2.805836E-05	+4.052874E-05	+2.182317E-05	-4.364634E-05	+2.182317E-05	-1.091158E-05	-2.026437E-05	-1.402918E-05	+0.000000E+00	+1.402918E-05	+2.026437E-05	+1.091158E-05	-2.182317E-05	+0.000000E+00	+0.000000E+00	+0.000000E+00	+0.000000E+00	+0.000000E+00
	A	+6.734007E-04	-4.489338E-04	-1.250601E-03	-1.731602E-03	-1.891935E-03	-1.731602E-03	-1.250601E-03	-4.489338E-04	+6.734007E-04	+6.734007E-04	-4.489338E-04	-1.250601E-03	-1.731602E-03	-1.891935E-03	-1.731602E-03	-1.250601E-03	-4.489338E-04	+6.734007E-04	+6.734007E-04	-4.489338E-04	-1.250601E-03	-1.731602E-03	-1.891935E-03	-1.731602E-03	-1.250601E-03	-4.489338E-04	+6.734007E-04	+6.734007E-04	-4.489338E-04	-1.250601E-03	-1.731602E-03	-1.891935E-03	-1.731602E-03	-1.250601E-03	-4.489338E-04	+6.734007E-04	+6.734007E-04	-4.489338E-04	-1.250601E-03	-1.731602E-03	-1.891935E-03	-1.731602E-03	-1.250601E-03	-4.489338E-04	+6.734007E-04	+6.734007E-04	-4.489338E-04	-1.250601E-03	-1.731602E-03	-1.891935E-03	-1.731602E-03	-1.250601E-03	-4.489338E-04	+6.734007E-04	+6.734007E-04	-4.489338E-04	-1.250601E-03	-1.731602E-03	-1.891935E-03	-1.731602E-03	-1.250601E-03	-4.489338E-04	+6.734007E-04	+6.734007E-04	-4.489338E-04	-1.250601E-03	-1.731602E-03	-1.891935E-03	-1.731602E-03	-1.250601E-03	-4.489338E-04	+6.734007E-04	+6.734007E-04	-4.489338E-04	-1.250601E-03	-1.731602E-03	-1.891935E-03	-1.731602E-03	-1.250601E-03	-4.489338E-04	+6.734007E-04	+5.050505E-04	-3.367003E-04	-9.379509E-04	-1.298701E-03	-1.418951E-03	-1.298701E-03	-9.379509E-04	-3.367003E-04	+5.050505E-04	+5.050505E-04	-3.367003E-04	-9.379509E-04	-1.298701E-03	-1.418951E-03	-1.298701E-03	-9.379509E-04	-3.367003E-04	+5.050505E-04	+5.050505E-04	-3.367003E-04	-9.379509E-04	-1.298701E-03	-1.418951E-03	-1.298701E-03	-9.379509E-04	-3.367003E-04	+5.050505E-04	+5.050505E-04	-3.367003E-04	-9.379509E-04	-1.298701E-03	-1.418951E-03	-1.298701E-03	-9.379509E-04	-3.367003E-04	+5.050505E-04	+5.050505E-04	-3.367003E-04	-9.379509E-04	-1.298701E-03	-1.418951E-03	-1.298701E-03	-9.379509E-04	-3.367003E-04	+5.050505E-04	+5.050505E-04	-3.367003E-04	-9.379509E-04	-1.298701E-03	-1.418951E-03	-1.298701E-03	-9.379509E-04	-3.367003E-04	+5.050505E-04	+5.050505E-04	-3.367003E-04	-9.379509E-04	-1.298701E-03	-1.418951E-03	-1.298701E-03	-9.379509E-04	-3.367003E-04	+5.050505E-04	+5.050505E-04	-3.367003E-04	-9.379509E-04	-1.298701E-03	-1.418951E-03	-1.298701E-03	-9.379509E-04	-3.367003E-04	+5.050505E-04	+5.050505E-04	-3.367003E-04	-9.379509E-04	-1.298701E-03	-1.418951E-03	-1.298701E-03	-9.379509E-04	-3.367003E-04	+5.050505E-04	+3.367003E-04	-2.244669E-04	-6.253006E-04	-8.658009E-04	-9.459676E-04	-8.658009E-04	-6.253006E-04	-2.244669E-04	+3.367003E-04	+3.367003E-04	-2.244669E-04	-6.253006E-04	-8.658009E-04	-9.459676E-04	-8.658009E-04	-6.253006E-04	-2.244669E-04	+3.367003E-04	+3.367003E-04	-2.244669E-04	-6.253006E-04	-8.658009E-04	-9.459676E-04	-8.658009E-04	-6.253006E-04	-2.244669E-04	+3.367003E-04	+3.367003E-04	-2.244669E-04	-6.253006E-04	-8.658009E-04	-9.459676E-04	-8.658009E-04	-6.253006E-04	-2.244669E-04	+3.367003E-04	+3.367003E-04	-2.244669E-04	-6.253006E-04	-8.658009E-04	-9.459676E-04	-8.658009E-04	-6.253006E-04	-2.244669E-04	+3.367003E-04	+3.367003E-04	-2.244669E-04	-6.253006E-04	-8.658009E-04	-9.459676E-04	-8.658009E-04	-6.253006E-04	-2.244669E-04	+3.367003E-04	+3.367003E-04	-2.244669E-04	-6.253006E-04	-8.658009E-04	-9.459676E-04	-8.658009E-04	-6.253006E-04	-2.244669E-04	+3.367003E-04	+3.367003E-04	-2.244669E-04	-6.253006E-04	-8.658009E-04	-9.459676E-04	-8.658009E-04	-6.253006E-04	-2.244669E-04	+3.367003E-04	+3.367003E-04	-2.244669E-04	-6.253006E-04	-8.658009E-04	-9.459676E-04	-8.658009E-04	-6.253006E-04	-2.244669E-04	+3.367003E-04	+1.683502E-04	-1.122334E-04	-3.126503E-04	-4.329004E-04	-4.729838E-04	-4.329004E-04	-3.126503E-04	-1.122334E-04	+1.683502E-04	+1.683502E-04	-1.122334E-04	-3.126503E-04	-4.329004E-04	-4.729838E-04	-4.329004E-04	-3.126503E-04	-1.122334E-04	+1.683502E-04	+1.683502E-04	-1.122334E-04	-3.126503E-04	-4.329004E-04	-4.729838E-04	-4.329004E-04	-3.126503E-04	-1.122334E-04	+1.683502E-04	+1.683502E-04	-1.122334E-04	-3.126503E-04	-4.329004E-04	-4.729838E-04	-4.329004E-04	-3.126503E-04	-1.122334E-04	+1.683502E-04	+1.683502E-04	-1.122334E-04	-3.126503E-04	-4.329004E-04	-4.729838E-04	-4.329004E-04	-3.126503E-04	-1.122334E-04	+1.683502E-04	+1.683502E-04	-1.122334E-04	-3.126503E-04	-4.329004E-04	-4.729838E-04	-4.329004E-04	-3.126503E-04	-1.122334E-04	+1.683502E-04	+1.683502E-04	-1.122334E-04	-3.126503E-04	-4.329004E-04	-4.729838E-04	-4.329004E-04	-3.126503E-04	-1.122334E-04	+1.683502E-04	+1.683502E-04	-1.122334E-04	-3.126503E-04	-4.329004E-04	-4.729838E-04	-4.329004E-04	-3.126503E-04	-1.122334E-04	+1.683502E-04	+1.683502E-04	-1.122334E-04	-3.126503E-04	-4.329004E-04	-4.729838E-04	-4.329004E-04	-3.126503E-04	-1.122334E-04	+1.683502E-04	+0.000000E+00	+0.000000E+00	+0.000000E+00	+0.000000E+00	+0.000000E+00	+0.000000E+00	+0.000000E+00	+0.000000E+00	+0.000000E+00	+0.000000E+00	+0.000000E+00	+0.000000E+00	+0.000000E+00	+0.000000E+00	+0.000000E+00	+0.000000E+00	+0.000000E+00	+0.000000E+00	+0.000000E+00	+0.000000E+00	+0.000000E+00	+0.000000E+00	+0.000000E+00	+0.000000E+00	+0.000000E+00	+0.000000E+00	+0.000000E+00	+0.000000E+00	+0.000000E+00	+0.000000E+00	+0.000000E+00	+0.000000E+00	+0.000000E+00	+0.000000E+00	+0.000000E+00	+0.000000E+00	+0.000000E+00	+0.000000E+00	+0.000000E+00	+0.000000E+00	+0.000000E+00
	S	-5.362265E-04	+8.853972E-04	+1.203392E-03	+7.856341E-04	+0.000000E+00	-7.856341E-04	-1.203392E-03	-8.853972E-04	+5.362265E-04	-5.362265E-04	+8.853972E-04	+1.203392E-03	+7.856341E-04	+0.000000E+00	-7.856341E-04	-1.203392E-03	-8.853972E-04	+5.362265E-04	-5.362265E-04	+8.853972E-04	+1.203392E-03	+7.856341E-04	+0.000000E+00	-7.856341E-04	-1.203392E-03	-8.853972E-04	+5.362265E-04	-5.362265E-04	+8.853972E-04	+1.203392E-03	+7.856341E-04	+0.000000E+00	-7.856341E-04	-1.203392E-03	-8.853972E-04	+5.362265E-04	-5.362265E-04	+8.853972E-04	+1.203392E-03	+7.856341E-04	+0.000000E+00	-7.856341E-04	-1.203392E-03	-8.853972E-04	+5.362265E-04	-5.362265E-04	+8.853972E-04	+1.203392E-03	+7.856341E-04	+0.000000E+00	-7.856341E-04	-1.203392E-03	-8.853972E-04	+5.362265E-04	-5.362265E-04	+8.853972E-04	+1.203392E-03	+7.856341E-04	+0.000000E+00	-7.856341E-04	-1.203392E-03	-8.853972E-04	+5.362265E-04	-5.362265E-04	+8.853972E-04	+1.203392E-03	+7.856341E-04	+0.000000E+00	-7.856341E-04	-1.203392E-03	-8.853972E-04	+5.362265E-04	-5.362265E-04	+8.853972E-04	+1.203392E-03	+7.856341E-04	+0.000000E+00	-7.856341E-04	-1.203392E-03	-8.853972E-04	+5.362265E-04	-4.021698E-04	+6.640479E-04	+9.025440E-04	+5.892256E-04	+0.000000E+00	-5.892256E-04	-9.025440E-04	-6.640479E-04	+4.021698E-04	-4.021698E-04	+6.640479E-04	+9.025440E-04	+5.892256E-04	+0.000000E+00	-5.892256E-04	-9.025440E-04	-6.640479E-04	+4.021698E-04	-4.021698E-04	+6.640479E-04	+9.025440E-04	+5.892256E-04	+0.000000E+00	-5.892256E-04	-9.025440E-04	-6.640479E-04	+4.021698E-04	-4.021698E-04	+6.640479E-04	+9.025440E-04	+5.892256E-04	+0.000000E+00	-5.892256E-04	-9.025440E-04	-6.640479E-04	+4.021698E-04	-4.021698E-04	+6.640479E-04	+9.025440E-04	+5.892256E-04	+0.000000E+00	-5.892256E-04	-9.025440E-04	-6.640479E-04	+4.021698E-04	-4.021698E-04	+6.640479E-04	+9.025440E-04	+5.892256E-04	+0.000000E+00	-5.892256E-04	-9.025440E-04	-6.640479E-04	+4.021698E-04	-4.021698E-04	+6.640479E-04	+9.025440E-04	+5.892256E-04	+0.000000E+00	-5.892256E-04	-9.025440E-04	-6.640479E-04	+4.021698E-04	-4.021698E-04	+6.640479E-04	+9.025440E-04	+5.892256E-04	+0.000000E+00	-5.892256E-04	-9.025440E-04	-6.640479E-04	+4.021698E-04	-4.021698E-04	+6.640479E-04	+9.025440E-04	+5.892256E-04	+0.000000E+00	-5.892256E-04	-9.025440E-04	-6.640479E-04	+4.021698E-04	-2.681132E-04	+4.426986E-04	+6.016960E-04	+3.928171E-04	+0.000000E+00	-3.928171E-04	-6.016960E-04	-4.426986E-04	+2.681132E-04	-2.681132E-04	+4.426986E-04	+6.016960E-04	+3.928171E-04	+0.000000E+00	-3.928171E-04	-6.016960E-04	-4.426986E-04	+2.681132E-04	-2.681132E-04	+4.426986E-04	+6.016960E-04	+3.928171E-04	+0.000000E+00	-3.928171E-04	-6.016960E-04	-4.426986E-04	+2.681132E-04	-2.681132E-04	+4.426986E-04	+6.016960E-04	+3.928171E-04	+0.000000E+00	-3.928171E-04	-6.016960E-04	-4.426986E-04	+2.681132E-04	-2.681132E-04	+4.426986E-04	+6.016960E-04	+3.928171E-04	+0.000000E+00	-3.928171E-04	-6.016960E-04	-4.426986E-04	+2.681132E-04	-2.681132E-04	+4.426986E-04	+6.016960E-04	+3.928171E-04	+0.000000E+00	-3.928171E-04	-6.016960E-04	-4.426986E-04	+2.681132E-04	-2.681132E-04	+4.426986E-04	+6.016960E-04	+3.928171E-04	+0.000000E+00	-3.928171E-04	-6.016960E-04	-4.426986E-04	+2.681132E-04	-2.681132E-04	+4.426986E-04	+6.016960E-04	+3.928171E-04	+0.000000E+00	-3.928171E-04	-6.016960E-04	-4.426986E-04	+2.681132E-04	-2.681132E-04	+4.426986E-04	+6.016960E-04	+3.928171E-04	+0.000000E+00	-3.928171E-04	-6.016960E-04	-4.426986E-04	+2.681132E-04	-1.340566E-04	+2.213493E-04	+3.008480E-04	+1.964085E-04	+0.000000E+00	-1.964085E-04	-3.008480E-04	-2.213493E-04	+1.340566E-04	-1.340566E-04	+2.213493E-04	+3.008480E-04	+1.964085E-04	+0.000000E+00	-1.964085E-04	-3.008480E-04	-2.213493E-04	+1.340566E-04	-1.340566E-04	+2.213493E-04	+3.008480E-04	+1.964085E-04	+0.000000E+00	-1.964085E-04	-3.008480E-04	-2.213493E-04	+1.340566E-04	-1.340566E-04	+2.213493E-04	+3.008480E-04	+1.964085E-04	+0.000000E+00	-1.964085E-04	-3.008480E-04	-2.213493E-04	+1.340566E-04	-1.340566E-04	+2.213493E-04	+3.008480E-04	+1.964085E-04	+0.000000E+00	-1.964085E-04	-3.008480E-04	-2.213493E-04	+1.340566E-04	-1.340566E-04	+2.213493E-04	+3.008480E-04	+1.964085E-04	+0.000000E+00	-1.964085E-04	-3.008480E-04	-2.213493E-04	+1.340566E-04	-1.340566E-04	+2.213493E-04	+3.008480E-04	+1.964085E-04	+0.000000E+00	-1.964085E-04	-3.008480E-04	-2.213493E-04	+1.340566E-04	-1.340566E-04	+2.213493E-04	+3.008480E-04	+1.964085E-04	+0.000000E+00	-1.964085E-04	-3.008480E-04	-2.213493E-04	+1.340566E-04	-1.340566E-04	+2.213493E-04	+3.008480E-04	+1.964085E-04	+0.000000E+00	-1.964085E-04	-3.008480E-04	-2.213493E-04	+1.340566E-04	+0.000000E+00	+0.000000E+00	+0.000000E+00	+0.000000E+00	+0.000000E+00	+0.000000E+00	+0.000000E+00	+0.000000E+00	+0.000000E+00	+0.000000E+00	+0.000000E+00	+0.000000E+00	+0.000000E+00	+0.000000E+00	+0.000000E+00	+0.000000E+00	+0.000000E+00	+0.000000E+00	+0.000000E+00	+0.000000E+00	+0.000000E+00	+0.000000E+00	+0.000000E+00	+0.000000E+00	+0.000000E+00	+0.000000E+00	+0.000000E+00	+0.000000E+00	+0.000000E+00	+0.000000E+00	+0.000000E+00	+0.000000E+00	+0.000000E+00	+0.000000E+00	+0.000000E+00	+0.000000E+00	+0.000000E+00	+0.000000E+00	+0.000000E+00	+0.000000E+00	+0.000000E+00
	A	-2.244669E-04	-5.611672E-05	+6.413340E-05	+1.362835E-04	+1.603335E-04	+1.362835E-04	+6.413340E-05	-5.611672E-05	-2.244669E-04	-2.244669E-04	-5.611672E-05	+6.413340E-05	+1.362835E-04	+1.603335E-04	+1.362835E-04	+6.413340E-05	-5.611672E-05	-2.244669E-04	-2.244669E-04	-5.611672E-05	+6.413340E-05	+1.362835E-04	+1.603335E-04	+1.362835E-04	+6.413340E-05	-5.611672E-05	-2.244669E-04	-2.244669E-04	-5.611672E-05	+6.413340E-05	+1.362835E-04	+1.603335E-04	+1.362835E-04	+6.413340E-05	-5.611672E-05	-2.244669E-04	-2.244669E-04	-5.611672E-05	+6.413340E-05	+1.362835E-04	+1.603335E-04	+1.362835E-04	+6.413340E-05	-5.611672E-05	-2.244669E-04	-2.244669E-04	-5.611672E-05	+6.413340E-05	+1.362835E-04	+1.603335E-04	+1.362835E-04	+6.413340E-05	-5.611672E-05	-2.244669E-04	-2.244669E-04	-5.611672E-05	+6.413340E-05	+1.362835E-04	+1.603335E-04	+1.362835E-04	+6.413340E-05	-5.611672E-05	-2.244669E-04	-2.244669E-04	-5.611672E-05	+6.413340E-05	+1.362835E-04	+1.603335E-04	+1.362835E-04	+6.413340E-05	-5.611672E-05	-2.244669E-04	-2.244669E-04	-5.611672E-05	+6.413340E-05	+1.362835E-04	+1.603335E-04	+1.362835E-04	+6.413340E-05	-5.611672E-05	-2.244669E-04	-1.683502E-04	-4.208754E-05	+4.810005E-05	+1.022126E-04	+1.202501E-04	+1.022126E-04	+4.810005E-05	-4.208754E-05	-1.683502E-04	-1.683502E-04	-4.208754E-05	+4.810005E-05	+1.022126E-04	+1.202501E-04	+1.022126E-04	+4.810005E-05	-4.208754E-05	-1.683502E-04	-1.683502E-04	-4.208754E-05	+4.810005E-05	+1.022126E-04	+1.202501E-04	+1.022126E-04	+4.810005E-05	-4.208754E-05	-1.683502E-04	-1.683502E-04	-4.208754E-05	+4.810005E-05	+1.022126E-04	+1.202501E-04	+1.022126E-04	+4.810005E-05	-4.208754E-05	-1.683502E-04	-1.683502E-04	-4.208754E-05	+4.810005E-05	+1.022126E-04	+1.202501E-04	+1.022126E-04	+4.810005E-05	-4.208754E-05	-1.683502E-04	-1.683502E-04	-4.208754E-05	+4.810005E-05	+1.022126E-04	+1.202501E-04	+1.022126E-04	+4.810005E-05	-4.208754E-05	-1.683502E-04	-1.683502E-04	-4.208754E-05	+4.810005E-05	+1.022126E-04	+1.202501E-04	+1.022126E-04	+4.810005E-05	-4.208754E-05	-1.683502E-04	-1.683502E-04	-4.208754E-05	+4.810005E-05	+1.022126E-04	+1.202501E-04	+1.022126E-04	+4.810005E-05	-4.208754E-05	-1.683502E-04	-1.683502E-04	-4.208754E-05	+4.810005E-05	+1.022126E-04	+1.202501E-04	+1.022126E-04	+4.810005E-05	-4.208754E-05	-1.683502E-04	-1.122334E-04	-2.805836E-05	+3.206670E-05	+6.814173E-05	+8.016675E-05	+6.814173E-05	+3.206670E-05	-2.805836E-05	-1.122334E-04	-1.122334E-04	-2.805836E-05	+3.206670E-05	+6.814173E-05	+8.016675E-05	+6.814173E-05	+3.206670E-05	-2.805836E-05	-1.122334E-04	-1.122334E-04	-2.805836E-05	+3.206670E-05	+6.814173E-05	+8.016675E-05	+6.814173E-05	+3.206670E-05	-2.805836E-05	-1.122334E-04	-1.122334E-04	-2.805836E-05	+3.206670E-05	+6.814173E-05	+8.016675E-05	+6.814173E-05	+3.206670E-05	-2.805836E-05	-1.122334E-04	-1.122334E-04	-2.805836E-05	+3.206670E-05	+6.814173E-05	+8.016675E-05	+6.814173E-05	+3.206670E-05	-2.805836E-05	-1.122334E-04	-1.122334E-04	-2.805836E-05	+3.206670E-05	+6.814173E-05	+8.016675E-05	+6.814173E-05	+3.206670E-05	-2.805836E-05	-1.122334E-04	-1.122334E-04	-2.805836E-05	+3.206670E-05	+6.814173E-05	+8.016675E-05	+6.814173E-05	+3.206670E-05	-2.805836E-05	-1.122334E-04	-1.122334E-04	-2.805836E-05	+3.206670E-05	+6.814173E-05	+8.016675E-05	+6.814173E-05	+3.206670E-05	-2.805836E-05	-1.122334E-04	-1.122334E-04	-2.805836E-05	+3.206670E-05	+6.814173E-05	+8.016675E-05	+6.814173E-05	+3.206670E-05	-2.805836E-05	-1.122334E-04	-5.611672E-05	-1.402918E-05	+1.603335E-05	+3.407087E-05	+4.008337E-05	+3.407087E-05	+1.603335E-05	-1.402918E-05	-5.611672E-05	-5.611672E-05	-1.402918E-05	+1.603335E-05	+3.407087E-05	+4.008337E-05	+3.407087E-05	+1.603335E-05	-1.402918E-05	-5.611672E-05	-5.611672E-05	-1.402918E-05	+1.603335E-05	+3.407087E-05	+4.008337E-05	+3.407087E-05	+1.603335E-05	-1.402918E-05	-5.611672E-05	-5.611672E-05	-1.402918E-05	+1.603335E-05	+3.407087E-05	+4.008337E-05	+3.407087E-05	+1.603335E-05	-1.402918E-05	-5.611672E-05	-5.611672E-05	-1.402918E-05	+1.603335E-05	+3.407087E-05	+4.008337E-05	+3.407087E-05	+1.603335E-05	-1.402918E-05	-5.611672E-05	-5.611672E-05	-1.402918E-05	+1.603335E-05	+3.407087E-05	+4.008337E-05	+3.407087E-05	+1.603335E-05	-1.402918E-05	-5.611672E-05	-5.611672E-05	-1.402918E-05	+1.603335E-05	+3.407087E-05	+4.008337E-05	+3.407087E-05	+1.603335E-05	-1.402918E-05	-5.611672E-05	-5.611672E-05	-1.402918E-05	+1.603335E-05	+3.407087E-05	+4.008337E-05	+3.407087E-05	+1.603335E-05	-1.402918E-05	-5.611672E-05	-5.611672E-05	-1.402918E-05	+1.603335E-05	+3.407087E-05	+4.008337E-05	+3.407087E-05	+1.603335E-05	-1.402918E-05	-5.611672E-05	+0.000000E+00	+0.000000E+00	+0.000000E+00	+0.000000E+00	+0.000000E+00	+0.000000E+00	+0.000000E+00	+0.000000E+00	+0.000000E+00	+0.000000E+00	+0.000000E+00	+0.000000E+00	+0.000000E+00	+0.000000E+00	+0.000000E+00	+0.000000E+00	+0.000000E+00	+0.000000E+00	+0.000000E+00	+0.000000E+00	+0.000000E+00	+0.000000E+00	+0.000000E+00	+0.000000E+00	+0.000000E+00	+0.000000E+00	+0.000000E+00	+0.000000E+00	+0.000000E+00	+0.000000E+00	+0.000000E+00	+0.000000E+00	+0.000000E+00	+0.000000E+00	+0.000000E+00	+0.000000E+00	+0.000000E+00	+0.000000E+00	+0.000000E+00	+0.000000E+00	+0.000000E+00
	S	+8.729268E-05	-4.364634E-05	-8.105749E-05	-5.611672E-05	+0.000000E+00	+5.611672E-05	+8.105749E-05	+4.364634E-05	-8.729268E-05	+8.729268E-05	-4.364634E-05	-8.105749E-05	-5.611672E-05	+0.000000E+00	+5.611672E-05	+8.105749E-05	+4.364634E-05	-8.729268E-05	+8.729268E-05	-4.364634E-05	-8.105749E-05	-5.611672E-05	+0.000000E+00	+5.611672E-05	+8.105749E-05	+4.364634E-05	-8.729268E-05	+8.729268E-05	-4.364634E-05	-8.105749E-05	-5.611672E-05	+0.000000E+00	+5.611672E-05	+8.105749E-05	+4.364634E-05	-8.729268E-05	+8.729268E-05	-4.364634E-05	-8.105749E-05	-5.611672E-05	+0.000000E+00	+5.611672E-05	+8.105749E-05	+4.364634E-05	-8.729268E-05	+8.729268E-05	-4.364634E-05	-8.105749E-05	-5.611672E-05	+0.000000E+00	+5.611672E-05	+8.105749E-05	+4.364634E-05	-8.729268E-05	+8.729268E-05	-4.364634E-05	-8.105749E-05	-5.611672E-05	+0.000000E+00	+5.611672E-05	+8.105749E-05	+4.364634E-05	-8.729268E-05	+8.729268E-05	-4.364634E-05	-8.105749E-05	-5.611672E-05	+0.000000E+00	+5.611672E-05	+8.105749E-05	+4.364634E-05	-8.729268E-05	+8.729268E-05	-4.364634E-05	-8.105749E-05	-5.611672E-05	+0.000000E+00	+5.611672E-05	+8.105749E-05	+4.364634E-05	-8.729268E-05	+6.546951E-05	-3.273475E-05	-6.079312E-05	-4.208754E-05	+0.000000E+00	+4.208754E-05	+6.079312E-05	+3.273475E-05	-6.546951E-05	+6.546951E-05	-3.273475E-05	-6.079312E-05	-4.208754E-05	+0.000000E+00	+4.208754E-05	+6.079312E-05	+3.273475E-05	-6.546951E-05	+6.546951E-05	-3.273475E-05	-6.079312E-05	-4.208754E-05	+0.000000E+00	+4.208754E-05	+6.079312E-05	+3.273475E-05	-6.546951E-05	+6.546951E-05	-3.273475E-05	-6.079312E-05	-4.208754E-05	+0.000000E+00	+4.208754E-05	+6.079312E-05	+3.273475E-05	-6.546951E-05	+6.546951E-05	-3.273475E-05	-6.079312E-05	-4.208754E-05	+0.000000E+00	+4.208754E-05	+6.079312E-05	+3.273475E-05	-6.546951E-05	+6.546951E-05	-3.273475E-05	-6.079312E-05	-4.208754E-05	+0.000000E+00	+4.208754E-05	+6.079312E-05	+3.273475E-05	-6.546951E-05	+6.546951E-05	-3.273475E-05	-6.079312E-05	-4.208754E-05	+0.000000E+00	+4.208754E-05	+6.079312E-05	+3.273475E-05	-6.546951E-05	+6.546951E-05	-3.273475E-05	-6.079312E-05	-4.208754E-05	+0.000000E+00	+4.208754E-05	+6.079312E-05	+3.273475E-05	-6.546951E-05	+6.546951E-05	-3.273475E-05	-6.079312E-05	-4.208754E-05	+0.000000E+00	+4.208754E-05	+6.079312E-05	+3.273475E-05	-6.546951E-05	+4.364634E-05	-2.182317E-05	-4.052874E-05	-2.805836E-05	+0.000000E+00	+2.805836E-05	+4.052874E-05	+2.182317E-05	-4.364634E-05	+4.364634E-05	-2.182317E-05	-4.052874E-05	-2.805836E-05	+0.000000E+00	+2.805836E-05	+4.052874E-05	+2.182317E-05	-4.364634E-05	+4.364634E-05	-2.182317E-05	-4.052874E-05	-2.805836E-05	+0.000000E+00	+2.805836E-05	+4.052874E-05	+2.182317E-05	-4.364634E-05	+4.364634E-05	-2.182317E-05	-4.052874E-05	-2.805836E-05	+0.000000E+00	+2.805836E-05	+4.052874E-05	+2.182317E-05	-4.364634E-05	+4.364634E-05	-2.182317E-05	-4.052874E-05	-2.805836E-05	+0.000000E+00	+2.805836E-05	+4.052874E-05	+2.182317E-05	-4.364634E-05	+4.364634E-05	-2.182317E-05	-4.052874E-05	-2.805836E-05	+0.000000E+00	+2.805836E-05	+4.052874E-05	+2.182317E-05	-4.364634E-05	+4.364634E-05	-2.182317E-05	-4.052874E-05	-2.805836E-05	+0.000000E+00	+2.805836E-05	+4.052874E-05	+2.182317E-05	-4.364634E-05	+4.364634E-05	-2.182317E-05	-4.052874E-05	-2.805836E-05	+0.000000E+00	+2.805836E-05	+4.052874E-05	+2.182317E-05	-4.364634E-05	+4.364634E-05	-2.182317E-05	-4.052874E-05	-2.805836E-05	+0.000000E+00	+2.805836E-05	+4.052874E-05	+2.182317E-05	-4.364634E-05	+2.182317E-05	-1.091158E-05	-2.026437E-05	-1.402918E-05	+0.000000E+00	+1.402918E-05	+2.026437E-05	+1.091158E-05	-2.182317E-05	+2.182317E-05	-1.091158E-05	-2.026437E-05	-1.402918E-05	+0.000000E+00	+1.402918E-05	+2.026437E-05	+1.091158E-05	-2.182317E-05	+2.182317E-05	-1.091158E-05	-2.026437E-05	-1.402918E-05	+0.000000E+00	+1.402918E-05	+2.026437E-05	+1.091158E-05	-2.182317E-05	+2.182317E-05	-1.091158E-05	-2.026437E-05	-1.402918E-05	+0.000000E+00	+1.402918E-05	+2.026437E-05	+1.091158E-05	-2.182317E-05	+2.182317E-05	-1.091158E-05	-2.026437E-05	-1.402918E-05	+0.000000E+00	+1.402918E-05	+2.026437E-05	+1.091158E-05	-2.182317E-05	+2.182317E-05	-1.091158E-05	-2.026437E-05	-1.402918E-05	+0.000000E+00	+1.402918E-05	+2.026437E-05	+1.091158E-05	-2.182317E-05	+2.182317E-05	-1.091158E-05	-2.026437E-05	-1.402918E-05	+0.000000E+00	+1.402918E-05	+2.026437E-05	+1.091158E-05	-2.182317E-05	+2.182317E-05	-1.091158E-05	-2.026437E-05	-1.402918E-05	+0.000000E+00	+1.402918E-05	+2.026437E-05	+1.091158E-05	-2.182317E-05	+2.182317E-05	-1.091158E-05	-2.026437E-05	-1.402918E-05	+0.000000E+00	+1.402918E-05	+2.026437E-05	+1.091158E-05	-2.182317E-05	+0.000000E+00	+0.000000E+00	+0.000000E+00	+0.000000E+00	+0.000000E+00	+0.000000E+00	+0.000000E+00	+0.000000E+00	+0.000000E+00	+0.000000E+00	+0.000000E+00	+0.000000E+00	+0.000000E+00	+0.000000E+00	+0.000000E+00	+0.000000E+00	+0.000000E+00	+0.000000E+00	+0.000000E+00	+0.000000E+00	+0.000000E+00	+0.000000E+00	+0.000000E+00	+0.000000E+00	+0.000000E+00	+0.000000E+00	+0.000000E+00	+0.000000E+00	+0.000000E+00	+0.000000E+00	+0.000000E+00	+0.000000E+00	+0.000000E+00	+0.000000E+00	+0.000000E+00	+0.000000E+00	+0.000000E+00	+0.000000E+00	+0.000000E+00	+0.000000E+00	+0.000000E+00
	S	-4.040404E-04	+2.693603E-04	+7.503608E-04	+1.038961E-03	+1.135161E-03	+1.038961E-03	+7.503608E-04	+2.693603E-04	-4.040404E-04	-3.030303E-04	+2.020202E-04	+5.627706E-04	+7.792208E-04	+8.513709E-04	+7.792208E-04	+5.627706E-04	+2.020202E-04	-3.030303E-04	-2.020202E-04	+1.346801E-04	+3.751804E-04	+5.194805E-04	+5.675806E-04	+5.194805E-04	+3.751804E-04	+1.346801E-04	-2.020202E-04	-1.010101E-04	+6.734007E-05	+1.875902E-04	+2.597403E-04	+2.837903E-04	+2.597403E-04	+1.875902E-04	+6.734007E-05	-1.010101E-04	+0.000000E+00	+0.000000E+00	+0.000000E+00	+0.000000E+00	+0.000000E+00	+0.000000E+00	+0.000000E+00	+0.000000E+00	+0.000000E+00	+1.010101E-04	-6.734007E-05	-1.875902E-04	-2.597403E-04	-2.837903E-04	-2.597403E-04	-1.875902E-04	-6.734007E-05	+1.010101E-04	+2.020202E-04	-1.346801E-04	-3.751804E-04	-5.194805E-04	-5.675806E-04	-5.194805E-04	-3.751804E-04	-1.346801E-04	+2.020202E-04	+3.030303E-04	-2.020202E-04	-5.627706E-04	-7.792208E-04	-8.513709E-04	-7.792208E-04	-5.627706E-04	-2.020202E-04	+3.030303E-04	+4.040404E-04	-2.693603E-04	-7.503608E-04	-1.038961E-03	-1.135161E-03	-1.038961E-03	-7.503608E-04	-2.693603E-04	+4.040404E-04	-3.030303E-04	+2.020202E-04	+5.627706E-04	+7.792208E-04	+8.513709E-04	+7.792208E-04	+5.627706E-04	+2.020202E-04	-3.030303E-04	-2.272727E-04	+1.515152E-04	+4.220779E-04	+5.844156E-04	+6.385281E-04	+5.844156E-04	+4.220779E-04	+1.515152E-04	-2.272727E-04	-1.515152E-04	+1.010101E-04	+2.813853E-04	+3.896104E-04	+4.256854E-04	+3.896104E-04	+2.813853E-04	+1.010101E-04	-1.515152E-04	-7.575758E-05	+5.050505E-05	+1.406926E-04	+1.948052E-04	+2.128427E-04	+1.948052E-04	+1.406926E-04	+5.050505E-05	-7.575758E-05	+0.000000E+00	+0.000000E+00	+0.000000E+00	+0.000000E+00	+0.000000E+00	+0.000000E+00	+0.000000E+00	+0.000000E+00	+0.000000E+00	+7.575758E-05	-5.050505E-05	-1.406926E-04	-1.948052E-04	-2.128427E-04	-1.948052E-04	-1.406926E-04	-5.050505E-05	+7.575758E-05	+1.515152E-04	-1.010101E-04	-2.813853E-04	-3.896104E-04	-4.256854E-04	-3.896104E-04	-2.813853E-04	-1.010101E-04	+1.515152E-04	+2.272727E-04	-1.515152E-04	-4.220779E-04	-5.844156E-04	-6.385281E-04	-5.844156E-04	-4.220779E-04	-1.515152E-04	+2.272727E-04	+3.030303E-04	-2.020202E-04	-5.627706E-04	-7.792208E-04	-8.513709E-04	-7.792208E-04	-5.627706E-04	-2.020202E-04	+3.030303E-04	-2.020202E-04	+1.346801E-04	+3.751804E-04	+5.194805E-04	+5.675806E-04	+5.194805E-04	+3.751804E-04	+1.346801E-04	-2.020202E-04	-1.515152E-04	+1.010101E-04	+2.813853E-04	+3.896104E-04	+4.256854E-04	+3.896104E-04	+2.813853E-04	+1.010101E-04	-1.515152E-04	-1.010101E-04	+6.734007E-05	+1.875902E-04	+2.597403E-04	+2.837903E-04	+2.597403E-04	+1.875902E-04	+6.734007E-05	-1.010101E-04	-5.050505E-05	+3.367003E-05	+9.379509E-05	+1.298701E-04	+1.418951E-04	+1.298701E-04	+9.379509E-05	+3.367003E-05	-5.050505E-05	+0.000000E+00	+0.000000E+00	+0.000000E+00	+0.000000E+00	+0.000000E+00	+0.000000E+00	+0.000000E+00	+0.000000E+00	+0.000000E+00	+5.050505E-05	-3.367003E-05	-9.379509E-05	-1.298701E-04	-1.418951E-04	-1.298701E-04	-9.379509E-05	-3.367003E-05	+5.050505E-05	+1.010101E-04	-6.734007E-05	-1.875902E-04	-2.597403E-04	-2.837903E-04	-2.597403E-04	-1.875902E-04	-6.734007E-05	+1.010101E-04	+1.515152E-04	-1.010101E-04	-2.813853E-04	-3.896104E-04	-4.256854E-04	-3.896104E-04	-2.813853E-04	-1.010101E-04	+1.515152E-04	+2.020202E-04	-1.346801E-04	-3.751804E-04	-5.194805E-04	-5.675806E-04	-5.194805E-04	-3.751804E-04	-1.346801E-04	+2.020202E-04	-1.010101E-04	+6.734007E-05	+1.875902E-04	+2.597403E-04	+2.837903E-04	+2.597403E-04	+1.875902E-04	+6.734007E-05	-1.010101E-04	-7.575758E-05	+5.050505E-05	+1.406926E-04	+1.948052E-04	+2.128427E-04	+1.948052E-04	+1.406926E-04	+5.050505E-05	-7.575758E-05	-5.050505E-05	+3.367003E-05	+9.379509E-05	+1.298701E-04	+1.418951E-04	+1.298701E-04	+9.379509E-05	+3.367003E-05	-5.050505E-05	-2.525253E-05	+1.683502E-05	+4.689755E-05	+6.493506E-05	+7.094757E-05	+6.493506E-05	+4.689755E-05	+1.683502E-05	-2.525253E-05	+0.000000E+00	+0.000000E+00	+0.000000E+00	+0.000000E+00	+0.000000E+00	+0.000000E+00	+0.000000E+00	+0.000000E+00	+0.000000E+00	+2.525253E-05	-1.683502E-05	-4.689755E-05	-6.493506E-05	-7.094757E-05	-6.493506E-05	-4.689755E-05	-1.683502E-05	+2.525253E-05	+5.050505E-05	-3.367003E-05	-9.379509E-05	-1.298701E-04	-1.418951E-04	-1.298701E-04	-9.379509E-05	-3.367003E-05	+5.050505E-05	+7.575758E-05	-5.050505E-05	-1.406926E-04	-1.948052E-04	-2.128427E-04	-1.948052E-04	-1.406926E-04	-5.050505E-05	+7.575758E-05	+1.010101E-04	-6.734007E-05	-1.875902E-04	-2.597403E-04	-2.837903E-04	-2.597403E-04	-1.875902E-04	-6.734007E-05	+1.010101E-04	+0.000000E+00	+0.000000E+00	+0.000000E+00	+0.000000E+00	+0.000000E+00	+0.000000E+00	+0.000000E+00	+0.000000E+00	+0.000000E+00	+0.000000E+00	+0.000000E+00	+0.000000E+00	+0.000000E+00	+0.000000E+00	+0.000000E+00	+0.000000E+00	+0.000000E+00	+0.000000E+00	+0.000000E+00	+0.000000E+00	+0.000000E+00	+0.000000E+00	+0.000000E+00	+0.000000E+00	+0.000000E+00	+0.000000E+00	+0.000000E+00	+0.000000E+00	+0.000000E+00	+0.000000E+00	+0.000000E+00	+0.000000E+00	+0.000000E+00	+0.000000E+00	+0.000000E+00	+0.000000E+00	+0.000000E+00	+0.000000E+00	+0.000000E+00	+0.000000E+00	+0.000000E+00
	A	+3.217359E-04	-5.312383E-04	-7.220352E-04	-4.713805E-04	+0.000000E+00	+4.713805E-04	+7.220352E-04	+5.312383E-04	-3.217359E-04	+2.413019E-04	-3.984287E-04	-5.415264E-04	-3.535354E-04	+0.000000E+00	+3.535354E-04	+5.415264E-04	+3.984287E-04	-2.413019E-04	+1.608679E-04	-2.656192E-04	-3.610176E-04	-2.356902E-04	+0.000000E+00	+2.356902E-04	+3.610176E-04	+2.656192E-04	-1.608679E-04	+8.043397E-05	-1.328096E-04	-1.805088E-04	-1.178451E-04	+0.000000E+00	+1.178451E-04	+1.805088E-04	+1.328096E-04	-8.043397E-05	+0.000000E+00	+0.000000E+00	+0.000000E+00	+0.000000E+00	+0.000000E+00	+0.000000E+00	+0.000000E+00	+0.000000E+00	+0.000000E+00	-8.043397E-05	+1.328096E-04	+1.805088E-04	+1.178451E-04	+0.000000E+00	-1.178451E-04	-1.805088E-04	-1.328096E-04	+8.043397E-05	-1.608679E-04	+2.656192E-04	+3.610176E-04	+2.356902E-04	+0.000000E+00	-2.356902E-04	-3.610176E-04	-2.656192E-04	+1.608679E-04	-2.413019E-04	+3.984287E-04	+5.415264E-04	+3.535354E-04	+0.000000E+00	-3.535354E-04	-5.415264E-04	-3.984287E-04	+2.413019E-04	-3.217359E-04	+5.312383E-04	+7.220352E-04	+4.713805E-04	+0.000000E+00	-4.713805E-04	-7.220352E-04	-5.312383E-04	+3.217359E-04	+2.413019E-04	-3.984287E-04	-5.415264E-04	-3.535354E-04	+0.000000E+00	+3.535354E-04	+5.415264E-04	+3.984287E-04	-2.413019E-04	+1.809764E-04	-2.988215E-04	-4.061448E-04	-2.651515E-04	+0.000000E+00	+2.651515E-04	+4.061448E-04	+2.988215E-04	-1.809764E-04	+1.206510E-04	-1.992144E-04	-2.707632E-04	-1.767677E-04	+0.000000E+00	+1.767677E-04	+2.707632E-04	+1.992144E-04	-1.206510E-04	+6.032548E-05	-9.960718E-05	-1.353816E-04	-8.838384E-05	+0.000000E+00	+8.838384E-05	+1.353816E-04	+9.960718E-05	-6.032548E-05	+0.000000E+00	+0.000000E+00	+0.000000E+00	+0.000000E+00	+0.000000E+00	+0.000000E+00	+0.000000E+00	+0.000000E+00	+0.000000E+00	-6.032548E-05	+9.960718E-05	+1.353816E-04	+8.838384E-05	+0.000000E+00	-8.838384E-05	-1.353816E-04	-9.960718E-05	+6.032548E-05	-1.206510E-04	+1.992144E-04	+2.707632E-04	+1.767677E-04	+0.000000E+00	-1.767677E-04	-2.707632E-04	-1.992144E-04	+1.206510E-04	-1.809764E-04	+2.988215E-04	+4.061448E-04	+2.651515E-04	+0.000000E+00	-2.651515E-04	-4.061448E-04	-2.988215E-04	+1.809764E-04	-2.413019E-04	+3.984287E-04	+5.415264E-04	+3.535354E-04	+0.000000E+00	-3.535354E-04	-5.415264E-04	-3.984287E-04	+2.413019E-04	+1.608679E-04	-2.656192E-04	-3.610176E-04	-2.356902E-04	+0.000000E+00	+2.356902E-04	+3.610176E-04	+2.656192E-04	-1.608679E-04	+1.206510E-04	-1.992144E-04	-2.707632E-04	-1.767677E-04	+0.000000E+00	+1.767677E-04	+2.707632E-04	+1.992144E-04	-1.206510E-04	+8.043397E-05	-1.328096E-04	-1.805088E-04	-1.178451E-04	+0.000000E+00	+1.178451E-04	+1.805088E-04	+1.328096E-04	-8.043397E-05	+4.021698E-05	-6.640479E-05	-9.025440E-05	-5.892256E-05	+0.000000E+00	+5.892256E-05	+9.025440E-05	+6.640479E-05	-4.021698E-05	+0.000000E+00	+0.000000E+00	+0.000000E+00	+0.000000E+00	+0.000000E+00	+0.000000E+00	+0.000000E+00	+0.000000E+00	+0.000000E+00	-4.021698E-05	+6.640479E-05	+9.025440E-05	+5.892256E-05	+0.000000E+00	-5.892256E-05	-9.025440E-05	-6.640479E-05	+4.021698E-05	-8.043397E-05	+1.328096E-04	+1.805088E-04	+1.178451E-04	+0.000000E+00	-1.178451E-04	-1.805088E-04	-1.328096E-04	+8.043397E-05	-1.206510E-04	+1.992144E-04	+2.707632E-04	+1.767677E-04	+0.000000E+00	-1.767677E-04	-2.707632E-04	-1.992144E-04	+1.206510E-04	-1.608679E-04	+2.656192E-04	+3.610176E-04	+2.356902E-04	+0.000000E+00	-2.356902E-04	-3.610176E-04	-2.656192E-04	+1.608679E-04	+8.043397E-05	-1.328096E-04	-1.805088E-04	-1.178451E-04	+0.000000E+00	+1.178451E-04	+1.805088E-04	+1.328096E-04	-8.043397E-05	+6.032548E-05	-9.960718E-05	-1.353816E-04	-8.838384E-05	+0.000000E+00	+8.838384E-05	+1.353816E-04	+9.960718E-05	-6.032548E-05	+4.021698E-05	-6.640479E-05	-9.025440E-05	-5.892256E-05	+0.000000E+00	+5.892256E-05	+9.025440E-05	+6.640479E-05	-4.021698E-05	+2.010849E-05	-3.320239E-05	-4.512720E-05	-2.946128E-05	+0.000000E+00	+2.946128E-05	+4.512720E-05	+3.320239E-05	-2.010849E-05	+0.000000E+00	+0.000000E+00	+0.000000E+00	+0.000000E+00	+0.000000E+00	+0.000000E+00	+0.000000E+00	+0.000000E+00	+0.000000E+00	-2.010849E-05	+3.320239E-05	+4.512720E-05	+2.946128E-05	+0.000000E+00	-2.946128E-05	-4.512720E-05	-3.320239E-05	+2.010849E-05	-4.021698E-05	+6.640479E-05	+9.025440E-05	+5.892256E-05	+0.000000E+00	-5.892256E-05	-9.025440E-05	-6.640479E-05	+4.021698E-05	-6.032548E-05	+9.960718E-05	+1.353816E-04	+8.838384E-05	+0.000000E+00	-8.838384E-05	-1.353816E-04	-9.960718E-05	+6.032548E-05	-8.043397E-05	+1.328096E-04	+1.805088E-04	+1.178451E-04	+0.000000E+00	-1.178451E-04	-1.805088E-04	-1.328096E-04	+8.043397E-05	+0.000000E+00	+0.000000E+00	+0.000000E+00	+0.000000E+00	+0.000000E+00	+0.000000E+00	+0.000000E+00	+0.000000E+00	+0.000000E+00	+0.000000E+00	+0.000000E+00	+0.000000E+00	+0.000000E+00	+0.000000E+00	+0.000000E+00	+0.000000E+00	+0.000000E+00	+0.000000E+00	+0.000000E+00	+0.000000E+00	+0.000000E+00	+0.000000E+00	+0.000000E+00	+0.000000E+00	+0.000000E+00	+0.000000E+00	+0.000000E+00	+0.000000E+00	+0.000000E+00	+0.000000E+00	+0.000000E+00	+0.000000E+00	+0.000000E+00	+0.000000E+00	+0.000000E+00	+0.000000E+00	+0.000000E+00	+0.000000E+00	+0.000000E+00	+0.000000E+00	+0.000000E+00
	S	+1.346801E-04	+3.367003E-05	-3.848004E-05	-8.177008E-05	-9.620010E-05	-8.177008E-05	-3.848004E-05	+3.367003E-05	+1.346801E-04	+1.010101E-04	+2.525253E-05	-2.886003E-05	-6.132756E-05	-7.215007E-05	-6.132756E-05	-2.886003E-05	+2.525253E-05	+1.010101E-04	+6.734007E-05	+1.683502E-05	-1.924002E-05	-4.088504E-05	-4.810005E-05	-4.088504E-05	-1.924002E-05	+1.683502E-05	+6.734007E-05	+3.367003E-05	+8.417508E-06	-9.620010E-06	-2.044252E-05	-2.405002E-05	-2.044252E-05	-9.620010E-06	+8.417508E-06	+3.367003E-05	+0.000000E+00	+0.000000E+00	+0.000000E+00	+0.000000E+00	+0.000000E+00	+0.000000E+00	+0.000000E+00	+0.000000E+00	+0.000000E+00	-3.367003E-05	-8.417508E-06	+9.620010E-06	+2.044252E-05	+2.405002E-05	+2.044252E-05	+9.620010E-06	-8.417508E-06	-3.367003E-05	-6.734007E-05	-1.683502E-05	+1.924002E-05	+4.088504E-05	+4.810005E-05	+4.088504E-05	+1.924002E-05	-1.683502E-05	-6.734007E-05	-1.010101E-04	-2.525253E-05	+2.886003E-05	+6.132756E-05	+7.215007E-05	+6.132756E-05	+2.886003E-05	-2.525253E-05	-1.010101E-04	-1.346801E-04	-3.367003E-05	+3.848004E-05	+8.177008E-05	+9.620010E-05	+8.177008E-05	+3.848004E-05	-3.367003E-05	-1.346801E-04	+1.010101E-04	+2.525253E-05	-2.886003E-05	-6.132756E-05	-7.215007E-05	-6.132756E-05	-2.886003E-05	+2.525253E-05	+1.010101E-04	+7.575758E-05	+1.893939E-05	-2.164502E-05	-4.599567E-05	-5.411255E-05	-4.599567E-05	-2.164502E-05	+1.893939E-05	+7.575758E-05	+5.050505E-05	+1.262626E-05	-1.443001E-05	-3.066378E-05	-3.607504E-05	-3.066378E-05	-1.443001E-05	+1.262626E-05	+5.050505E-05	+2.525253E-05	+6.313131E-06	-7.215007E-06	-1.533189E-05	-1.803752E-05	-1.533189E-05	-7.215007E-06	+6.313131E-06	+2.525253E-05	+0.000000E+00	+0.000000E+00	+0.000000E+00	+0.000000E+00	+0.000000E+00	+0.000000E+00	+0.000000E+00	+0.000000E+00	+0.000000E+00	-2.525253E-05	-6.313131E-06	+7.215007E-06	+1.533189E-05	+1.803752E-05	+1.533189E-05	+7.215007E-06	-6.313131E-06	-2.525253E-05	-5.050505E-05	-1.262626E-05	+1.443001E-05	+3.066378E-05	+3.607504E-05	+3.066378E-05	+1.443001E-05	-1.262626E-05	-5.050505E-05	-7.575758E-05	-1.893939E-05	+2.164502E-05	+4.599567E-05	+5.411255E-05	+4.599567E-05	+2.164502E-05	-1.893939E-05	-7.575758E-05	-1.010101E-04	-2.525253E-05	+2.886003E-05	+6.132756E-05	+7.215007E-05	+6.132756E-05	+2.886003E-05	-2.525253E-05	-1.010101E-04	+6.734007E-05	+1.683502E-05	-1.924002E-05	-4.088504E-05	-4.810005E-05	-4.088504E-05	-1.924002E-05	+1.683502E-05	+6.734007E-05	+5.050505E-05	+1.262626E-05	-1.443001E-05	-3.066378E-05	-3.607504E-05	-3.066378E-05	-1.443001E-05	+1.262626E-05	+5.050505E-05	+3.367003E-05	+8.417508E-06	-9.620010E-06	-2.044252E-05	-2.405002E-05	-2.044252E-05	-9.620010E-06	+8.417508E-06	+3.367003E-05	+1.683502E-05	+4.208754E-06	-4.810005E-06	-1.022126E-05	-1.202501E-05	-1.022126E-05	-4.810005E-06	+4.208754E-06	+1.683502E-05	+0.000000E+00	+0.000000E+00	+0.000000E+00	+0.000000E+00	+0.000000E+00	+0.000000E+00	+0.000000E+00	+0.000000E+00	+0.000000E+00	-1.683502E-05	-4.208754E-06	+4.810005E-06	+1.022126E-05	+1.202501E-05	+1.022126E-05	+4.810005E-06	-4.208754E-06	-1.683502E-05	-3.367003E-05	-8.417508E-06	+9.620010E-06	+2.044252E-05	+2.405002E-05	+2.044252E-05	+9.620010E-06	-8.417508E-06	-3.367003E-05	-5.050505E-05	-1.262626E-05	+1.443001E-05	+3.066378E-05	+3.607504E-05	+3.066378E-05	+1.443001E-05	-1.262626E-05	-5.050505E-05	-6.734007E-05	-1.683502E-05	+1.924002E-05	+4.088504E-05	+4.810005E-05	+4.088504E-05	+1.924002E-05	-1.683502E-05	-6.734007E-05	+3.367003E-05	+8.417508E-06	-9.620010E-06	-2.044252E-05	-2.405002E-05	-2.044252E-05	-9.620010E-06	+8.417508E-06	+3.367003E-05	+2.525253E-05	+6.313131E-06	-7.215007E-06	-1.533189E-05	-1.803752E-05	-1.533189E-05	-7.215007E-06	+6.313131E-06	+2.525253E-05	+1.683502E-05	+4.208754E-06	-4.810005E-06	-1.022126E-05	-1.202501E-05	-1.022126E-05	-4.810005E-06	+4.208754E-06	+1.683502E-05	+8.417508E-06	+2.104377E-06	-2.405002E-06	-5.110630E-06	-6.012506E-06	-5.110630E-06	-2.405002E-06	+2.104377E-06	+8.417508E-06	+0.000000E+00	+0.000000E+00	+0.000000E+00	+0.000000E+00	+0.000000E+00	+0.000000E+00	+0.000000E+00	+0.000000E+00	+0.000000E+00	-8.417508E-06	-2.104377E-06	+2.405002E-06	+5.110630E-06	+6.012506E-06	+5.110630E-06	+2.405002E-06	-2.104377E-06	-8.417508E-06	-1.683502E-05	-4.208754E-06	+4.810005E-06	+1.022126E-05	+1.202501E-05	+1.022126E-05	+4.810005E-06	-4.208754E-06	-1.683502E-05	-2.525253E-05	-6.313131E-06	+7.215007E-06	+1.533189E-05	+1.803752E-05	+1.533189E-05	+7.215007E-06	-6.313131E-06	-2.525253E-05	-3.367003E-05	-8.417508E-06	+9.620010E-06	+2.044252E-05	+2.405002E-05	+2.044252E-05	+9.620010E-06	-8.417508E-06	-3.367003E-05	+0.000000E+00	+0.000000E+00	+0.000000E+00	+0.000000E+00	+0.000000E+00	+0.000000E+00	+0.000000E+00	+0.000000E+00	+0.000000E+00	+0.000000E+00	+0.000000E+00	+0.000000E+00	+0.000000E+00	+0.000000E+00	+0.000000E+00	+0.000000E+00	+0.000000E+00	+0.000000E+00	+0.000000E+00	+0.000000E+00	+0.000000E+00	+0.000000E+00	+0.000000E+00	+0.000000E+00	+0.000000E+00	+0.000000E+00	+0.000000E+00	+0.000000E+00	+0.000000E+00	+0.000000E+00	+0.000000E+00	+0.000000E+00	+0.000000E+00	+0.000000E+00	+0.000000E+00	+0.000000E+00	+0.000000E+00	+0.000000E+00	+0.000000E+00	+0.000000E+00	+0.000000E+00
	A	-5.237561E-05	+2.618780E-05	+4.863449E-05	+3.367003E-05	+0.000000E+00	-3.367003E-05	-4.863449E-05	-2.618780E-05	+5.237561E-05	-3.928171E-05	+1.964085E-05	+3.647587E-05	+2.525253E-05	+0.000000E+00	-2.525253E-05	-3.647587E-05	-1.964085E-05	+3.928171E-05	-2.618780E-05	+1.309390E-05	+2.431725E-05	+1.683502E-05	+0.000000E+00	-1.683502E-05	-2.431725E-05	-1.309390E-05	+2.618780E-05	-1.309390E-05	+6.546951E-06	+1.215862E-05	+8.417508E-06	+0.000000E+00	-8.417508E-06	-1.215862E-05	-6.546951E-06	+1.309390E-05	+0.000000E+00	+0.000000E+00	+0.000000E+00	+0.000000E+00	+0.000000E+00	+0.000000E+00	+0.000000E+00	+0.000000E+00	+0.000000E+00	+1.309390E-05	-6.546951E-06	-1.215862E-05	-8.417508E-06	+0.000000E+00	+8.417508E-06	+1.215862E-05	+6.546951E-06	-1.309390E-05	+2.618780E-05	-1.309390E-05	-2.431725E-05	-1.683502E-05	+0.000000E+00	+1.683502E-05	+2.431725E-05	+1.309390E-05	-2.618780E-05	+3.928171E-05	-1.964085E-05	-3.647587E-05	-2.525253E-05	+0.000000E+00	+2.525253E-05	+3.647587E-05	+1.964085E-05	-3.928171E-05	+5.237561E-05	-2.618780E-05	-4.863449E-05	-3.367003E-05	+0.000000E+00	+3.367003E-05	+4.863449E-05	+2.618780E-05	-5.237561E-05	-3.928171E-05	+1.964085E-05	+3.647587E-05	+2.525253E-05	+0.000000E+00	-2.525253E-05	-3.647587E-05	-1.964085E-05	+3.928171E-05	-2.946128E-05	+1.473064E-05	+2.735690E-05	+1.893939E-05	+0.000000E+00	-1.893939E-05	-2.735690E-05	-1.473064E-05	+2.946128E-05	-1.964085E-05	+9.820426E-06	+1.823793E-05	+1.262626E-05	+0.000000E+00	-1.262626E-05	-1.823793E-05	-9.820426E-06	+1.964085E-05	-9.820426E-06	+4.910213E-06	+9.118967E-06	+6.313131E-06	+0.000000E+00	-6.313131E-06	-9.118967E-06	-4.910213E-06	+9.820426E-06	+0.000000E+00	+0.000000E+00	+0.000000E+00	+0.000000E+00	+0.000000E+00	+0.000000E+00	+0.000000E+00	+0.000000E+00	+0.000000E+00	+9.820426E-06	-4.910213E-06	-9.118967E-06	-6.313131E-06	+0.000000E+00	+6.313131E-06	+9.118967E-06	+4.910213E-06	-9.820426E-06	+1.964085E-05	-9.820426E-06	-1.823793E-05	-1.262626E-05	+0.000000E+00	+1.262626E-05	+1.823793E-05	+9.820426E-06	-1.964085E-05	+2.946128E-05	-1.473064E-05	-2.735690E-05	-1.893939E-05	+0.000000E+00	+1.893939E-05	+2.735690E-05	+1.473064E-05	-2.946128E-05	+3.928171E-05	-1.964085E-05	-3.647587E-05	-2.525253E-05	+0.000000E+00	+2.525253E-05	+3.647587E-05	+1.964085E-05	-3.928171E-05	-2.618780E-05	+1.309390E-05	+2.431725E-05	+1.683502E-05	+0.000000E+00	-1.683502E-05	-2.431725E-05	-1.309390E-05	+2.618780E-05	-1.964085E-05	+9.820426E-06	+1.823793E-05	+1.262626E-05	+0.000000E+00	-1.262626E-05	-1.823793E-05	-9.820426E-06	+1.964085E-05	-1.309390E-05	+6.546951E-06	+1.215862E-05	+8.417508E-06	+0.000000E+00	-8.417508E-06	-1.215862E-05	-6.546951E-06	+1.309390E-05	-6.546951E-06	+3.273475E-06	+6.079312E-06	+4.208754E-06	+0.000000E+00	-4.208754E-06	-6.079312E-06	-3.273475E-06	+6.546951E-06	+0.000000E+00	+0.000000E+00	+0.000000E+00	+0.000000E+00	+0.000000E+00	+0.000000E+00	+0.000000E+00	+0.000000E+00	+0.000000E+00	+6.546951E-06	-3.273475E-06	-6.079312E-06	-4.208754E-06	+0.000000E+00	+4.208754E-06	+6.079312E-06	+3.273475E-06	-6.546951E-06	+1.309390E-05	-6.546951E-06	-1.215862E-05	-8.417508E-06	+0.000000E+00	+8.417508E-06	+1.215862E-05	+6.546951E-06	-1.309390E-05	+1.964085E-05	-9.820426E-06	-1.823793E-05	-1.262626E-05	+0.000000E+00	+1.262626E-05	+1.823793E-05	+9.820426E-06	-1.964085E-05	+2.618780E-05	-1.309390E-05	-2.431725E-05	-1.683502E-05	+0.000000E+00	+1.683502E-05	+2.431725E-05	+1.309390E-05	-2.618780E-05	-1.309390E-05	+6.546951E-06	+1.215862E-05	+8.417508E-06	+0.000000E+00	-8.417508E-06	-1.215862E-05	-6.546951E-06	+1.309390E-05	-9.820426E-06	+4.910213E-06	+9.118967E-06	+6.313131E-06	+0.000000E+00	-6.313131E-06	-9.118967E-06	-4.910213E-06	+9.820426E-06	-6.546951E-06	+3.273475E-06	+6.079312E-06	+4.208754E-06	+0.000000E+00	-4.208754E-06	-6.079312E-06	-3.273475E-06	+6.546951E-06	-3.273475E-06	+1.636738E-06	+3.039656E-06	+2.104377E-06	+0.000000E+00	-2.104377E-06	-3.039656E-06	-1.636738E-06	+3.273475E-06	+0.000000E+00	+0.000000E+00	+0.000000E+00	+0.000000E+00	+0.000000E+00	+0.000000E+00	+0.000000E+00	+0.000000E+00	+0.000000E+00	+3.273475E-06	-1.636738E-06	-3.039656E-06	-2.104377E-06	+0.000000E+00	+2.104377E-06	+3.039656E-06	+1.636738E-06	-3.273475E-06	+6.546951E-06	-3.273475E-06	-6.079312E-06	-4.208754E-06	+0.000000E+00	+4.208754E-06	+6.079312E-06	+3.273475E-06	-6.546951E-06	+9.820426E-06	-4.910213E-06	-9.118967E-06	-6.313131E-06	+0.000000E+00	+6.313131E-06	+9.118967E-06	+4.910213E-06	-9.820426E-06	+1.309390E-05	-6.546951E-06	-1.215862E-05	-8.417508E-06	+0.000000E+00	+8.417508E-06	+1.215862E-05	+6.546951E-06	-1.309390E-05	+0.000000E+00	+0.000000E+00	+0.000000E+00	+0.000000E+00	+0.000000E+00	+0.000000E+00	+0.000000E+00	+0.000000E+00	+0.000000E+00	+0.000000E+00	+0.000000E+00	+0.000000E+00	+0.000000E+00	+0.000000E+00	+0.000000E+00	+0.000000E+00	+0.000000E+00	+0.000000E+00	+0.000000E+00	+0.000000E+00	+0.000000E+00	+0.000000E+00	+0.000000E+00	+0.000000E+00	+0.000000E+00	+0.000000E+00	+0.000000E+00	+0.000000E+00	+0.000000E+00	+0.000000E+00	+0.000000E+00	+0.000000E+00	+0.000000E+00	+0.000000E+00	+0.000000E+00	+0.000000E+00	+0.000000E+00	+0.000000E+00	+0.000000E+00	+0.000000E+00	+0.000000E+00
# Matrix ends.
#
#
# ---------------------------------- LICENSE NOTICE -----------------------------------
# THIS DATA IS RELEASED UNDER THE CREATIVE COMMONS LICENSE "CC BY-NC-SA 4.0".
#   This license lets you remix, tweak, and build upon this work non-commercially,
#   as long as you credit me and license your new creations under the terms identical
#   to the current license.
# SEE "https://creativecommons.org/licenses/by-nc-sa/4.0" FOR DETAILS.
#
# RELEASED BY: Chandra Shekhar
#      E-mail: chandraiitk[AT]yahoo[DOT]co[DOT]in
#    Homepage: https://sites.google.com/site/chandraacads
# FOR ANY QUESTION OR COMMENT, OR FOR A COMMERCIAL LICENSE, PLEASE EMAIL ME.
#
# For additional details, please visit my homepage.
#
# ==================================== End of File ====================================
