# ================================== Start of File ====================================
# Spatial dimensions = 3
# Kernel size = 7x7x7
# Polynomial order = 1x1x3
# Size of the convolution coefficient matrix = 16x343
#
# Column# 1:
#    S/A => The left and the right halves of the row are symmetric(S)/anti-symmetric(A) about the middle column.
#           If symmetric elements on the right half, their signs are same as the corresponding elements on the left side.
#           If anti-symmetric elements, the signs are opposite.
# Column# 2~172 = the left-half columns of the row.
# Column# 173 = the middle column of the row.
# Column# 174~344, which are the right-half columns, are not stored, because they are symmetric/anti-symmetric
#           of the elements in the column# 172~2, respectively.
# Matrix starts:
	S	-1.943635E-03	+2.915452E-03	+5.830904E-03	+6.802721E-03	+5.830904E-03	+2.915452E-03	-1.943635E-03	-1.943635E-03	+2.915452E-03	+5.830904E-03	+6.802721E-03	+5.830904E-03	+2.915452E-03	-1.943635E-03	-1.943635E-03	+2.915452E-03	+5.830904E-03	+6.802721E-03	+5.830904E-03	+2.915452E-03	-1.943635E-03	-1.943635E-03	+2.915452E-03	+5.830904E-03	+6.802721E-03	+5.830904E-03	+2.915452E-03	-1.943635E-03	-1.943635E-03	+2.915452E-03	+5.830904E-03	+6.802721E-03	+5.830904E-03	+2.915452E-03	-1.943635E-03	-1.943635E-03	+2.915452E-03	+5.830904E-03	+6.802721E-03	+5.830904E-03	+2.915452E-03	-1.943635E-03	-1.943635E-03	+2.915452E-03	+5.830904E-03	+6.802721E-03	+5.830904E-03	+2.915452E-03	-1.943635E-03	-1.943635E-03	+2.915452E-03	+5.830904E-03	+6.802721E-03	+5.830904E-03	+2.915452E-03	-1.943635E-03	-1.943635E-03	+2.915452E-03	+5.830904E-03	+6.802721E-03	+5.830904E-03	+2.915452E-03	-1.943635E-03	-1.943635E-03	+2.915452E-03	+5.830904E-03	+6.802721E-03	+5.830904E-03	+2.915452E-03	-1.943635E-03	-1.943635E-03	+2.915452E-03	+5.830904E-03	+6.802721E-03	+5.830904E-03	+2.915452E-03	-1.943635E-03	-1.943635E-03	+2.915452E-03	+5.830904E-03	+6.802721E-03	+5.830904E-03	+2.915452E-03	-1.943635E-03	-1.943635E-03	+2.915452E-03	+5.830904E-03	+6.802721E-03	+5.830904E-03	+2.915452E-03	-1.943635E-03	-1.943635E-03	+2.915452E-03	+5.830904E-03	+6.802721E-03	+5.830904E-03	+2.915452E-03	-1.943635E-03	-1.943635E-03	+2.915452E-03	+5.830904E-03	+6.802721E-03	+5.830904E-03	+2.915452E-03	-1.943635E-03	-1.943635E-03	+2.915452E-03	+5.830904E-03	+6.802721E-03	+5.830904E-03	+2.915452E-03	-1.943635E-03	-1.943635E-03	+2.915452E-03	+5.830904E-03	+6.802721E-03	+5.830904E-03	+2.915452E-03	-1.943635E-03	-1.943635E-03	+2.915452E-03	+5.830904E-03	+6.802721E-03	+5.830904E-03	+2.915452E-03	-1.943635E-03	-1.943635E-03	+2.915452E-03	+5.830904E-03	+6.802721E-03	+5.830904E-03	+2.915452E-03	-1.943635E-03	-1.943635E-03	+2.915452E-03	+5.830904E-03	+6.802721E-03	+5.830904E-03	+2.915452E-03	-1.943635E-03	-1.943635E-03	+2.915452E-03	+5.830904E-03	+6.802721E-03	+5.830904E-03	+2.915452E-03	-1.943635E-03	-1.943635E-03	+2.915452E-03	+5.830904E-03	+6.802721E-03	+5.830904E-03	+2.915452E-03	-1.943635E-03	-1.943635E-03	+2.915452E-03	+5.830904E-03	+6.802721E-03	+5.830904E-03	+2.915452E-03	-1.943635E-03	-1.943635E-03	+2.915452E-03	+5.830904E-03	+6.802721E-03	+5.830904E-03	+2.915452E-03	-1.943635E-03	-1.943635E-03	+2.915452E-03	+5.830904E-03	+6.802721E-03
	A	+1.781665E-03	-5.425980E-03	-4.697117E-03	+0.000000E+00	+4.697117E-03	+5.425980E-03	-1.781665E-03	+1.781665E-03	-5.425980E-03	-4.697117E-03	+0.000000E+00	+4.697117E-03	+5.425980E-03	-1.781665E-03	+1.781665E-03	-5.425980E-03	-4.697117E-03	+0.000000E+00	+4.697117E-03	+5.425980E-03	-1.781665E-03	+1.781665E-03	-5.425980E-03	-4.697117E-03	+0.000000E+00	+4.697117E-03	+5.425980E-03	-1.781665E-03	+1.781665E-03	-5.425980E-03	-4.697117E-03	+0.000000E+00	+4.697117E-03	+5.425980E-03	-1.781665E-03	+1.781665E-03	-5.425980E-03	-4.697117E-03	+0.000000E+00	+4.697117E-03	+5.425980E-03	-1.781665E-03	+1.781665E-03	-5.425980E-03	-4.697117E-03	+0.000000E+00	+4.697117E-03	+5.425980E-03	-1.781665E-03	+1.781665E-03	-5.425980E-03	-4.697117E-03	+0.000000E+00	+4.697117E-03	+5.425980E-03	-1.781665E-03	+1.781665E-03	-5.425980E-03	-4.697117E-03	+0.000000E+00	+4.697117E-03	+5.425980E-03	-1.781665E-03	+1.781665E-03	-5.425980E-03	-4.697117E-03	+0.000000E+00	+4.697117E-03	+5.425980E-03	-1.781665E-03	+1.781665E-03	-5.425980E-03	-4.697117E-03	+0.000000E+00	+4.697117E-03	+5.425980E-03	-1.781665E-03	+1.781665E-03	-5.425980E-03	-4.697117E-03	+0.000000E+00	+4.697117E-03	+5.425980E-03	-1.781665E-03	+1.781665E-03	-5.425980E-03	-4.697117E-03	+0.000000E+00	+4.697117E-03	+5.425980E-03	-1.781665E-03	+1.781665E-03	-5.425980E-03	-4.697117E-03	+0.000000E+00	+4.697117E-03	+5.425980E-03	-1.781665E-03	+1.781665E-03	-5.425980E-03	-4.697117E-03	+0.000000E+00	+4.697117E-03	+5.425980E-03	-1.781665E-03	+1.781665E-03	-5.425980E-03	-4.697117E-03	+0.000000E+00	+4.697117E-03	+5.425980E-03	-1.781665E-03	+1.781665E-03	-5.425980E-03	-4.697117E-03	+0.000000E+00	+4.697117E-03	+5.425980E-03	-1.781665E-03	+1.781665E-03	-5.425980E-03	-4.697117E-03	+0.000000E+00	+4.697117E-03	+5.425980E-03	-1.781665E-03	+1.781665E-03	-5.425980E-03	-4.697117E-03	+0.000000E+00	+4.697117E-03	+5.425980E-03	-1.781665E-03	+1.781665E-03	-5.425980E-03	-4.697117E-03	+0.000000E+00	+4.697117E-03	+5.425980E-03	-1.781665E-03	+1.781665E-03	-5.425980E-03	-4.697117E-03	+0.000000E+00	+4.697117E-03	+5.425980E-03	-1.781665E-03	+1.781665E-03	-5.425980E-03	-4.697117E-03	+0.000000E+00	+4.697117E-03	+5.425980E-03	-1.781665E-03	+1.781665E-03	-5.425980E-03	-4.697117E-03	+0.000000E+00	+4.697117E-03	+5.425980E-03	-1.781665E-03	+1.781665E-03	-5.425980E-03	-4.697117E-03	+0.000000E+00	+4.697117E-03	+5.425980E-03	-1.781665E-03	+1.781665E-03	-5.425980E-03	-4.697117E-03	+0.000000E+00
	S	+1.214772E-03	+0.000000E+00	-7.288630E-04	-9.718173E-04	-7.288630E-04	+0.000000E+00	+1.214772E-03	+1.214772E-03	+0.000000E+00	-7.288630E-04	-9.718173E-04	-7.288630E-04	+0.000000E+00	+1.214772E-03	+1.214772E-03	+0.000000E+00	-7.288630E-04	-9.718173E-04	-7.288630E-04	+0.000000E+00	+1.214772E-03	+1.214772E-03	+0.000000E+00	-7.288630E-04	-9.718173E-04	-7.288630E-04	+0.000000E+00	+1.214772E-03	+1.214772E-03	+0.000000E+00	-7.288630E-04	-9.718173E-04	-7.288630E-04	+0.000000E+00	+1.214772E-03	+1.214772E-03	+0.000000E+00	-7.288630E-04	-9.718173E-04	-7.288630E-04	+0.000000E+00	+1.214772E-03	+1.214772E-03	+0.000000E+00	-7.288630E-04	-9.718173E-04	-7.288630E-04	+0.000000E+00	+1.214772E-03	+1.214772E-03	+0.000000E+00	-7.288630E-04	-9.718173E-04	-7.288630E-04	+0.000000E+00	+1.214772E-03	+1.214772E-03	+0.000000E+00	-7.288630E-04	-9.718173E-04	-7.288630E-04	+0.000000E+00	+1.214772E-03	+1.214772E-03	+0.000000E+00	-7.288630E-04	-9.718173E-04	-7.288630E-04	+0.000000E+00	+1.214772E-03	+1.214772E-03	+0.000000E+00	-7.288630E-04	-9.718173E-04	-7.288630E-04	+0.000000E+00	+1.214772E-03	+1.214772E-03	+0.000000E+00	-7.288630E-04	-9.718173E-04	-7.288630E-04	+0.000000E+00	+1.214772E-03	+1.214772E-03	+0.000000E+00	-7.288630E-04	-9.718173E-04	-7.288630E-04	+0.000000E+00	+1.214772E-03	+1.214772E-03	+0.000000E+00	-7.288630E-04	-9.718173E-04	-7.288630E-04	+0.000000E+00	+1.214772E-03	+1.214772E-03	+0.000000E+00	-7.288630E-04	-9.718173E-04	-7.288630E-04	+0.000000E+00	+1.214772E-03	+1.214772E-03	+0.000000E+00	-7.288630E-04	-9.718173E-04	-7.288630E-04	+0.000000E+00	+1.214772E-03	+1.214772E-03	+0.000000E+00	-7.288630E-04	-9.718173E-04	-7.288630E-04	+0.000000E+00	+1.214772E-03	+1.214772E-03	+0.000000E+00	-7.288630E-04	-9.718173E-04	-7.288630E-04	+0.000000E+00	+1.214772E-03	+1.214772E-03	+0.000000E+00	-7.288630E-04	-9.718173E-04	-7.288630E-04	+0.000000E+00	+1.214772E-03	+1.214772E-03	+0.000000E+00	-7.288630E-04	-9.718173E-04	-7.288630E-04	+0.000000E+00	+1.214772E-03	+1.214772E-03	+0.000000E+00	-7.288630E-04	-9.718173E-04	-7.288630E-04	+0.000000E+00	+1.214772E-03	+1.214772E-03	+0.000000E+00	-7.288630E-04	-9.718173E-04	-7.288630E-04	+0.000000E+00	+1.214772E-03	+1.214772E-03	+0.000000E+00	-7.288630E-04	-9.718173E-04	-7.288630E-04	+0.000000E+00	+1.214772E-03	+1.214772E-03	+0.000000E+00	-7.288630E-04	-9.718173E-04	-7.288630E-04	+0.000000E+00	+1.214772E-03	+1.214772E-03	+0.000000E+00	-7.288630E-04	-9.718173E-04
	A	-5.668934E-04	+5.668934E-04	+5.668934E-04	+0.000000E+00	-5.668934E-04	-5.668934E-04	+5.668934E-04	-5.668934E-04	+5.668934E-04	+5.668934E-04	+0.000000E+00	-5.668934E-04	-5.668934E-04	+5.668934E-04	-5.668934E-04	+5.668934E-04	+5.668934E-04	+0.000000E+00	-5.668934E-04	-5.668934E-04	+5.668934E-04	-5.668934E-04	+5.668934E-04	+5.668934E-04	+0.000000E+00	-5.668934E-04	-5.668934E-04	+5.668934E-04	-5.668934E-04	+5.668934E-04	+5.668934E-04	+0.000000E+00	-5.668934E-04	-5.668934E-04	+5.668934E-04	-5.668934E-04	+5.668934E-04	+5.668934E-04	+0.000000E+00	-5.668934E-04	-5.668934E-04	+5.668934E-04	-5.668934E-04	+5.668934E-04	+5.668934E-04	+0.000000E+00	-5.668934E-04	-5.668934E-04	+5.668934E-04	-5.668934E-04	+5.668934E-04	+5.668934E-04	+0.000000E+00	-5.668934E-04	-5.668934E-04	+5.668934E-04	-5.668934E-04	+5.668934E-04	+5.668934E-04	+0.000000E+00	-5.668934E-04	-5.668934E-04	+5.668934E-04	-5.668934E-04	+5.668934E-04	+5.668934E-04	+0.000000E+00	-5.668934E-04	-5.668934E-04	+5.668934E-04	-5.668934E-04	+5.668934E-04	+5.668934E-04	+0.000000E+00	-5.668934E-04	-5.668934E-04	+5.668934E-04	-5.668934E-04	+5.668934E-04	+5.668934E-04	+0.000000E+00	-5.668934E-04	-5.668934E-04	+5.668934E-04	-5.668934E-04	+5.668934E-04	+5.668934E-04	+0.000000E+00	-5.668934E-04	-5.668934E-04	+5.668934E-04	-5.668934E-04	+5.668934E-04	+5.668934E-04	+0.000000E+00	-5.668934E-04	-5.668934E-04	+5.668934E-04	-5.668934E-04	+5.668934E-04	+5.668934E-04	+0.000000E+00	-5.668934E-04	-5.668934E-04	+5.668934E-04	-5.668934E-04	+5.668934E-04	+5.668934E-04	+0.000000E+00	-5.668934E-04	-5.668934E-04	+5.668934E-04	-5.668934E-04	+5.668934E-04	+5.668934E-04	+0.000000E+00	-5.668934E-04	-5.668934E-04	+5.668934E-04	-5.668934E-04	+5.668934E-04	+5.668934E-04	+0.000000E+00	-5.668934E-04	-5.668934E-04	+5.668934E-04	-5.668934E-04	+5.668934E-04	+5.668934E-04	+0.000000E+00	-5.668934E-04	-5.668934E-04	+5.668934E-04	-5.668934E-04	+5.668934E-04	+5.668934E-04	+0.000000E+00	-5.668934E-04	-5.668934E-04	+5.668934E-04	-5.668934E-04	+5.668934E-04	+5.668934E-04	+0.000000E+00	-5.668934E-04	-5.668934E-04	+5.668934E-04	-5.668934E-04	+5.668934E-04	+5.668934E-04	+0.000000E+00	-5.668934E-04	-5.668934E-04	+5.668934E-04	-5.668934E-04	+5.668934E-04	+5.668934E-04	+0.000000E+00	-5.668934E-04	-5.668934E-04	+5.668934E-04	-5.668934E-04	+5.668934E-04	+5.668934E-04	+0.000000E+00	-5.668934E-04	-5.668934E-04	+5.668934E-04	-5.668934E-04	+5.668934E-04	+5.668934E-04	+0.000000E+00
	A	+1.457726E-03	-2.186589E-03	-4.373178E-03	-5.102041E-03	-4.373178E-03	-2.186589E-03	+1.457726E-03	+9.718173E-04	-1.457726E-03	-2.915452E-03	-3.401361E-03	-2.915452E-03	-1.457726E-03	+9.718173E-04	+4.859086E-04	-7.288630E-04	-1.457726E-03	-1.700680E-03	-1.457726E-03	-7.288630E-04	+4.859086E-04	+0.000000E+00	+0.000000E+00	+0.000000E+00	+0.000000E+00	+0.000000E+00	+0.000000E+00	+0.000000E+00	-4.859086E-04	+7.288630E-04	+1.457726E-03	+1.700680E-03	+1.457726E-03	+7.288630E-04	-4.859086E-04	-9.718173E-04	+1.457726E-03	+2.915452E-03	+3.401361E-03	+2.915452E-03	+1.457726E-03	-9.718173E-04	-1.457726E-03	+2.186589E-03	+4.373178E-03	+5.102041E-03	+4.373178E-03	+2.186589E-03	-1.457726E-03	+1.457726E-03	-2.186589E-03	-4.373178E-03	-5.102041E-03	-4.373178E-03	-2.186589E-03	+1.457726E-03	+9.718173E-04	-1.457726E-03	-2.915452E-03	-3.401361E-03	-2.915452E-03	-1.457726E-03	+9.718173E-04	+4.859086E-04	-7.288630E-04	-1.457726E-03	-1.700680E-03	-1.457726E-03	-7.288630E-04	+4.859086E-04	+0.000000E+00	+0.000000E+00	+0.000000E+00	+0.000000E+00	+0.000000E+00	+0.000000E+00	+0.000000E+00	-4.859086E-04	+7.288630E-04	+1.457726E-03	+1.700680E-03	+1.457726E-03	+7.288630E-04	-4.859086E-04	-9.718173E-04	+1.457726E-03	+2.915452E-03	+3.401361E-03	+2.915452E-03	+1.457726E-03	-9.718173E-04	-1.457726E-03	+2.186589E-03	+4.373178E-03	+5.102041E-03	+4.373178E-03	+2.186589E-03	-1.457726E-03	+1.457726E-03	-2.186589E-03	-4.373178E-03	-5.102041E-03	-4.373178E-03	-2.186589E-03	+1.457726E-03	+9.718173E-04	-1.457726E-03	-2.915452E-03	-3.401361E-03	-2.915452E-03	-1.457726E-03	+9.718173E-04	+4.859086E-04	-7.288630E-04	-1.457726E-03	-1.700680E-03	-1.457726E-03	-7.288630E-04	+4.859086E-04	+0.000000E+00	+0.000000E+00	+0.000000E+00	+0.000000E+00	+0.000000E+00	+0.000000E+00	+0.000000E+00	-4.859086E-04	+7.288630E-04	+1.457726E-03	+1.700680E-03	+1.457726E-03	+7.288630E-04	-4.859086E-04	-9.718173E-04	+1.457726E-03	+2.915452E-03	+3.401361E-03	+2.915452E-03	+1.457726E-03	-9.718173E-04	-1.457726E-03	+2.186589E-03	+4.373178E-03	+5.102041E-03	+4.373178E-03	+2.186589E-03	-1.457726E-03	+1.457726E-03	-2.186589E-03	-4.373178E-03	-5.102041E-03	-4.373178E-03	-2.186589E-03	+1.457726E-03	+9.718173E-04	-1.457726E-03	-2.915452E-03	-3.401361E-03	-2.915452E-03	-1.457726E-03	+9.718173E-04	+4.859086E-04	-7.288630E-04	-1.457726E-03	-1.700680E-03	-1.457726E-03	-7.288630E-04	+4.859086E-04	+0.000000E+00	+0.000000E+00	+0.000000E+00	+0.000000E+00
	S	-1.336249E-03	+4.069485E-03	+3.522838E-03	+0.000000E+00	-3.522838E-03	-4.069485E-03	+1.336249E-03	-8.908325E-04	+2.712990E-03	+2.348558E-03	+0.000000E+00	-2.348558E-03	-2.712990E-03	+8.908325E-04	-4.454163E-04	+1.356495E-03	+1.174279E-03	+0.000000E+00	-1.174279E-03	-1.356495E-03	+4.454163E-04	+0.000000E+00	+0.000000E+00	+0.000000E+00	+0.000000E+00	+0.000000E+00	+0.000000E+00	+0.000000E+00	+4.454163E-04	-1.356495E-03	-1.174279E-03	+0.000000E+00	+1.174279E-03	+1.356495E-03	-4.454163E-04	+8.908325E-04	-2.712990E-03	-2.348558E-03	+0.000000E+00	+2.348558E-03	+2.712990E-03	-8.908325E-04	+1.336249E-03	-4.069485E-03	-3.522838E-03	+0.000000E+00	+3.522838E-03	+4.069485E-03	-1.336249E-03	-1.336249E-03	+4.069485E-03	+3.522838E-03	+0.000000E+00	-3.522838E-03	-4.069485E-03	+1.336249E-03	-8.908325E-04	+2.712990E-03	+2.348558E-03	+0.000000E+00	-2.348558E-03	-2.712990E-03	+8.908325E-04	-4.454163E-04	+1.356495E-03	+1.174279E-03	+0.000000E+00	-1.174279E-03	-1.356495E-03	+4.454163E-04	+0.000000E+00	+0.000000E+00	+0.000000E+00	+0.000000E+00	+0.000000E+00	+0.000000E+00	+0.000000E+00	+4.454163E-04	-1.356495E-03	-1.174279E-03	+0.000000E+00	+1.174279E-03	+1.356495E-03	-4.454163E-04	+8.908325E-04	-2.712990E-03	-2.348558E-03	+0.000000E+00	+2.348558E-03	+2.712990E-03	-8.908325E-04	+1.336249E-03	-4.069485E-03	-3.522838E-03	+0.000000E+00	+3.522838E-03	+4.069485E-03	-1.336249E-03	-1.336249E-03	+4.069485E-03	+3.522838E-03	+0.000000E+00	-3.522838E-03	-4.069485E-03	+1.336249E-03	-8.908325E-04	+2.712990E-03	+2.348558E-03	+0.000000E+00	-2.348558E-03	-2.712990E-03	+8.908325E-04	-4.454163E-04	+1.356495E-03	+1.174279E-03	+0.000000E+00	-1.174279E-03	-1.356495E-03	+4.454163E-04	+0.000000E+00	+0.000000E+00	+0.000000E+00	+0.000000E+00	+0.000000E+00	+0.000000E+00	+0.000000E+00	+4.454163E-04	-1.356495E-03	-1.174279E-03	+0.000000E+00	+1.174279E-03	+1.356495E-03	-4.454163E-04	+8.908325E-04	-2.712990E-03	-2.348558E-03	+0.000000E+00	+2.348558E-03	+2.712990E-03	-8.908325E-04	+1.336249E-03	-4.069485E-03	-3.522838E-03	+0.000000E+00	+3.522838E-03	+4.069485E-03	-1.336249E-03	-1.336249E-03	+4.069485E-03	+3.522838E-03	+0.000000E+00	-3.522838E-03	-4.069485E-03	+1.336249E-03	-8.908325E-04	+2.712990E-03	+2.348558E-03	+0.000000E+00	-2.348558E-03	-2.712990E-03	+8.908325E-04	-4.454163E-04	+1.356495E-03	+1.174279E-03	+0.000000E+00	-1.174279E-03	-1.356495E-03	+4.454163E-04	+0.000000E+00	+0.000000E+00	+0.000000E+00	+0.000000E+00
	A	-9.110787E-04	+0.000000E+00	+5.466472E-04	+7.288630E-04	+5.466472E-04	+0.000000E+00	-9.110787E-04	-6.073858E-04	+0.000000E+00	+3.644315E-04	+4.859086E-04	+3.644315E-04	+0.000000E+00	-6.073858E-04	-3.036929E-04	+0.000000E+00	+1.822157E-04	+2.429543E-04	+1.822157E-04	+0.000000E+00	-3.036929E-04	+0.000000E+00	+0.000000E+00	+0.000000E+00	+0.000000E+00	+0.000000E+00	+0.000000E+00	+0.000000E+00	+3.036929E-04	+0.000000E+00	-1.822157E-04	-2.429543E-04	-1.822157E-04	+0.000000E+00	+3.036929E-04	+6.073858E-04	+0.000000E+00	-3.644315E-04	-4.859086E-04	-3.644315E-04	+0.000000E+00	+6.073858E-04	+9.110787E-04	+0.000000E+00	-5.466472E-04	-7.288630E-04	-5.466472E-04	+0.000000E+00	+9.110787E-04	-9.110787E-04	+0.000000E+00	+5.466472E-04	+7.288630E-04	+5.466472E-04	+0.000000E+00	-9.110787E-04	-6.073858E-04	+0.000000E+00	+3.644315E-04	+4.859086E-04	+3.644315E-04	+0.000000E+00	-6.073858E-04	-3.036929E-04	+0.000000E+00	+1.822157E-04	+2.429543E-04	+1.822157E-04	+0.000000E+00	-3.036929E-04	+0.000000E+00	+0.000000E+00	+0.000000E+00	+0.000000E+00	+0.000000E+00	+0.000000E+00	+0.000000E+00	+3.036929E-04	+0.000000E+00	-1.822157E-04	-2.429543E-04	-1.822157E-04	+0.000000E+00	+3.036929E-04	+6.073858E-04	+0.000000E+00	-3.644315E-04	-4.859086E-04	-3.644315E-04	+0.000000E+00	+6.073858E-04	+9.110787E-04	+0.000000E+00	-5.466472E-04	-7.288630E-04	-5.466472E-04	+0.000000E+00	+9.110787E-04	-9.110787E-04	+0.000000E+00	+5.466472E-04	+7.288630E-04	+5.466472E-04	+0.000000E+00	-9.110787E-04	-6.073858E-04	+0.000000E+00	+3.644315E-04	+4.859086E-04	+3.644315E-04	+0.000000E+00	-6.073858E-04	-3.036929E-04	+0.000000E+00	+1.822157E-04	+2.429543E-04	+1.822157E-04	+0.000000E+00	-3.036929E-04	+0.000000E+00	+0.000000E+00	+0.000000E+00	+0.000000E+00	+0.000000E+00	+0.000000E+00	+0.000000E+00	+3.036929E-04	+0.000000E+00	-1.822157E-04	-2.429543E-04	-1.822157E-04	+0.000000E+00	+3.036929E-04	+6.073858E-04	+0.000000E+00	-3.644315E-04	-4.859086E-04	-3.644315E-04	+0.000000E+00	+6.073858E-04	+9.110787E-04	+0.000000E+00	-5.466472E-04	-7.288630E-04	-5.466472E-04	+0.000000E+00	+9.110787E-04	-9.110787E-04	+0.000000E+00	+5.466472E-04	+7.288630E-04	+5.466472E-04	+0.000000E+00	-9.110787E-04	-6.073858E-04	+0.000000E+00	+3.644315E-04	+4.859086E-04	+3.644315E-04	+0.000000E+00	-6.073858E-04	-3.036929E-04	+0.000000E+00	+1.822157E-04	+2.429543E-04	+1.822157E-04	+0.000000E+00	-3.036929E-04	+0.000000E+00	+0.000000E+00	+0.000000E+00	+0.000000E+00
	S	+4.251701E-04	-4.251701E-04	-4.251701E-04	+0.000000E+00	+4.251701E-04	+4.251701E-04	-4.251701E-04	+2.834467E-04	-2.834467E-04	-2.834467E-04	+0.000000E+00	+2.834467E-04	+2.834467E-04	-2.834467E-04	+1.417234E-04	-1.417234E-04	-1.417234E-04	+0.000000E+00	+1.417234E-04	+1.417234E-04	-1.417234E-04	+0.000000E+00	+0.000000E+00	+0.000000E+00	+0.000000E+00	+0.000000E+00	+0.000000E+00	+0.000000E+00	-1.417234E-04	+1.417234E-04	+1.417234E-04	+0.000000E+00	-1.417234E-04	-1.417234E-04	+1.417234E-04	-2.834467E-04	+2.834467E-04	+2.834467E-04	+0.000000E+00	-2.834467E-04	-2.834467E-04	+2.834467E-04	-4.251701E-04	+4.251701E-04	+4.251701E-04	+0.000000E+00	-4.251701E-04	-4.251701E-04	+4.251701E-04	+4.251701E-04	-4.251701E-04	-4.251701E-04	+0.000000E+00	+4.251701E-04	+4.251701E-04	-4.251701E-04	+2.834467E-04	-2.834467E-04	-2.834467E-04	+0.000000E+00	+2.834467E-04	+2.834467E-04	-2.834467E-04	+1.417234E-04	-1.417234E-04	-1.417234E-04	+0.000000E+00	+1.417234E-04	+1.417234E-04	-1.417234E-04	+0.000000E+00	+0.000000E+00	+0.000000E+00	+0.000000E+00	+0.000000E+00	+0.000000E+00	+0.000000E+00	-1.417234E-04	+1.417234E-04	+1.417234E-04	+0.000000E+00	-1.417234E-04	-1.417234E-04	+1.417234E-04	-2.834467E-04	+2.834467E-04	+2.834467E-04	+0.000000E+00	-2.834467E-04	-2.834467E-04	+2.834467E-04	-4.251701E-04	+4.251701E-04	+4.251701E-04	+0.000000E+00	-4.251701E-04	-4.251701E-04	+4.251701E-04	+4.251701E-04	-4.251701E-04	-4.251701E-04	+0.000000E+00	+4.251701E-04	+4.251701E-04	-4.251701E-04	+2.834467E-04	-2.834467E-04	-2.834467E-04	+0.000000E+00	+2.834467E-04	+2.834467E-04	-2.834467E-04	+1.417234E-04	-1.417234E-04	-1.417234E-04	+0.000000E+00	+1.417234E-04	+1.417234E-04	-1.417234E-04	+0.000000E+00	+0.000000E+00	+0.000000E+00	+0.000000E+00	+0.000000E+00	+0.000000E+00	+0.000000E+00	-1.417234E-04	+1.417234E-04	+1.417234E-04	+0.000000E+00	-1.417234E-04	-1.417234E-04	+1.417234E-04	-2.834467E-04	+2.834467E-04	+2.834467E-04	+0.000000E+00	-2.834467E-04	-2.834467E-04	+2.834467E-04	-4.251701E-04	+4.251701E-04	+4.251701E-04	+0.000000E+00	-4.251701E-04	-4.251701E-04	+4.251701E-04	+4.251701E-04	-4.251701E-04	-4.251701E-04	+0.000000E+00	+4.251701E-04	+4.251701E-04	-4.251701E-04	+2.834467E-04	-2.834467E-04	-2.834467E-04	+0.000000E+00	+2.834467E-04	+2.834467E-04	-2.834467E-04	+1.417234E-04	-1.417234E-04	-1.417234E-04	+0.000000E+00	+1.417234E-04	+1.417234E-04	-1.417234E-04	+0.000000E+00	+0.000000E+00	+0.000000E+00	+0.000000E+00
	A	+1.457726E-03	-2.186589E-03	-4.373178E-03	-5.102041E-03	-4.373178E-03	-2.186589E-03	+1.457726E-03	+1.457726E-03	-2.186589E-03	-4.373178E-03	-5.102041E-03	-4.373178E-03	-2.186589E-03	+1.457726E-03	+1.457726E-03	-2.186589E-03	-4.373178E-03	-5.102041E-03	-4.373178E-03	-2.186589E-03	+1.457726E-03	+1.457726E-03	-2.186589E-03	-4.373178E-03	-5.102041E-03	-4.373178E-03	-2.186589E-03	+1.457726E-03	+1.457726E-03	-2.186589E-03	-4.373178E-03	-5.102041E-03	-4.373178E-03	-2.186589E-03	+1.457726E-03	+1.457726E-03	-2.186589E-03	-4.373178E-03	-5.102041E-03	-4.373178E-03	-2.186589E-03	+1.457726E-03	+1.457726E-03	-2.186589E-03	-4.373178E-03	-5.102041E-03	-4.373178E-03	-2.186589E-03	+1.457726E-03	+9.718173E-04	-1.457726E-03	-2.915452E-03	-3.401361E-03	-2.915452E-03	-1.457726E-03	+9.718173E-04	+9.718173E-04	-1.457726E-03	-2.915452E-03	-3.401361E-03	-2.915452E-03	-1.457726E-03	+9.718173E-04	+9.718173E-04	-1.457726E-03	-2.915452E-03	-3.401361E-03	-2.915452E-03	-1.457726E-03	+9.718173E-04	+9.718173E-04	-1.457726E-03	-2.915452E-03	-3.401361E-03	-2.915452E-03	-1.457726E-03	+9.718173E-04	+9.718173E-04	-1.457726E-03	-2.915452E-03	-3.401361E-03	-2.915452E-03	-1.457726E-03	+9.718173E-04	+9.718173E-04	-1.457726E-03	-2.915452E-03	-3.401361E-03	-2.915452E-03	-1.457726E-03	+9.718173E-04	+9.718173E-04	-1.457726E-03	-2.915452E-03	-3.401361E-03	-2.915452E-03	-1.457726E-03	+9.718173E-04	+4.859086E-04	-7.288630E-04	-1.457726E-03	-1.700680E-03	-1.457726E-03	-7.288630E-04	+4.859086E-04	+4.859086E-04	-7.288630E-04	-1.457726E-03	-1.700680E-03	-1.457726E-03	-7.288630E-04	+4.859086E-04	+4.859086E-04	-7.288630E-04	-1.457726E-03	-1.700680E-03	-1.457726E-03	-7.288630E-04	+4.859086E-04	+4.859086E-04	-7.288630E-04	-1.457726E-03	-1.700680E-03	-1.457726E-03	-7.288630E-04	+4.859086E-04	+4.859086E-04	-7.288630E-04	-1.457726E-03	-1.700680E-03	-1.457726E-03	-7.288630E-04	+4.859086E-04	+4.859086E-04	-7.288630E-04	-1.457726E-03	-1.700680E-03	-1.457726E-03	-7.288630E-04	+4.859086E-04	+4.859086E-04	-7.288630E-04	-1.457726E-03	-1.700680E-03	-1.457726E-03	-7.288630E-04	+4.859086E-04	+0.000000E+00	+0.000000E+00	+0.000000E+00	+0.000000E+00	+0.000000E+00	+0.000000E+00	+0.000000E+00	+0.000000E+00	+0.000000E+00	+0.000000E+00	+0.000000E+00	+0.000000E+00	+0.000000E+00	+0.000000E+00	+0.000000E+00	+0.000000E+00	+0.000000E+00	+0.000000E+00	+0.000000E+00	+0.000000E+00	+0.000000E+00	+0.000000E+00	+0.000000E+00	+0.000000E+00	+0.000000E+00
	S	-1.336249E-03	+4.069485E-03	+3.522838E-03	+0.000000E+00	-3.522838E-03	-4.069485E-03	+1.336249E-03	-1.336249E-03	+4.069485E-03	+3.522838E-03	+0.000000E+00	-3.522838E-03	-4.069485E-03	+1.336249E-03	-1.336249E-03	+4.069485E-03	+3.522838E-03	+0.000000E+00	-3.522838E-03	-4.069485E-03	+1.336249E-03	-1.336249E-03	+4.069485E-03	+3.522838E-03	+0.000000E+00	-3.522838E-03	-4.069485E-03	+1.336249E-03	-1.336249E-03	+4.069485E-03	+3.522838E-03	+0.000000E+00	-3.522838E-03	-4.069485E-03	+1.336249E-03	-1.336249E-03	+4.069485E-03	+3.522838E-03	+0.000000E+00	-3.522838E-03	-4.069485E-03	+1.336249E-03	-1.336249E-03	+4.069485E-03	+3.522838E-03	+0.000000E+00	-3.522838E-03	-4.069485E-03	+1.336249E-03	-8.908325E-04	+2.712990E-03	+2.348558E-03	+0.000000E+00	-2.348558E-03	-2.712990E-03	+8.908325E-04	-8.908325E-04	+2.712990E-03	+2.348558E-03	+0.000000E+00	-2.348558E-03	-2.712990E-03	+8.908325E-04	-8.908325E-04	+2.712990E-03	+2.348558E-03	+0.000000E+00	-2.348558E-03	-2.712990E-03	+8.908325E-04	-8.908325E-04	+2.712990E-03	+2.348558E-03	+0.000000E+00	-2.348558E-03	-2.712990E-03	+8.908325E-04	-8.908325E-04	+2.712990E-03	+2.348558E-03	+0.000000E+00	-2.348558E-03	-2.712990E-03	+8.908325E-04	-8.908325E-04	+2.712990E-03	+2.348558E-03	+0.000000E+00	-2.348558E-03	-2.712990E-03	+8.908325E-04	-8.908325E-04	+2.712990E-03	+2.348558E-03	+0.000000E+00	-2.348558E-03	-2.712990E-03	+8.908325E-04	-4.454163E-04	+1.356495E-03	+1.174279E-03	+0.000000E+00	-1.174279E-03	-1.356495E-03	+4.454163E-04	-4.454163E-04	+1.356495E-03	+1.174279E-03	+0.000000E+00	-1.174279E-03	-1.356495E-03	+4.454163E-04	-4.454163E-04	+1.356495E-03	+1.174279E-03	+0.000000E+00	-1.174279E-03	-1.356495E-03	+4.454163E-04	-4.454163E-04	+1.356495E-03	+1.174279E-03	+0.000000E+00	-1.174279E-03	-1.356495E-03	+4.454163E-04	-4.454163E-04	+1.356495E-03	+1.174279E-03	+0.000000E+00	-1.174279E-03	-1.356495E-03	+4.454163E-04	-4.454163E-04	+1.356495E-03	+1.174279E-03	+0.000000E+00	-1.174279E-03	-1.356495E-03	+4.454163E-04	-4.454163E-04	+1.356495E-03	+1.174279E-03	+0.000000E+00	-1.174279E-03	-1.356495E-03	+4.454163E-04	+0.000000E+00	+0.000000E+00	+0.000000E+00	+0.000000E+00	+0.000000E+00	+0.000000E+00	+0.000000E+00	+0.000000E+00	+0.000000E+00	+0.000000E+00	+0.000000E+00	+0.000000E+00	+0.000000E+00	+0.000000E+00	+0.000000E+00	+0.000000E+00	+0.000000E+00	+0.000000E+00	+0.000000E+00	+0.000000E+00	+0.000000E+00	+0.000000E+00	+0.000000E+00	+0.000000E+00	+0.000000E+00
	A	-9.110787E-04	+0.000000E+00	+5.466472E-04	+7.288630E-04	+5.466472E-04	+0.000000E+00	-9.110787E-04	-9.110787E-04	+0.000000E+00	+5.466472E-04	+7.288630E-04	+5.466472E-04	+0.000000E+00	-9.110787E-04	-9.110787E-04	+0.000000E+00	+5.466472E-04	+7.288630E-04	+5.466472E-04	+0.000000E+00	-9.110787E-04	-9.110787E-04	+0.000000E+00	+5.466472E-04	+7.288630E-04	+5.466472E-04	+0.000000E+00	-9.110787E-04	-9.110787E-04	+0.000000E+00	+5.466472E-04	+7.288630E-04	+5.466472E-04	+0.000000E+00	-9.110787E-04	-9.110787E-04	+0.000000E+00	+5.466472E-04	+7.288630E-04	+5.466472E-04	+0.000000E+00	-9.110787E-04	-9.110787E-04	+0.000000E+00	+5.466472E-04	+7.288630E-04	+5.466472E-04	+0.000000E+00	-9.110787E-04	-6.073858E-04	+0.000000E+00	+3.644315E-04	+4.859086E-04	+3.644315E-04	+0.000000E+00	-6.073858E-04	-6.073858E-04	+0.000000E+00	+3.644315E-04	+4.859086E-04	+3.644315E-04	+0.000000E+00	-6.073858E-04	-6.073858E-04	+0.000000E+00	+3.644315E-04	+4.859086E-04	+3.644315E-04	+0.000000E+00	-6.073858E-04	-6.073858E-04	+0.000000E+00	+3.644315E-04	+4.859086E-04	+3.644315E-04	+0.000000E+00	-6.073858E-04	-6.073858E-04	+0.000000E+00	+3.644315E-04	+4.859086E-04	+3.644315E-04	+0.000000E+00	-6.073858E-04	-6.073858E-04	+0.000000E+00	+3.644315E-04	+4.859086E-04	+3.644315E-04	+0.000000E+00	-6.073858E-04	-6.073858E-04	+0.000000E+00	+3.644315E-04	+4.859086E-04	+3.644315E-04	+0.000000E+00	-6.073858E-04	-3.036929E-04	+0.000000E+00	+1.822157E-04	+2.429543E-04	+1.822157E-04	+0.000000E+00	-3.036929E-04	-3.036929E-04	+0.000000E+00	+1.822157E-04	+2.429543E-04	+1.822157E-04	+0.000000E+00	-3.036929E-04	-3.036929E-04	+0.000000E+00	+1.822157E-04	+2.429543E-04	+1.822157E-04	+0.000000E+00	-3.036929E-04	-3.036929E-04	+0.000000E+00	+1.822157E-04	+2.429543E-04	+1.822157E-04	+0.000000E+00	-3.036929E-04	-3.036929E-04	+0.000000E+00	+1.822157E-04	+2.429543E-04	+1.822157E-04	+0.000000E+00	-3.036929E-04	-3.036929E-04	+0.000000E+00	+1.822157E-04	+2.429543E-04	+1.822157E-04	+0.000000E+00	-3.036929E-04	-3.036929E-04	+0.000000E+00	+1.822157E-04	+2.429543E-04	+1.822157E-04	+0.000000E+00	-3.036929E-04	+0.000000E+00	+0.000000E+00	+0.000000E+00	+0.000000E+00	+0.000000E+00	+0.000000E+00	+0.000000E+00	+0.000000E+00	+0.000000E+00	+0.000000E+00	+0.000000E+00	+0.000000E+00	+0.000000E+00	+0.000000E+00	+0.000000E+00	+0.000000E+00	+0.000000E+00	+0.000000E+00	+0.000000E+00	+0.000000E+00	+0.000000E+00	+0.000000E+00	+0.000000E+00	+0.000000E+00	+0.000000E+00
	S	+4.251701E-04	-4.251701E-04	-4.251701E-04	+0.000000E+00	+4.251701E-04	+4.251701E-04	-4.251701E-04	+4.251701E-04	-4.251701E-04	-4.251701E-04	+0.000000E+00	+4.251701E-04	+4.251701E-04	-4.251701E-04	+4.251701E-04	-4.251701E-04	-4.251701E-04	+0.000000E+00	+4.251701E-04	+4.251701E-04	-4.251701E-04	+4.251701E-04	-4.251701E-04	-4.251701E-04	+0.000000E+00	+4.251701E-04	+4.251701E-04	-4.251701E-04	+4.251701E-04	-4.251701E-04	-4.251701E-04	+0.000000E+00	+4.251701E-04	+4.251701E-04	-4.251701E-04	+4.251701E-04	-4.251701E-04	-4.251701E-04	+0.000000E+00	+4.251701E-04	+4.251701E-04	-4.251701E-04	+4.251701E-04	-4.251701E-04	-4.251701E-04	+0.000000E+00	+4.251701E-04	+4.251701E-04	-4.251701E-04	+2.834467E-04	-2.834467E-04	-2.834467E-04	+0.000000E+00	+2.834467E-04	+2.834467E-04	-2.834467E-04	+2.834467E-04	-2.834467E-04	-2.834467E-04	+0.000000E+00	+2.834467E-04	+2.834467E-04	-2.834467E-04	+2.834467E-04	-2.834467E-04	-2.834467E-04	+0.000000E+00	+2.834467E-04	+2.834467E-04	-2.834467E-04	+2.834467E-04	-2.834467E-04	-2.834467E-04	+0.000000E+00	+2.834467E-04	+2.834467E-04	-2.834467E-04	+2.834467E-04	-2.834467E-04	-2.834467E-04	+0.000000E+00	+2.834467E-04	+2.834467E-04	-2.834467E-04	+2.834467E-04	-2.834467E-04	-2.834467E-04	+0.000000E+00	+2.834467E-04	+2.834467E-04	-2.834467E-04	+2.834467E-04	-2.834467E-04	-2.834467E-04	+0.000000E+00	+2.834467E-04	+2.834467E-04	-2.834467E-04	+1.417234E-04	-1.417234E-04	-1.417234E-04	+0.000000E+00	+1.417234E-04	+1.417234E-04	-1.417234E-04	+1.417234E-04	-1.417234E-04	-1.417234E-04	+0.000000E+00	+1.417234E-04	+1.417234E-04	-1.417234E-04	+1.417234E-04	-1.417234E-04	-1.417234E-04	+0.000000E+00	+1.417234E-04	+1.417234E-04	-1.417234E-04	+1.417234E-04	-1.417234E-04	-1.417234E-04	+0.000000E+00	+1.417234E-04	+1.417234E-04	-1.417234E-04	+1.417234E-04	-1.417234E-04	-1.417234E-04	+0.000000E+00	+1.417234E-04	+1.417234E-04	-1.417234E-04	+1.417234E-04	-1.417234E-04	-1.417234E-04	+0.000000E+00	+1.417234E-04	+1.417234E-04	-1.417234E-04	+1.417234E-04	-1.417234E-04	-1.417234E-04	+0.000000E+00	+1.417234E-04	+1.417234E-04	-1.417234E-04	+0.000000E+00	+0.000000E+00	+0.000000E+00	+0.000000E+00	+0.000000E+00	+0.000000E+00	+0.000000E+00	+0.000000E+00	+0.000000E+00	+0.000000E+00	+0.000000E+00	+0.000000E+00	+0.000000E+00	+0.000000E+00	+0.000000E+00	+0.000000E+00	+0.000000E+00	+0.000000E+00	+0.000000E+00	+0.000000E+00	+0.000000E+00	+0.000000E+00	+0.000000E+00	+0.000000E+00	+0.000000E+00
	S	-1.093294E-03	+1.639942E-03	+3.279883E-03	+3.826531E-03	+3.279883E-03	+1.639942E-03	-1.093294E-03	-7.288630E-04	+1.093294E-03	+2.186589E-03	+2.551020E-03	+2.186589E-03	+1.093294E-03	-7.288630E-04	-3.644315E-04	+5.466472E-04	+1.093294E-03	+1.275510E-03	+1.093294E-03	+5.466472E-04	-3.644315E-04	+0.000000E+00	+0.000000E+00	+0.000000E+00	+0.000000E+00	+0.000000E+00	+0.000000E+00	+0.000000E+00	+3.644315E-04	-5.466472E-04	-1.093294E-03	-1.275510E-03	-1.093294E-03	-5.466472E-04	+3.644315E-04	+7.288630E-04	-1.093294E-03	-2.186589E-03	-2.551020E-03	-2.186589E-03	-1.093294E-03	+7.288630E-04	+1.093294E-03	-1.639942E-03	-3.279883E-03	-3.826531E-03	-3.279883E-03	-1.639942E-03	+1.093294E-03	-7.288630E-04	+1.093294E-03	+2.186589E-03	+2.551020E-03	+2.186589E-03	+1.093294E-03	-7.288630E-04	-4.859086E-04	+7.288630E-04	+1.457726E-03	+1.700680E-03	+1.457726E-03	+7.288630E-04	-4.859086E-04	-2.429543E-04	+3.644315E-04	+7.288630E-04	+8.503401E-04	+7.288630E-04	+3.644315E-04	-2.429543E-04	+0.000000E+00	+0.000000E+00	+0.000000E+00	+0.000000E+00	+0.000000E+00	+0.000000E+00	+0.000000E+00	+2.429543E-04	-3.644315E-04	-7.288630E-04	-8.503401E-04	-7.288630E-04	-3.644315E-04	+2.429543E-04	+4.859086E-04	-7.288630E-04	-1.457726E-03	-1.700680E-03	-1.457726E-03	-7.288630E-04	+4.859086E-04	+7.288630E-04	-1.093294E-03	-2.186589E-03	-2.551020E-03	-2.186589E-03	-1.093294E-03	+7.288630E-04	-3.644315E-04	+5.466472E-04	+1.093294E-03	+1.275510E-03	+1.093294E-03	+5.466472E-04	-3.644315E-04	-2.429543E-04	+3.644315E-04	+7.288630E-04	+8.503401E-04	+7.288630E-04	+3.644315E-04	-2.429543E-04	-1.214772E-04	+1.822157E-04	+3.644315E-04	+4.251701E-04	+3.644315E-04	+1.822157E-04	-1.214772E-04	+0.000000E+00	+0.000000E+00	+0.000000E+00	+0.000000E+00	+0.000000E+00	+0.000000E+00	+0.000000E+00	+1.214772E-04	-1.822157E-04	-3.644315E-04	-4.251701E-04	-3.644315E-04	-1.822157E-04	+1.214772E-04	+2.429543E-04	-3.644315E-04	-7.288630E-04	-8.503401E-04	-7.288630E-04	-3.644315E-04	+2.429543E-04	+3.644315E-04	-5.466472E-04	-1.093294E-03	-1.275510E-03	-1.093294E-03	-5.466472E-04	+3.644315E-04	+0.000000E+00	+0.000000E+00	+0.000000E+00	+0.000000E+00	+0.000000E+00	+0.000000E+00	+0.000000E+00	+0.000000E+00	+0.000000E+00	+0.000000E+00	+0.000000E+00	+0.000000E+00	+0.000000E+00	+0.000000E+00	+0.000000E+00	+0.000000E+00	+0.000000E+00	+0.000000E+00	+0.000000E+00	+0.000000E+00	+0.000000E+00	+0.000000E+00	+0.000000E+00	+0.000000E+00	+0.000000E+00
	A	+1.002187E-03	-3.052114E-03	-2.642128E-03	+0.000000E+00	+2.642128E-03	+3.052114E-03	-1.002187E-03	+6.681244E-04	-2.034742E-03	-1.761419E-03	+0.000000E+00	+1.761419E-03	+2.034742E-03	-6.681244E-04	+3.340622E-04	-1.017371E-03	-8.807094E-04	+0.000000E+00	+8.807094E-04	+1.017371E-03	-3.340622E-04	+0.000000E+00	+0.000000E+00	+0.000000E+00	+0.000000E+00	+0.000000E+00	+0.000000E+00	+0.000000E+00	-3.340622E-04	+1.017371E-03	+8.807094E-04	+0.000000E+00	-8.807094E-04	-1.017371E-03	+3.340622E-04	-6.681244E-04	+2.034742E-03	+1.761419E-03	+0.000000E+00	-1.761419E-03	-2.034742E-03	+6.681244E-04	-1.002187E-03	+3.052114E-03	+2.642128E-03	+0.000000E+00	-2.642128E-03	-3.052114E-03	+1.002187E-03	+6.681244E-04	-2.034742E-03	-1.761419E-03	+0.000000E+00	+1.761419E-03	+2.034742E-03	-6.681244E-04	+4.454163E-04	-1.356495E-03	-1.174279E-03	+0.000000E+00	+1.174279E-03	+1.356495E-03	-4.454163E-04	+2.227081E-04	-6.782475E-04	-5.871396E-04	+0.000000E+00	+5.871396E-04	+6.782475E-04	-2.227081E-04	+0.000000E+00	+0.000000E+00	+0.000000E+00	+0.000000E+00	+0.000000E+00	+0.000000E+00	+0.000000E+00	-2.227081E-04	+6.782475E-04	+5.871396E-04	+0.000000E+00	-5.871396E-04	-6.782475E-04	+2.227081E-04	-4.454163E-04	+1.356495E-03	+1.174279E-03	+0.000000E+00	-1.174279E-03	-1.356495E-03	+4.454163E-04	-6.681244E-04	+2.034742E-03	+1.761419E-03	+0.000000E+00	-1.761419E-03	-2.034742E-03	+6.681244E-04	+3.340622E-04	-1.017371E-03	-8.807094E-04	+0.000000E+00	+8.807094E-04	+1.017371E-03	-3.340622E-04	+2.227081E-04	-6.782475E-04	-5.871396E-04	+0.000000E+00	+5.871396E-04	+6.782475E-04	-2.227081E-04	+1.113541E-04	-3.391237E-04	-2.935698E-04	+0.000000E+00	+2.935698E-04	+3.391237E-04	-1.113541E-04	+0.000000E+00	+0.000000E+00	+0.000000E+00	+0.000000E+00	+0.000000E+00	+0.000000E+00	+0.000000E+00	-1.113541E-04	+3.391237E-04	+2.935698E-04	+0.000000E+00	-2.935698E-04	-3.391237E-04	+1.113541E-04	-2.227081E-04	+6.782475E-04	+5.871396E-04	+0.000000E+00	-5.871396E-04	-6.782475E-04	+2.227081E-04	-3.340622E-04	+1.017371E-03	+8.807094E-04	+0.000000E+00	-8.807094E-04	-1.017371E-03	+3.340622E-04	+0.000000E+00	+0.000000E+00	+0.000000E+00	+0.000000E+00	+0.000000E+00	+0.000000E+00	+0.000000E+00	+0.000000E+00	+0.000000E+00	+0.000000E+00	+0.000000E+00	+0.000000E+00	+0.000000E+00	+0.000000E+00	+0.000000E+00	+0.000000E+00	+0.000000E+00	+0.000000E+00	+0.000000E+00	+0.000000E+00	+0.000000E+00	+0.000000E+00	+0.000000E+00	+0.000000E+00	+0.000000E+00
	S	+6.833090E-04	+0.000000E+00	-4.099854E-04	-5.466472E-04	-4.099854E-04	+0.000000E+00	+6.833090E-04	+4.555394E-04	+0.000000E+00	-2.733236E-04	-3.644315E-04	-2.733236E-04	+0.000000E+00	+4.555394E-04	+2.277697E-04	+0.000000E+00	-1.366618E-04	-1.822157E-04	-1.366618E-04	+0.000000E+00	+2.277697E-04	+0.000000E+00	+0.000000E+00	+0.000000E+00	+0.000000E+00	+0.000000E+00	+0.000000E+00	+0.000000E+00	-2.277697E-04	+0.000000E+00	+1.366618E-04	+1.822157E-04	+1.366618E-04	+0.000000E+00	-2.277697E-04	-4.555394E-04	+0.000000E+00	+2.733236E-04	+3.644315E-04	+2.733236E-04	+0.000000E+00	-4.555394E-04	-6.833090E-04	+0.000000E+00	+4.099854E-04	+5.466472E-04	+4.099854E-04	+0.000000E+00	-6.833090E-04	+4.555394E-04	+0.000000E+00	-2.733236E-04	-3.644315E-04	-2.733236E-04	+0.000000E+00	+4.555394E-04	+3.036929E-04	+0.000000E+00	-1.822157E-04	-2.429543E-04	-1.822157E-04	+0.000000E+00	+3.036929E-04	+1.518465E-04	+0.000000E+00	-9.110787E-05	-1.214772E-04	-9.110787E-05	+0.000000E+00	+1.518465E-04	+0.000000E+00	+0.000000E+00	+0.000000E+00	+0.000000E+00	+0.000000E+00	+0.000000E+00	+0.000000E+00	-1.518465E-04	+0.000000E+00	+9.110787E-05	+1.214772E-04	+9.110787E-05	+0.000000E+00	-1.518465E-04	-3.036929E-04	+0.000000E+00	+1.822157E-04	+2.429543E-04	+1.822157E-04	+0.000000E+00	-3.036929E-04	-4.555394E-04	+0.000000E+00	+2.733236E-04	+3.644315E-04	+2.733236E-04	+0.000000E+00	-4.555394E-04	+2.277697E-04	+0.000000E+00	-1.366618E-04	-1.822157E-04	-1.366618E-04	+0.000000E+00	+2.277697E-04	+1.518465E-04	+0.000000E+00	-9.110787E-05	-1.214772E-04	-9.110787E-05	+0.000000E+00	+1.518465E-04	+7.592323E-05	+0.000000E+00	-4.555394E-05	-6.073858E-05	-4.555394E-05	+0.000000E+00	+7.592323E-05	+0.000000E+00	+0.000000E+00	+0.000000E+00	+0.000000E+00	+0.000000E+00	+0.000000E+00	+0.000000E+00	-7.592323E-05	+0.000000E+00	+4.555394E-05	+6.073858E-05	+4.555394E-05	+0.000000E+00	-7.592323E-05	-1.518465E-04	+0.000000E+00	+9.110787E-05	+1.214772E-04	+9.110787E-05	+0.000000E+00	-1.518465E-04	-2.277697E-04	+0.000000E+00	+1.366618E-04	+1.822157E-04	+1.366618E-04	+0.000000E+00	-2.277697E-04	+0.000000E+00	+0.000000E+00	+0.000000E+00	+0.000000E+00	+0.000000E+00	+0.000000E+00	+0.000000E+00	+0.000000E+00	+0.000000E+00	+0.000000E+00	+0.000000E+00	+0.000000E+00	+0.000000E+00	+0.000000E+00	+0.000000E+00	+0.000000E+00	+0.000000E+00	+0.000000E+00	+0.000000E+00	+0.000000E+00	+0.000000E+00	+0.000000E+00	+0.000000E+00	+0.000000E+00	+0.000000E+00
	A	-3.188776E-04	+3.188776E-04	+3.188776E-04	+0.000000E+00	-3.188776E-04	-3.188776E-04	+3.188776E-04	-2.125850E-04	+2.125850E-04	+2.125850E-04	+0.000000E+00	-2.125850E-04	-2.125850E-04	+2.125850E-04	-1.062925E-04	+1.062925E-04	+1.062925E-04	+0.000000E+00	-1.062925E-04	-1.062925E-04	+1.062925E-04	+0.000000E+00	+0.000000E+00	+0.000000E+00	+0.000000E+00	+0.000000E+00	+0.000000E+00	+0.000000E+00	+1.062925E-04	-1.062925E-04	-1.062925E-04	+0.000000E+00	+1.062925E-04	+1.062925E-04	-1.062925E-04	+2.125850E-04	-2.125850E-04	-2.125850E-04	+0.000000E+00	+2.125850E-04	+2.125850E-04	-2.125850E-04	+3.188776E-04	-3.188776E-04	-3.188776E-04	+0.000000E+00	+3.188776E-04	+3.188776E-04	-3.188776E-04	-2.125850E-04	+2.125850E-04	+2.125850E-04	+0.000000E+00	-2.125850E-04	-2.125850E-04	+2.125850E-04	-1.417234E-04	+1.417234E-04	+1.417234E-04	+0.000000E+00	-1.417234E-04	-1.417234E-04	+1.417234E-04	-7.086168E-05	+7.086168E-05	+7.086168E-05	+0.000000E+00	-7.086168E-05	-7.086168E-05	+7.086168E-05	+0.000000E+00	+0.000000E+00	+0.000000E+00	+0.000000E+00	+0.000000E+00	+0.000000E+00	+0.000000E+00	+7.086168E-05	-7.086168E-05	-7.086168E-05	+0.000000E+00	+7.086168E-05	+7.086168E-05	-7.086168E-05	+1.417234E-04	-1.417234E-04	-1.417234E-04	+0.000000E+00	+1.417234E-04	+1.417234E-04	-1.417234E-04	+2.125850E-04	-2.125850E-04	-2.125850E-04	+0.000000E+00	+2.125850E-04	+2.125850E-04	-2.125850E-04	-1.062925E-04	+1.062925E-04	+1.062925E-04	+0.000000E+00	-1.062925E-04	-1.062925E-04	+1.062925E-04	-7.086168E-05	+7.086168E-05	+7.086168E-05	+0.000000E+00	-7.086168E-05	-7.086168E-05	+7.086168E-05	-3.543084E-05	+3.543084E-05	+3.543084E-05	+0.000000E+00	-3.543084E-05	-3.543084E-05	+3.543084E-05	+0.000000E+00	+0.000000E+00	+0.000000E+00	+0.000000E+00	+0.000000E+00	+0.000000E+00	+0.000000E+00	+3.543084E-05	-3.543084E-05	-3.543084E-05	+0.000000E+00	+3.543084E-05	+3.543084E-05	-3.543084E-05	+7.086168E-05	-7.086168E-05	-7.086168E-05	+0.000000E+00	+7.086168E-05	+7.086168E-05	-7.086168E-05	+1.062925E-04	-1.062925E-04	-1.062925E-04	+0.000000E+00	+1.062925E-04	+1.062925E-04	-1.062925E-04	+0.000000E+00	+0.000000E+00	+0.000000E+00	+0.000000E+00	+0.000000E+00	+0.000000E+00	+0.000000E+00	+0.000000E+00	+0.000000E+00	+0.000000E+00	+0.000000E+00	+0.000000E+00	+0.000000E+00	+0.000000E+00	+0.000000E+00	+0.000000E+00	+0.000000E+00	+0.000000E+00	+0.000000E+00	+0.000000E+00	+0.000000E+00	+0.000000E+00	+0.000000E+00	+0.000000E+00	+0.000000E+00
# Matrix ends.
#
#
# ---------------------------------- LICENSE NOTICE -----------------------------------
# THIS DATA IS RELEASED UNDER THE CREATIVE COMMONS LICENSE "CC BY-NC-SA 4.0".
#   This license lets you remix, tweak, and build upon this work non-commercially,
#   as long as you credit me and license your new creations under the terms identical
#   to the current license.
# SEE "https://creativecommons.org/licenses/by-nc-sa/4.0" FOR DETAILS.
#
# RELEASED BY: Chandra Shekhar
#      E-mail: chandraiitk[AT]yahoo[DOT]co[DOT]in
#    Homepage: https://sites.google.com/site/chandraacads
# FOR ANY QUESTION OR COMMENT, OR FOR A COMMERCIAL LICENSE, PLEASE EMAIL ME.
#
# For additional details, please visit my homepage.
#
# ==================================== End of File ====================================
