# ================================== Start of File ====================================
# Spatial dimensions = 3
# Kernel size = 9x9x9
# Polynomial order = 1x1x1
# Size of the convolution coefficient matrix = 8x729
#
# Column# 1:
#    S/A => The left and the right halves of the row are symmetric(S)/anti-symmetric(A) about the middle column.
#           If symmetric elements on the right half, their signs are same as the corresponding elements on the left side.
#           If anti-symmetric elements, the signs are opposite.
# Column# 2~365 = the left-half columns of the row.
# Column# 366 = the middle column of the row.
# Column# 367~730, which are the right-half columns, are not stored, because they are symmetric/anti-symmetric
#           of the elements in the column# 365~2, respectively.
# Matrix starts:
	S	+1.371742E-03	+1.371742E-03	+1.371742E-03	+1.371742E-03	+1.371742E-03	+1.371742E-03	+1.371742E-03	+1.371742E-03	+1.371742E-03	+1.371742E-03	+1.371742E-03	+1.371742E-03	+1.371742E-03	+1.371742E-03	+1.371742E-03	+1.371742E-03	+1.371742E-03	+1.371742E-03	+1.371742E-03	+1.371742E-03	+1.371742E-03	+1.371742E-03	+1.371742E-03	+1.371742E-03	+1.371742E-03	+1.371742E-03	+1.371742E-03	+1.371742E-03	+1.371742E-03	+1.371742E-03	+1.371742E-03	+1.371742E-03	+1.371742E-03	+1.371742E-03	+1.371742E-03	+1.371742E-03	+1.371742E-03	+1.371742E-03	+1.371742E-03	+1.371742E-03	+1.371742E-03	+1.371742E-03	+1.371742E-03	+1.371742E-03	+1.371742E-03	+1.371742E-03	+1.371742E-03	+1.371742E-03	+1.371742E-03	+1.371742E-03	+1.371742E-03	+1.371742E-03	+1.371742E-03	+1.371742E-03	+1.371742E-03	+1.371742E-03	+1.371742E-03	+1.371742E-03	+1.371742E-03	+1.371742E-03	+1.371742E-03	+1.371742E-03	+1.371742E-03	+1.371742E-03	+1.371742E-03	+1.371742E-03	+1.371742E-03	+1.371742E-03	+1.371742E-03	+1.371742E-03	+1.371742E-03	+1.371742E-03	+1.371742E-03	+1.371742E-03	+1.371742E-03	+1.371742E-03	+1.371742E-03	+1.371742E-03	+1.371742E-03	+1.371742E-03	+1.371742E-03	+1.371742E-03	+1.371742E-03	+1.371742E-03	+1.371742E-03	+1.371742E-03	+1.371742E-03	+1.371742E-03	+1.371742E-03	+1.371742E-03	+1.371742E-03	+1.371742E-03	+1.371742E-03	+1.371742E-03	+1.371742E-03	+1.371742E-03	+1.371742E-03	+1.371742E-03	+1.371742E-03	+1.371742E-03	+1.371742E-03	+1.371742E-03	+1.371742E-03	+1.371742E-03	+1.371742E-03	+1.371742E-03	+1.371742E-03	+1.371742E-03	+1.371742E-03	+1.371742E-03	+1.371742E-03	+1.371742E-03	+1.371742E-03	+1.371742E-03	+1.371742E-03	+1.371742E-03	+1.371742E-03	+1.371742E-03	+1.371742E-03	+1.371742E-03	+1.371742E-03	+1.371742E-03	+1.371742E-03	+1.371742E-03	+1.371742E-03	+1.371742E-03	+1.371742E-03	+1.371742E-03	+1.371742E-03	+1.371742E-03	+1.371742E-03	+1.371742E-03	+1.371742E-03	+1.371742E-03	+1.371742E-03	+1.371742E-03	+1.371742E-03	+1.371742E-03	+1.371742E-03	+1.371742E-03	+1.371742E-03	+1.371742E-03	+1.371742E-03	+1.371742E-03	+1.371742E-03	+1.371742E-03	+1.371742E-03	+1.371742E-03	+1.371742E-03	+1.371742E-03	+1.371742E-03	+1.371742E-03	+1.371742E-03	+1.371742E-03	+1.371742E-03	+1.371742E-03	+1.371742E-03	+1.371742E-03	+1.371742E-03	+1.371742E-03	+1.371742E-03	+1.371742E-03	+1.371742E-03	+1.371742E-03	+1.371742E-03	+1.371742E-03	+1.371742E-03	+1.371742E-03	+1.371742E-03	+1.371742E-03	+1.371742E-03	+1.371742E-03	+1.371742E-03	+1.371742E-03	+1.371742E-03	+1.371742E-03	+1.371742E-03	+1.371742E-03	+1.371742E-03	+1.371742E-03	+1.371742E-03	+1.371742E-03	+1.371742E-03	+1.371742E-03	+1.371742E-03	+1.371742E-03	+1.371742E-03	+1.371742E-03	+1.371742E-03	+1.371742E-03	+1.371742E-03	+1.371742E-03	+1.371742E-03	+1.371742E-03	+1.371742E-03	+1.371742E-03	+1.371742E-03	+1.371742E-03	+1.371742E-03	+1.371742E-03	+1.371742E-03	+1.371742E-03	+1.371742E-03	+1.371742E-03	+1.371742E-03	+1.371742E-03	+1.371742E-03	+1.371742E-03	+1.371742E-03	+1.371742E-03	+1.371742E-03	+1.371742E-03	+1.371742E-03	+1.371742E-03	+1.371742E-03	+1.371742E-03	+1.371742E-03	+1.371742E-03	+1.371742E-03	+1.371742E-03	+1.371742E-03	+1.371742E-03	+1.371742E-03	+1.371742E-03	+1.371742E-03	+1.371742E-03	+1.371742E-03	+1.371742E-03	+1.371742E-03	+1.371742E-03	+1.371742E-03	+1.371742E-03	+1.371742E-03	+1.371742E-03	+1.371742E-03	+1.371742E-03	+1.371742E-03	+1.371742E-03	+1.371742E-03	+1.371742E-03	+1.371742E-03	+1.371742E-03	+1.371742E-03	+1.371742E-03	+1.371742E-03	+1.371742E-03	+1.371742E-03	+1.371742E-03	+1.371742E-03	+1.371742E-03	+1.371742E-03	+1.371742E-03	+1.371742E-03	+1.371742E-03	+1.371742E-03	+1.371742E-03	+1.371742E-03	+1.371742E-03	+1.371742E-03	+1.371742E-03	+1.371742E-03	+1.371742E-03	+1.371742E-03	+1.371742E-03	+1.371742E-03	+1.371742E-03	+1.371742E-03	+1.371742E-03	+1.371742E-03	+1.371742E-03	+1.371742E-03	+1.371742E-03	+1.371742E-03	+1.371742E-03	+1.371742E-03	+1.371742E-03	+1.371742E-03	+1.371742E-03	+1.371742E-03	+1.371742E-03	+1.371742E-03	+1.371742E-03	+1.371742E-03	+1.371742E-03	+1.371742E-03	+1.371742E-03	+1.371742E-03	+1.371742E-03	+1.371742E-03	+1.371742E-03	+1.371742E-03	+1.371742E-03	+1.371742E-03	+1.371742E-03	+1.371742E-03	+1.371742E-03	+1.371742E-03	+1.371742E-03	+1.371742E-03	+1.371742E-03	+1.371742E-03	+1.371742E-03	+1.371742E-03	+1.371742E-03	+1.371742E-03	+1.371742E-03	+1.371742E-03	+1.371742E-03	+1.371742E-03	+1.371742E-03	+1.371742E-03	+1.371742E-03	+1.371742E-03	+1.371742E-03	+1.371742E-03	+1.371742E-03	+1.371742E-03	+1.371742E-03	+1.371742E-03	+1.371742E-03	+1.371742E-03	+1.371742E-03	+1.371742E-03	+1.371742E-03	+1.371742E-03	+1.371742E-03	+1.371742E-03	+1.371742E-03	+1.371742E-03	+1.371742E-03	+1.371742E-03	+1.371742E-03	+1.371742E-03	+1.371742E-03	+1.371742E-03	+1.371742E-03	+1.371742E-03	+1.371742E-03	+1.371742E-03	+1.371742E-03	+1.371742E-03	+1.371742E-03	+1.371742E-03	+1.371742E-03	+1.371742E-03	+1.371742E-03	+1.371742E-03	+1.371742E-03	+1.371742E-03	+1.371742E-03	+1.371742E-03	+1.371742E-03	+1.371742E-03	+1.371742E-03	+1.371742E-03	+1.371742E-03	+1.371742E-03	+1.371742E-03	+1.371742E-03	+1.371742E-03	+1.371742E-03	+1.371742E-03	+1.371742E-03	+1.371742E-03	+1.371742E-03
	A	-8.230453E-04	-6.172840E-04	-4.115226E-04	-2.057613E-04	+0.000000E+00	+2.057613E-04	+4.115226E-04	+6.172840E-04	+8.230453E-04	-8.230453E-04	-6.172840E-04	-4.115226E-04	-2.057613E-04	+0.000000E+00	+2.057613E-04	+4.115226E-04	+6.172840E-04	+8.230453E-04	-8.230453E-04	-6.172840E-04	-4.115226E-04	-2.057613E-04	+0.000000E+00	+2.057613E-04	+4.115226E-04	+6.172840E-04	+8.230453E-04	-8.230453E-04	-6.172840E-04	-4.115226E-04	-2.057613E-04	+0.000000E+00	+2.057613E-04	+4.115226E-04	+6.172840E-04	+8.230453E-04	-8.230453E-04	-6.172840E-04	-4.115226E-04	-2.057613E-04	+0.000000E+00	+2.057613E-04	+4.115226E-04	+6.172840E-04	+8.230453E-04	-8.230453E-04	-6.172840E-04	-4.115226E-04	-2.057613E-04	+0.000000E+00	+2.057613E-04	+4.115226E-04	+6.172840E-04	+8.230453E-04	-8.230453E-04	-6.172840E-04	-4.115226E-04	-2.057613E-04	+0.000000E+00	+2.057613E-04	+4.115226E-04	+6.172840E-04	+8.230453E-04	-8.230453E-04	-6.172840E-04	-4.115226E-04	-2.057613E-04	+0.000000E+00	+2.057613E-04	+4.115226E-04	+6.172840E-04	+8.230453E-04	-8.230453E-04	-6.172840E-04	-4.115226E-04	-2.057613E-04	+0.000000E+00	+2.057613E-04	+4.115226E-04	+6.172840E-04	+8.230453E-04	-8.230453E-04	-6.172840E-04	-4.115226E-04	-2.057613E-04	+0.000000E+00	+2.057613E-04	+4.115226E-04	+6.172840E-04	+8.230453E-04	-8.230453E-04	-6.172840E-04	-4.115226E-04	-2.057613E-04	+0.000000E+00	+2.057613E-04	+4.115226E-04	+6.172840E-04	+8.230453E-04	-8.230453E-04	-6.172840E-04	-4.115226E-04	-2.057613E-04	+0.000000E+00	+2.057613E-04	+4.115226E-04	+6.172840E-04	+8.230453E-04	-8.230453E-04	-6.172840E-04	-4.115226E-04	-2.057613E-04	+0.000000E+00	+2.057613E-04	+4.115226E-04	+6.172840E-04	+8.230453E-04	-8.230453E-04	-6.172840E-04	-4.115226E-04	-2.057613E-04	+0.000000E+00	+2.057613E-04	+4.115226E-04	+6.172840E-04	+8.230453E-04	-8.230453E-04	-6.172840E-04	-4.115226E-04	-2.057613E-04	+0.000000E+00	+2.057613E-04	+4.115226E-04	+6.172840E-04	+8.230453E-04	-8.230453E-04	-6.172840E-04	-4.115226E-04	-2.057613E-04	+0.000000E+00	+2.057613E-04	+4.115226E-04	+6.172840E-04	+8.230453E-04	-8.230453E-04	-6.172840E-04	-4.115226E-04	-2.057613E-04	+0.000000E+00	+2.057613E-04	+4.115226E-04	+6.172840E-04	+8.230453E-04	-8.230453E-04	-6.172840E-04	-4.115226E-04	-2.057613E-04	+0.000000E+00	+2.057613E-04	+4.115226E-04	+6.172840E-04	+8.230453E-04	-8.230453E-04	-6.172840E-04	-4.115226E-04	-2.057613E-04	+0.000000E+00	+2.057613E-04	+4.115226E-04	+6.172840E-04	+8.230453E-04	-8.230453E-04	-6.172840E-04	-4.115226E-04	-2.057613E-04	+0.000000E+00	+2.057613E-04	+4.115226E-04	+6.172840E-04	+8.230453E-04	-8.230453E-04	-6.172840E-04	-4.115226E-04	-2.057613E-04	+0.000000E+00	+2.057613E-04	+4.115226E-04	+6.172840E-04	+8.230453E-04	-8.230453E-04	-6.172840E-04	-4.115226E-04	-2.057613E-04	+0.000000E+00	+2.057613E-04	+4.115226E-04	+6.172840E-04	+8.230453E-04	-8.230453E-04	-6.172840E-04	-4.115226E-04	-2.057613E-04	+0.000000E+00	+2.057613E-04	+4.115226E-04	+6.172840E-04	+8.230453E-04	-8.230453E-04	-6.172840E-04	-4.115226E-04	-2.057613E-04	+0.000000E+00	+2.057613E-04	+4.115226E-04	+6.172840E-04	+8.230453E-04	-8.230453E-04	-6.172840E-04	-4.115226E-04	-2.057613E-04	+0.000000E+00	+2.057613E-04	+4.115226E-04	+6.172840E-04	+8.230453E-04	-8.230453E-04	-6.172840E-04	-4.115226E-04	-2.057613E-04	+0.000000E+00	+2.057613E-04	+4.115226E-04	+6.172840E-04	+8.230453E-04	-8.230453E-04	-6.172840E-04	-4.115226E-04	-2.057613E-04	+0.000000E+00	+2.057613E-04	+4.115226E-04	+6.172840E-04	+8.230453E-04	-8.230453E-04	-6.172840E-04	-4.115226E-04	-2.057613E-04	+0.000000E+00	+2.057613E-04	+4.115226E-04	+6.172840E-04	+8.230453E-04	-8.230453E-04	-6.172840E-04	-4.115226E-04	-2.057613E-04	+0.000000E+00	+2.057613E-04	+4.115226E-04	+6.172840E-04	+8.230453E-04	-8.230453E-04	-6.172840E-04	-4.115226E-04	-2.057613E-04	+0.000000E+00	+2.057613E-04	+4.115226E-04	+6.172840E-04	+8.230453E-04	-8.230453E-04	-6.172840E-04	-4.115226E-04	-2.057613E-04	+0.000000E+00	+2.057613E-04	+4.115226E-04	+6.172840E-04	+8.230453E-04	-8.230453E-04	-6.172840E-04	-4.115226E-04	-2.057613E-04	+0.000000E+00	+2.057613E-04	+4.115226E-04	+6.172840E-04	+8.230453E-04	-8.230453E-04	-6.172840E-04	-4.115226E-04	-2.057613E-04	+0.000000E+00	+2.057613E-04	+4.115226E-04	+6.172840E-04	+8.230453E-04	-8.230453E-04	-6.172840E-04	-4.115226E-04	-2.057613E-04	+0.000000E+00	+2.057613E-04	+4.115226E-04	+6.172840E-04	+8.230453E-04	-8.230453E-04	-6.172840E-04	-4.115226E-04	-2.057613E-04	+0.000000E+00	+2.057613E-04	+4.115226E-04	+6.172840E-04	+8.230453E-04	-8.230453E-04	-6.172840E-04	-4.115226E-04	-2.057613E-04	+0.000000E+00	+2.057613E-04	+4.115226E-04	+6.172840E-04	+8.230453E-04	-8.230453E-04	-6.172840E-04	-4.115226E-04	-2.057613E-04	+0.000000E+00	+2.057613E-04	+4.115226E-04	+6.172840E-04	+8.230453E-04	-8.230453E-04	-6.172840E-04	-4.115226E-04	-2.057613E-04	+0.000000E+00	+2.057613E-04	+4.115226E-04	+6.172840E-04	+8.230453E-04	-8.230453E-04	-6.172840E-04	-4.115226E-04	-2.057613E-04	+0.000000E+00	+2.057613E-04	+4.115226E-04	+6.172840E-04	+8.230453E-04	-8.230453E-04	-6.172840E-04	-4.115226E-04	-2.057613E-04	+0.000000E+00	+2.057613E-04	+4.115226E-04	+6.172840E-04	+8.230453E-04	-8.230453E-04	-6.172840E-04	-4.115226E-04	-2.057613E-04	+0.000000E+00
	A	-8.230453E-04	-8.230453E-04	-8.230453E-04	-8.230453E-04	-8.230453E-04	-8.230453E-04	-8.230453E-04	-8.230453E-04	-8.230453E-04	-6.172840E-04	-6.172840E-04	-6.172840E-04	-6.172840E-04	-6.172840E-04	-6.172840E-04	-6.172840E-04	-6.172840E-04	-6.172840E-04	-4.115226E-04	-4.115226E-04	-4.115226E-04	-4.115226E-04	-4.115226E-04	-4.115226E-04	-4.115226E-04	-4.115226E-04	-4.115226E-04	-2.057613E-04	-2.057613E-04	-2.057613E-04	-2.057613E-04	-2.057613E-04	-2.057613E-04	-2.057613E-04	-2.057613E-04	-2.057613E-04	+0.000000E+00	+0.000000E+00	+0.000000E+00	+0.000000E+00	+0.000000E+00	+0.000000E+00	+0.000000E+00	+0.000000E+00	+0.000000E+00	+2.057613E-04	+2.057613E-04	+2.057613E-04	+2.057613E-04	+2.057613E-04	+2.057613E-04	+2.057613E-04	+2.057613E-04	+2.057613E-04	+4.115226E-04	+4.115226E-04	+4.115226E-04	+4.115226E-04	+4.115226E-04	+4.115226E-04	+4.115226E-04	+4.115226E-04	+4.115226E-04	+6.172840E-04	+6.172840E-04	+6.172840E-04	+6.172840E-04	+6.172840E-04	+6.172840E-04	+6.172840E-04	+6.172840E-04	+6.172840E-04	+8.230453E-04	+8.230453E-04	+8.230453E-04	+8.230453E-04	+8.230453E-04	+8.230453E-04	+8.230453E-04	+8.230453E-04	+8.230453E-04	-8.230453E-04	-8.230453E-04	-8.230453E-04	-8.230453E-04	-8.230453E-04	-8.230453E-04	-8.230453E-04	-8.230453E-04	-8.230453E-04	-6.172840E-04	-6.172840E-04	-6.172840E-04	-6.172840E-04	-6.172840E-04	-6.172840E-04	-6.172840E-04	-6.172840E-04	-6.172840E-04	-4.115226E-04	-4.115226E-04	-4.115226E-04	-4.115226E-04	-4.115226E-04	-4.115226E-04	-4.115226E-04	-4.115226E-04	-4.115226E-04	-2.057613E-04	-2.057613E-04	-2.057613E-04	-2.057613E-04	-2.057613E-04	-2.057613E-04	-2.057613E-04	-2.057613E-04	-2.057613E-04	+0.000000E+00	+0.000000E+00	+0.000000E+00	+0.000000E+00	+0.000000E+00	+0.000000E+00	+0.000000E+00	+0.000000E+00	+0.000000E+00	+2.057613E-04	+2.057613E-04	+2.057613E-04	+2.057613E-04	+2.057613E-04	+2.057613E-04	+2.057613E-04	+2.057613E-04	+2.057613E-04	+4.115226E-04	+4.115226E-04	+4.115226E-04	+4.115226E-04	+4.115226E-04	+4.115226E-04	+4.115226E-04	+4.115226E-04	+4.115226E-04	+6.172840E-04	+6.172840E-04	+6.172840E-04	+6.172840E-04	+6.172840E-04	+6.172840E-04	+6.172840E-04	+6.172840E-04	+6.172840E-04	+8.230453E-04	+8.230453E-04	+8.230453E-04	+8.230453E-04	+8.230453E-04	+8.230453E-04	+8.230453E-04	+8.230453E-04	+8.230453E-04	-8.230453E-04	-8.230453E-04	-8.230453E-04	-8.230453E-04	-8.230453E-04	-8.230453E-04	-8.230453E-04	-8.230453E-04	-8.230453E-04	-6.172840E-04	-6.172840E-04	-6.172840E-04	-6.172840E-04	-6.172840E-04	-6.172840E-04	-6.172840E-04	-6.172840E-04	-6.172840E-04	-4.115226E-04	-4.115226E-04	-4.115226E-04	-4.115226E-04	-4.115226E-04	-4.115226E-04	-4.115226E-04	-4.115226E-04	-4.115226E-04	-2.057613E-04	-2.057613E-04	-2.057613E-04	-2.057613E-04	-2.057613E-04	-2.057613E-04	-2.057613E-04	-2.057613E-04	-2.057613E-04	+0.000000E+00	+0.000000E+00	+0.000000E+00	+0.000000E+00	+0.000000E+00	+0.000000E+00	+0.000000E+00	+0.000000E+00	+0.000000E+00	+2.057613E-04	+2.057613E-04	+2.057613E-04	+2.057613E-04	+2.057613E-04	+2.057613E-04	+2.057613E-04	+2.057613E-04	+2.057613E-04	+4.115226E-04	+4.115226E-04	+4.115226E-04	+4.115226E-04	+4.115226E-04	+4.115226E-04	+4.115226E-04	+4.115226E-04	+4.115226E-04	+6.172840E-04	+6.172840E-04	+6.172840E-04	+6.172840E-04	+6.172840E-04	+6.172840E-04	+6.172840E-04	+6.172840E-04	+6.172840E-04	+8.230453E-04	+8.230453E-04	+8.230453E-04	+8.230453E-04	+8.230453E-04	+8.230453E-04	+8.230453E-04	+8.230453E-04	+8.230453E-04	-8.230453E-04	-8.230453E-04	-8.230453E-04	-8.230453E-04	-8.230453E-04	-8.230453E-04	-8.230453E-04	-8.230453E-04	-8.230453E-04	-6.172840E-04	-6.172840E-04	-6.172840E-04	-6.172840E-04	-6.172840E-04	-6.172840E-04	-6.172840E-04	-6.172840E-04	-6.172840E-04	-4.115226E-04	-4.115226E-04	-4.115226E-04	-4.115226E-04	-4.115226E-04	-4.115226E-04	-4.115226E-04	-4.115226E-04	-4.115226E-04	-2.057613E-04	-2.057613E-04	-2.057613E-04	-2.057613E-04	-2.057613E-04	-2.057613E-04	-2.057613E-04	-2.057613E-04	-2.057613E-04	+0.000000E+00	+0.000000E+00	+0.000000E+00	+0.000000E+00	+0.000000E+00	+0.000000E+00	+0.000000E+00	+0.000000E+00	+0.000000E+00	+2.057613E-04	+2.057613E-04	+2.057613E-04	+2.057613E-04	+2.057613E-04	+2.057613E-04	+2.057613E-04	+2.057613E-04	+2.057613E-04	+4.115226E-04	+4.115226E-04	+4.115226E-04	+4.115226E-04	+4.115226E-04	+4.115226E-04	+4.115226E-04	+4.115226E-04	+4.115226E-04	+6.172840E-04	+6.172840E-04	+6.172840E-04	+6.172840E-04	+6.172840E-04	+6.172840E-04	+6.172840E-04	+6.172840E-04	+6.172840E-04	+8.230453E-04	+8.230453E-04	+8.230453E-04	+8.230453E-04	+8.230453E-04	+8.230453E-04	+8.230453E-04	+8.230453E-04	+8.230453E-04	-8.230453E-04	-8.230453E-04	-8.230453E-04	-8.230453E-04	-8.230453E-04	-8.230453E-04	-8.230453E-04	-8.230453E-04	-8.230453E-04	-6.172840E-04	-6.172840E-04	-6.172840E-04	-6.172840E-04	-6.172840E-04	-6.172840E-04	-6.172840E-04	-6.172840E-04	-6.172840E-04	-4.115226E-04	-4.115226E-04	-4.115226E-04	-4.115226E-04	-4.115226E-04	-4.115226E-04	-4.115226E-04	-4.115226E-04	-4.115226E-04	-2.057613E-04	-2.057613E-04	-2.057613E-04	-2.057613E-04	-2.057613E-04	-2.057613E-04	-2.057613E-04	-2.057613E-04	-2.057613E-04	+0.000000E+00	+0.000000E+00	+0.000000E+00	+0.000000E+00	+0.000000E+00
	S	+4.938272E-04	+3.703704E-04	+2.469136E-04	+1.234568E-04	+0.000000E+00	-1.234568E-04	-2.469136E-04	-3.703704E-04	-4.938272E-04	+3.703704E-04	+2.777778E-04	+1.851852E-04	+9.259259E-05	+0.000000E+00	-9.259259E-05	-1.851852E-04	-2.777778E-04	-3.703704E-04	+2.469136E-04	+1.851852E-04	+1.234568E-04	+6.172840E-05	+0.000000E+00	-6.172840E-05	-1.234568E-04	-1.851852E-04	-2.469136E-04	+1.234568E-04	+9.259259E-05	+6.172840E-05	+3.086420E-05	+0.000000E+00	-3.086420E-05	-6.172840E-05	-9.259259E-05	-1.234568E-04	+0.000000E+00	+0.000000E+00	+0.000000E+00	+0.000000E+00	+0.000000E+00	+0.000000E+00	+0.000000E+00	+0.000000E+00	+0.000000E+00	-1.234568E-04	-9.259259E-05	-6.172840E-05	-3.086420E-05	+0.000000E+00	+3.086420E-05	+6.172840E-05	+9.259259E-05	+1.234568E-04	-2.469136E-04	-1.851852E-04	-1.234568E-04	-6.172840E-05	+0.000000E+00	+6.172840E-05	+1.234568E-04	+1.851852E-04	+2.469136E-04	-3.703704E-04	-2.777778E-04	-1.851852E-04	-9.259259E-05	+0.000000E+00	+9.259259E-05	+1.851852E-04	+2.777778E-04	+3.703704E-04	-4.938272E-04	-3.703704E-04	-2.469136E-04	-1.234568E-04	+0.000000E+00	+1.234568E-04	+2.469136E-04	+3.703704E-04	+4.938272E-04	+4.938272E-04	+3.703704E-04	+2.469136E-04	+1.234568E-04	+0.000000E+00	-1.234568E-04	-2.469136E-04	-3.703704E-04	-4.938272E-04	+3.703704E-04	+2.777778E-04	+1.851852E-04	+9.259259E-05	+0.000000E+00	-9.259259E-05	-1.851852E-04	-2.777778E-04	-3.703704E-04	+2.469136E-04	+1.851852E-04	+1.234568E-04	+6.172840E-05	+0.000000E+00	-6.172840E-05	-1.234568E-04	-1.851852E-04	-2.469136E-04	+1.234568E-04	+9.259259E-05	+6.172840E-05	+3.086420E-05	+0.000000E+00	-3.086420E-05	-6.172840E-05	-9.259259E-05	-1.234568E-04	+0.000000E+00	+0.000000E+00	+0.000000E+00	+0.000000E+00	+0.000000E+00	+0.000000E+00	+0.000000E+00	+0.000000E+00	+0.000000E+00	-1.234568E-04	-9.259259E-05	-6.172840E-05	-3.086420E-05	+0.000000E+00	+3.086420E-05	+6.172840E-05	+9.259259E-05	+1.234568E-04	-2.469136E-04	-1.851852E-04	-1.234568E-04	-6.172840E-05	+0.000000E+00	+6.172840E-05	+1.234568E-04	+1.851852E-04	+2.469136E-04	-3.703704E-04	-2.777778E-04	-1.851852E-04	-9.259259E-05	+0.000000E+00	+9.259259E-05	+1.851852E-04	+2.777778E-04	+3.703704E-04	-4.938272E-04	-3.703704E-04	-2.469136E-04	-1.234568E-04	+0.000000E+00	+1.234568E-04	+2.469136E-04	+3.703704E-04	+4.938272E-04	+4.938272E-04	+3.703704E-04	+2.469136E-04	+1.234568E-04	+0.000000E+00	-1.234568E-04	-2.469136E-04	-3.703704E-04	-4.938272E-04	+3.703704E-04	+2.777778E-04	+1.851852E-04	+9.259259E-05	+0.000000E+00	-9.259259E-05	-1.851852E-04	-2.777778E-04	-3.703704E-04	+2.469136E-04	+1.851852E-04	+1.234568E-04	+6.172840E-05	+0.000000E+00	-6.172840E-05	-1.234568E-04	-1.851852E-04	-2.469136E-04	+1.234568E-04	+9.259259E-05	+6.172840E-05	+3.086420E-05	+0.000000E+00	-3.086420E-05	-6.172840E-05	-9.259259E-05	-1.234568E-04	+0.000000E+00	+0.000000E+00	+0.000000E+00	+0.000000E+00	+0.000000E+00	+0.000000E+00	+0.000000E+00	+0.000000E+00	+0.000000E+00	-1.234568E-04	-9.259259E-05	-6.172840E-05	-3.086420E-05	+0.000000E+00	+3.086420E-05	+6.172840E-05	+9.259259E-05	+1.234568E-04	-2.469136E-04	-1.851852E-04	-1.234568E-04	-6.172840E-05	+0.000000E+00	+6.172840E-05	+1.234568E-04	+1.851852E-04	+2.469136E-04	-3.703704E-04	-2.777778E-04	-1.851852E-04	-9.259259E-05	+0.000000E+00	+9.259259E-05	+1.851852E-04	+2.777778E-04	+3.703704E-04	-4.938272E-04	-3.703704E-04	-2.469136E-04	-1.234568E-04	+0.000000E+00	+1.234568E-04	+2.469136E-04	+3.703704E-04	+4.938272E-04	+4.938272E-04	+3.703704E-04	+2.469136E-04	+1.234568E-04	+0.000000E+00	-1.234568E-04	-2.469136E-04	-3.703704E-04	-4.938272E-04	+3.703704E-04	+2.777778E-04	+1.851852E-04	+9.259259E-05	+0.000000E+00	-9.259259E-05	-1.851852E-04	-2.777778E-04	-3.703704E-04	+2.469136E-04	+1.851852E-04	+1.234568E-04	+6.172840E-05	+0.000000E+00	-6.172840E-05	-1.234568E-04	-1.851852E-04	-2.469136E-04	+1.234568E-04	+9.259259E-05	+6.172840E-05	+3.086420E-05	+0.000000E+00	-3.086420E-05	-6.172840E-05	-9.259259E-05	-1.234568E-04	+0.000000E+00	+0.000000E+00	+0.000000E+00	+0.000000E+00	+0.000000E+00	+0.000000E+00	+0.000000E+00	+0.000000E+00	+0.000000E+00	-1.234568E-04	-9.259259E-05	-6.172840E-05	-3.086420E-05	+0.000000E+00	+3.086420E-05	+6.172840E-05	+9.259259E-05	+1.234568E-04	-2.469136E-04	-1.851852E-04	-1.234568E-04	-6.172840E-05	+0.000000E+00	+6.172840E-05	+1.234568E-04	+1.851852E-04	+2.469136E-04	-3.703704E-04	-2.777778E-04	-1.851852E-04	-9.259259E-05	+0.000000E+00	+9.259259E-05	+1.851852E-04	+2.777778E-04	+3.703704E-04	-4.938272E-04	-3.703704E-04	-2.469136E-04	-1.234568E-04	+0.000000E+00	+1.234568E-04	+2.469136E-04	+3.703704E-04	+4.938272E-04	+4.938272E-04	+3.703704E-04	+2.469136E-04	+1.234568E-04	+0.000000E+00	-1.234568E-04	-2.469136E-04	-3.703704E-04	-4.938272E-04	+3.703704E-04	+2.777778E-04	+1.851852E-04	+9.259259E-05	+0.000000E+00	-9.259259E-05	-1.851852E-04	-2.777778E-04	-3.703704E-04	+2.469136E-04	+1.851852E-04	+1.234568E-04	+6.172840E-05	+0.000000E+00	-6.172840E-05	-1.234568E-04	-1.851852E-04	-2.469136E-04	+1.234568E-04	+9.259259E-05	+6.172840E-05	+3.086420E-05	+0.000000E+00	-3.086420E-05	-6.172840E-05	-9.259259E-05	-1.234568E-04	+0.000000E+00	+0.000000E+00	+0.000000E+00	+0.000000E+00	+0.000000E+00
	A	-8.230453E-04	-8.230453E-04	-8.230453E-04	-8.230453E-04	-8.230453E-04	-8.230453E-04	-8.230453E-04	-8.230453E-04	-8.230453E-04	-8.230453E-04	-8.230453E-04	-8.230453E-04	-8.230453E-04	-8.230453E-04	-8.230453E-04	-8.230453E-04	-8.230453E-04	-8.230453E-04	-8.230453E-04	-8.230453E-04	-8.230453E-04	-8.230453E-04	-8.230453E-04	-8.230453E-04	-8.230453E-04	-8.230453E-04	-8.230453E-04	-8.230453E-04	-8.230453E-04	-8.230453E-04	-8.230453E-04	-8.230453E-04	-8.230453E-04	-8.230453E-04	-8.230453E-04	-8.230453E-04	-8.230453E-04	-8.230453E-04	-8.230453E-04	-8.230453E-04	-8.230453E-04	-8.230453E-04	-8.230453E-04	-8.230453E-04	-8.230453E-04	-8.230453E-04	-8.230453E-04	-8.230453E-04	-8.230453E-04	-8.230453E-04	-8.230453E-04	-8.230453E-04	-8.230453E-04	-8.230453E-04	-8.230453E-04	-8.230453E-04	-8.230453E-04	-8.230453E-04	-8.230453E-04	-8.230453E-04	-8.230453E-04	-8.230453E-04	-8.230453E-04	-8.230453E-04	-8.230453E-04	-8.230453E-04	-8.230453E-04	-8.230453E-04	-8.230453E-04	-8.230453E-04	-8.230453E-04	-8.230453E-04	-8.230453E-04	-8.230453E-04	-8.230453E-04	-8.230453E-04	-8.230453E-04	-8.230453E-04	-8.230453E-04	-8.230453E-04	-8.230453E-04	-6.172840E-04	-6.172840E-04	-6.172840E-04	-6.172840E-04	-6.172840E-04	-6.172840E-04	-6.172840E-04	-6.172840E-04	-6.172840E-04	-6.172840E-04	-6.172840E-04	-6.172840E-04	-6.172840E-04	-6.172840E-04	-6.172840E-04	-6.172840E-04	-6.172840E-04	-6.172840E-04	-6.172840E-04	-6.172840E-04	-6.172840E-04	-6.172840E-04	-6.172840E-04	-6.172840E-04	-6.172840E-04	-6.172840E-04	-6.172840E-04	-6.172840E-04	-6.172840E-04	-6.172840E-04	-6.172840E-04	-6.172840E-04	-6.172840E-04	-6.172840E-04	-6.172840E-04	-6.172840E-04	-6.172840E-04	-6.172840E-04	-6.172840E-04	-6.172840E-04	-6.172840E-04	-6.172840E-04	-6.172840E-04	-6.172840E-04	-6.172840E-04	-6.172840E-04	-6.172840E-04	-6.172840E-04	-6.172840E-04	-6.172840E-04	-6.172840E-04	-6.172840E-04	-6.172840E-04	-6.172840E-04	-6.172840E-04	-6.172840E-04	-6.172840E-04	-6.172840E-04	-6.172840E-04	-6.172840E-04	-6.172840E-04	-6.172840E-04	-6.172840E-04	-6.172840E-04	-6.172840E-04	-6.172840E-04	-6.172840E-04	-6.172840E-04	-6.172840E-04	-6.172840E-04	-6.172840E-04	-6.172840E-04	-6.172840E-04	-6.172840E-04	-6.172840E-04	-6.172840E-04	-6.172840E-04	-6.172840E-04	-6.172840E-04	-6.172840E-04	-6.172840E-04	-4.115226E-04	-4.115226E-04	-4.115226E-04	-4.115226E-04	-4.115226E-04	-4.115226E-04	-4.115226E-04	-4.115226E-04	-4.115226E-04	-4.115226E-04	-4.115226E-04	-4.115226E-04	-4.115226E-04	-4.115226E-04	-4.115226E-04	-4.115226E-04	-4.115226E-04	-4.115226E-04	-4.115226E-04	-4.115226E-04	-4.115226E-04	-4.115226E-04	-4.115226E-04	-4.115226E-04	-4.115226E-04	-4.115226E-04	-4.115226E-04	-4.115226E-04	-4.115226E-04	-4.115226E-04	-4.115226E-04	-4.115226E-04	-4.115226E-04	-4.115226E-04	-4.115226E-04	-4.115226E-04	-4.115226E-04	-4.115226E-04	-4.115226E-04	-4.115226E-04	-4.115226E-04	-4.115226E-04	-4.115226E-04	-4.115226E-04	-4.115226E-04	-4.115226E-04	-4.115226E-04	-4.115226E-04	-4.115226E-04	-4.115226E-04	-4.115226E-04	-4.115226E-04	-4.115226E-04	-4.115226E-04	-4.115226E-04	-4.115226E-04	-4.115226E-04	-4.115226E-04	-4.115226E-04	-4.115226E-04	-4.115226E-04	-4.115226E-04	-4.115226E-04	-4.115226E-04	-4.115226E-04	-4.115226E-04	-4.115226E-04	-4.115226E-04	-4.115226E-04	-4.115226E-04	-4.115226E-04	-4.115226E-04	-4.115226E-04	-4.115226E-04	-4.115226E-04	-4.115226E-04	-4.115226E-04	-4.115226E-04	-4.115226E-04	-4.115226E-04	-4.115226E-04	-2.057613E-04	-2.057613E-04	-2.057613E-04	-2.057613E-04	-2.057613E-04	-2.057613E-04	-2.057613E-04	-2.057613E-04	-2.057613E-04	-2.057613E-04	-2.057613E-04	-2.057613E-04	-2.057613E-04	-2.057613E-04	-2.057613E-04	-2.057613E-04	-2.057613E-04	-2.057613E-04	-2.057613E-04	-2.057613E-04	-2.057613E-04	-2.057613E-04	-2.057613E-04	-2.057613E-04	-2.057613E-04	-2.057613E-04	-2.057613E-04	-2.057613E-04	-2.057613E-04	-2.057613E-04	-2.057613E-04	-2.057613E-04	-2.057613E-04	-2.057613E-04	-2.057613E-04	-2.057613E-04	-2.057613E-04	-2.057613E-04	-2.057613E-04	-2.057613E-04	-2.057613E-04	-2.057613E-04	-2.057613E-04	-2.057613E-04	-2.057613E-04	-2.057613E-04	-2.057613E-04	-2.057613E-04	-2.057613E-04	-2.057613E-04	-2.057613E-04	-2.057613E-04	-2.057613E-04	-2.057613E-04	-2.057613E-04	-2.057613E-04	-2.057613E-04	-2.057613E-04	-2.057613E-04	-2.057613E-04	-2.057613E-04	-2.057613E-04	-2.057613E-04	-2.057613E-04	-2.057613E-04	-2.057613E-04	-2.057613E-04	-2.057613E-04	-2.057613E-04	-2.057613E-04	-2.057613E-04	-2.057613E-04	-2.057613E-04	-2.057613E-04	-2.057613E-04	-2.057613E-04	-2.057613E-04	-2.057613E-04	-2.057613E-04	-2.057613E-04	-2.057613E-04	+0.000000E+00	+0.000000E+00	+0.000000E+00	+0.000000E+00	+0.000000E+00	+0.000000E+00	+0.000000E+00	+0.000000E+00	+0.000000E+00	+0.000000E+00	+0.000000E+00	+0.000000E+00	+0.000000E+00	+0.000000E+00	+0.000000E+00	+0.000000E+00	+0.000000E+00	+0.000000E+00	+0.000000E+00	+0.000000E+00	+0.000000E+00	+0.000000E+00	+0.000000E+00	+0.000000E+00	+0.000000E+00	+0.000000E+00	+0.000000E+00	+0.000000E+00	+0.000000E+00	+0.000000E+00	+0.000000E+00	+0.000000E+00	+0.000000E+00	+0.000000E+00	+0.000000E+00	+0.000000E+00	+0.000000E+00	+0.000000E+00	+0.000000E+00	+0.000000E+00	+0.000000E+00
	S	+4.938272E-04	+3.703704E-04	+2.469136E-04	+1.234568E-04	+0.000000E+00	-1.234568E-04	-2.469136E-04	-3.703704E-04	-4.938272E-04	+4.938272E-04	+3.703704E-04	+2.469136E-04	+1.234568E-04	+0.000000E+00	-1.234568E-04	-2.469136E-04	-3.703704E-04	-4.938272E-04	+4.938272E-04	+3.703704E-04	+2.469136E-04	+1.234568E-04	+0.000000E+00	-1.234568E-04	-2.469136E-04	-3.703704E-04	-4.938272E-04	+4.938272E-04	+3.703704E-04	+2.469136E-04	+1.234568E-04	+0.000000E+00	-1.234568E-04	-2.469136E-04	-3.703704E-04	-4.938272E-04	+4.938272E-04	+3.703704E-04	+2.469136E-04	+1.234568E-04	+0.000000E+00	-1.234568E-04	-2.469136E-04	-3.703704E-04	-4.938272E-04	+4.938272E-04	+3.703704E-04	+2.469136E-04	+1.234568E-04	+0.000000E+00	-1.234568E-04	-2.469136E-04	-3.703704E-04	-4.938272E-04	+4.938272E-04	+3.703704E-04	+2.469136E-04	+1.234568E-04	+0.000000E+00	-1.234568E-04	-2.469136E-04	-3.703704E-04	-4.938272E-04	+4.938272E-04	+3.703704E-04	+2.469136E-04	+1.234568E-04	+0.000000E+00	-1.234568E-04	-2.469136E-04	-3.703704E-04	-4.938272E-04	+4.938272E-04	+3.703704E-04	+2.469136E-04	+1.234568E-04	+0.000000E+00	-1.234568E-04	-2.469136E-04	-3.703704E-04	-4.938272E-04	+3.703704E-04	+2.777778E-04	+1.851852E-04	+9.259259E-05	+0.000000E+00	-9.259259E-05	-1.851852E-04	-2.777778E-04	-3.703704E-04	+3.703704E-04	+2.777778E-04	+1.851852E-04	+9.259259E-05	+0.000000E+00	-9.259259E-05	-1.851852E-04	-2.777778E-04	-3.703704E-04	+3.703704E-04	+2.777778E-04	+1.851852E-04	+9.259259E-05	+0.000000E+00	-9.259259E-05	-1.851852E-04	-2.777778E-04	-3.703704E-04	+3.703704E-04	+2.777778E-04	+1.851852E-04	+9.259259E-05	+0.000000E+00	-9.259259E-05	-1.851852E-04	-2.777778E-04	-3.703704E-04	+3.703704E-04	+2.777778E-04	+1.851852E-04	+9.259259E-05	+0.000000E+00	-9.259259E-05	-1.851852E-04	-2.777778E-04	-3.703704E-04	+3.703704E-04	+2.777778E-04	+1.851852E-04	+9.259259E-05	+0.000000E+00	-9.259259E-05	-1.851852E-04	-2.777778E-04	-3.703704E-04	+3.703704E-04	+2.777778E-04	+1.851852E-04	+9.259259E-05	+0.000000E+00	-9.259259E-05	-1.851852E-04	-2.777778E-04	-3.703704E-04	+3.703704E-04	+2.777778E-04	+1.851852E-04	+9.259259E-05	+0.000000E+00	-9.259259E-05	-1.851852E-04	-2.777778E-04	-3.703704E-04	+3.703704E-04	+2.777778E-04	+1.851852E-04	+9.259259E-05	+0.000000E+00	-9.259259E-05	-1.851852E-04	-2.777778E-04	-3.703704E-04	+2.469136E-04	+1.851852E-04	+1.234568E-04	+6.172840E-05	+0.000000E+00	-6.172840E-05	-1.234568E-04	-1.851852E-04	-2.469136E-04	+2.469136E-04	+1.851852E-04	+1.234568E-04	+6.172840E-05	+0.000000E+00	-6.172840E-05	-1.234568E-04	-1.851852E-04	-2.469136E-04	+2.469136E-04	+1.851852E-04	+1.234568E-04	+6.172840E-05	+0.000000E+00	-6.172840E-05	-1.234568E-04	-1.851852E-04	-2.469136E-04	+2.469136E-04	+1.851852E-04	+1.234568E-04	+6.172840E-05	+0.000000E+00	-6.172840E-05	-1.234568E-04	-1.851852E-04	-2.469136E-04	+2.469136E-04	+1.851852E-04	+1.234568E-04	+6.172840E-05	+0.000000E+00	-6.172840E-05	-1.234568E-04	-1.851852E-04	-2.469136E-04	+2.469136E-04	+1.851852E-04	+1.234568E-04	+6.172840E-05	+0.000000E+00	-6.172840E-05	-1.234568E-04	-1.851852E-04	-2.469136E-04	+2.469136E-04	+1.851852E-04	+1.234568E-04	+6.172840E-05	+0.000000E+00	-6.172840E-05	-1.234568E-04	-1.851852E-04	-2.469136E-04	+2.469136E-04	+1.851852E-04	+1.234568E-04	+6.172840E-05	+0.000000E+00	-6.172840E-05	-1.234568E-04	-1.851852E-04	-2.469136E-04	+2.469136E-04	+1.851852E-04	+1.234568E-04	+6.172840E-05	+0.000000E+00	-6.172840E-05	-1.234568E-04	-1.851852E-04	-2.469136E-04	+1.234568E-04	+9.259259E-05	+6.172840E-05	+3.086420E-05	+0.000000E+00	-3.086420E-05	-6.172840E-05	-9.259259E-05	-1.234568E-04	+1.234568E-04	+9.259259E-05	+6.172840E-05	+3.086420E-05	+0.000000E+00	-3.086420E-05	-6.172840E-05	-9.259259E-05	-1.234568E-04	+1.234568E-04	+9.259259E-05	+6.172840E-05	+3.086420E-05	+0.000000E+00	-3.086420E-05	-6.172840E-05	-9.259259E-05	-1.234568E-04	+1.234568E-04	+9.259259E-05	+6.172840E-05	+3.086420E-05	+0.000000E+00	-3.086420E-05	-6.172840E-05	-9.259259E-05	-1.234568E-04	+1.234568E-04	+9.259259E-05	+6.172840E-05	+3.086420E-05	+0.000000E+00	-3.086420E-05	-6.172840E-05	-9.259259E-05	-1.234568E-04	+1.234568E-04	+9.259259E-05	+6.172840E-05	+3.086420E-05	+0.000000E+00	-3.086420E-05	-6.172840E-05	-9.259259E-05	-1.234568E-04	+1.234568E-04	+9.259259E-05	+6.172840E-05	+3.086420E-05	+0.000000E+00	-3.086420E-05	-6.172840E-05	-9.259259E-05	-1.234568E-04	+1.234568E-04	+9.259259E-05	+6.172840E-05	+3.086420E-05	+0.000000E+00	-3.086420E-05	-6.172840E-05	-9.259259E-05	-1.234568E-04	+1.234568E-04	+9.259259E-05	+6.172840E-05	+3.086420E-05	+0.000000E+00	-3.086420E-05	-6.172840E-05	-9.259259E-05	-1.234568E-04	+0.000000E+00	+0.000000E+00	+0.000000E+00	+0.000000E+00	+0.000000E+00	+0.000000E+00	+0.000000E+00	+0.000000E+00	+0.000000E+00	+0.000000E+00	+0.000000E+00	+0.000000E+00	+0.000000E+00	+0.000000E+00	+0.000000E+00	+0.000000E+00	+0.000000E+00	+0.000000E+00	+0.000000E+00	+0.000000E+00	+0.000000E+00	+0.000000E+00	+0.000000E+00	+0.000000E+00	+0.000000E+00	+0.000000E+00	+0.000000E+00	+0.000000E+00	+0.000000E+00	+0.000000E+00	+0.000000E+00	+0.000000E+00	+0.000000E+00	+0.000000E+00	+0.000000E+00	+0.000000E+00	+0.000000E+00	+0.000000E+00	+0.000000E+00	+0.000000E+00	+0.000000E+00
	S	+4.938272E-04	+4.938272E-04	+4.938272E-04	+4.938272E-04	+4.938272E-04	+4.938272E-04	+4.938272E-04	+4.938272E-04	+4.938272E-04	+3.703704E-04	+3.703704E-04	+3.703704E-04	+3.703704E-04	+3.703704E-04	+3.703704E-04	+3.703704E-04	+3.703704E-04	+3.703704E-04	+2.469136E-04	+2.469136E-04	+2.469136E-04	+2.469136E-04	+2.469136E-04	+2.469136E-04	+2.469136E-04	+2.469136E-04	+2.469136E-04	+1.234568E-04	+1.234568E-04	+1.234568E-04	+1.234568E-04	+1.234568E-04	+1.234568E-04	+1.234568E-04	+1.234568E-04	+1.234568E-04	+0.000000E+00	+0.000000E+00	+0.000000E+00	+0.000000E+00	+0.000000E+00	+0.000000E+00	+0.000000E+00	+0.000000E+00	+0.000000E+00	-1.234568E-04	-1.234568E-04	-1.234568E-04	-1.234568E-04	-1.234568E-04	-1.234568E-04	-1.234568E-04	-1.234568E-04	-1.234568E-04	-2.469136E-04	-2.469136E-04	-2.469136E-04	-2.469136E-04	-2.469136E-04	-2.469136E-04	-2.469136E-04	-2.469136E-04	-2.469136E-04	-3.703704E-04	-3.703704E-04	-3.703704E-04	-3.703704E-04	-3.703704E-04	-3.703704E-04	-3.703704E-04	-3.703704E-04	-3.703704E-04	-4.938272E-04	-4.938272E-04	-4.938272E-04	-4.938272E-04	-4.938272E-04	-4.938272E-04	-4.938272E-04	-4.938272E-04	-4.938272E-04	+3.703704E-04	+3.703704E-04	+3.703704E-04	+3.703704E-04	+3.703704E-04	+3.703704E-04	+3.703704E-04	+3.703704E-04	+3.703704E-04	+2.777778E-04	+2.777778E-04	+2.777778E-04	+2.777778E-04	+2.777778E-04	+2.777778E-04	+2.777778E-04	+2.777778E-04	+2.777778E-04	+1.851852E-04	+1.851852E-04	+1.851852E-04	+1.851852E-04	+1.851852E-04	+1.851852E-04	+1.851852E-04	+1.851852E-04	+1.851852E-04	+9.259259E-05	+9.259259E-05	+9.259259E-05	+9.259259E-05	+9.259259E-05	+9.259259E-05	+9.259259E-05	+9.259259E-05	+9.259259E-05	+0.000000E+00	+0.000000E+00	+0.000000E+00	+0.000000E+00	+0.000000E+00	+0.000000E+00	+0.000000E+00	+0.000000E+00	+0.000000E+00	-9.259259E-05	-9.259259E-05	-9.259259E-05	-9.259259E-05	-9.259259E-05	-9.259259E-05	-9.259259E-05	-9.259259E-05	-9.259259E-05	-1.851852E-04	-1.851852E-04	-1.851852E-04	-1.851852E-04	-1.851852E-04	-1.851852E-04	-1.851852E-04	-1.851852E-04	-1.851852E-04	-2.777778E-04	-2.777778E-04	-2.777778E-04	-2.777778E-04	-2.777778E-04	-2.777778E-04	-2.777778E-04	-2.777778E-04	-2.777778E-04	-3.703704E-04	-3.703704E-04	-3.703704E-04	-3.703704E-04	-3.703704E-04	-3.703704E-04	-3.703704E-04	-3.703704E-04	-3.703704E-04	+2.469136E-04	+2.469136E-04	+2.469136E-04	+2.469136E-04	+2.469136E-04	+2.469136E-04	+2.469136E-04	+2.469136E-04	+2.469136E-04	+1.851852E-04	+1.851852E-04	+1.851852E-04	+1.851852E-04	+1.851852E-04	+1.851852E-04	+1.851852E-04	+1.851852E-04	+1.851852E-04	+1.234568E-04	+1.234568E-04	+1.234568E-04	+1.234568E-04	+1.234568E-04	+1.234568E-04	+1.234568E-04	+1.234568E-04	+1.234568E-04	+6.172840E-05	+6.172840E-05	+6.172840E-05	+6.172840E-05	+6.172840E-05	+6.172840E-05	+6.172840E-05	+6.172840E-05	+6.172840E-05	+0.000000E+00	+0.000000E+00	+0.000000E+00	+0.000000E+00	+0.000000E+00	+0.000000E+00	+0.000000E+00	+0.000000E+00	+0.000000E+00	-6.172840E-05	-6.172840E-05	-6.172840E-05	-6.172840E-05	-6.172840E-05	-6.172840E-05	-6.172840E-05	-6.172840E-05	-6.172840E-05	-1.234568E-04	-1.234568E-04	-1.234568E-04	-1.234568E-04	-1.234568E-04	-1.234568E-04	-1.234568E-04	-1.234568E-04	-1.234568E-04	-1.851852E-04	-1.851852E-04	-1.851852E-04	-1.851852E-04	-1.851852E-04	-1.851852E-04	-1.851852E-04	-1.851852E-04	-1.851852E-04	-2.469136E-04	-2.469136E-04	-2.469136E-04	-2.469136E-04	-2.469136E-04	-2.469136E-04	-2.469136E-04	-2.469136E-04	-2.469136E-04	+1.234568E-04	+1.234568E-04	+1.234568E-04	+1.234568E-04	+1.234568E-04	+1.234568E-04	+1.234568E-04	+1.234568E-04	+1.234568E-04	+9.259259E-05	+9.259259E-05	+9.259259E-05	+9.259259E-05	+9.259259E-05	+9.259259E-05	+9.259259E-05	+9.259259E-05	+9.259259E-05	+6.172840E-05	+6.172840E-05	+6.172840E-05	+6.172840E-05	+6.172840E-05	+6.172840E-05	+6.172840E-05	+6.172840E-05	+6.172840E-05	+3.086420E-05	+3.086420E-05	+3.086420E-05	+3.086420E-05	+3.086420E-05	+3.086420E-05	+3.086420E-05	+3.086420E-05	+3.086420E-05	+0.000000E+00	+0.000000E+00	+0.000000E+00	+0.000000E+00	+0.000000E+00	+0.000000E+00	+0.000000E+00	+0.000000E+00	+0.000000E+00	-3.086420E-05	-3.086420E-05	-3.086420E-05	-3.086420E-05	-3.086420E-05	-3.086420E-05	-3.086420E-05	-3.086420E-05	-3.086420E-05	-6.172840E-05	-6.172840E-05	-6.172840E-05	-6.172840E-05	-6.172840E-05	-6.172840E-05	-6.172840E-05	-6.172840E-05	-6.172840E-05	-9.259259E-05	-9.259259E-05	-9.259259E-05	-9.259259E-05	-9.259259E-05	-9.259259E-05	-9.259259E-05	-9.259259E-05	-9.259259E-05	-1.234568E-04	-1.234568E-04	-1.234568E-04	-1.234568E-04	-1.234568E-04	-1.234568E-04	-1.234568E-04	-1.234568E-04	-1.234568E-04	+0.000000E+00	+0.000000E+00	+0.000000E+00	+0.000000E+00	+0.000000E+00	+0.000000E+00	+0.000000E+00	+0.000000E+00	+0.000000E+00	+0.000000E+00	+0.000000E+00	+0.000000E+00	+0.000000E+00	+0.000000E+00	+0.000000E+00	+0.000000E+00	+0.000000E+00	+0.000000E+00	+0.000000E+00	+0.000000E+00	+0.000000E+00	+0.000000E+00	+0.000000E+00	+0.000000E+00	+0.000000E+00	+0.000000E+00	+0.000000E+00	+0.000000E+00	+0.000000E+00	+0.000000E+00	+0.000000E+00	+0.000000E+00	+0.000000E+00	+0.000000E+00	+0.000000E+00	+0.000000E+00	+0.000000E+00	+0.000000E+00	+0.000000E+00	+0.000000E+00	+0.000000E+00
	A	-2.962963E-04	-2.222222E-04	-1.481481E-04	-7.407407E-05	+0.000000E+00	+7.407407E-05	+1.481481E-04	+2.222222E-04	+2.962963E-04	-2.222222E-04	-1.666667E-04	-1.111111E-04	-5.555556E-05	+0.000000E+00	+5.555556E-05	+1.111111E-04	+1.666667E-04	+2.222222E-04	-1.481481E-04	-1.111111E-04	-7.407407E-05	-3.703704E-05	+0.000000E+00	+3.703704E-05	+7.407407E-05	+1.111111E-04	+1.481481E-04	-7.407407E-05	-5.555556E-05	-3.703704E-05	-1.851852E-05	+0.000000E+00	+1.851852E-05	+3.703704E-05	+5.555556E-05	+7.407407E-05	+0.000000E+00	+0.000000E+00	+0.000000E+00	+0.000000E+00	+0.000000E+00	+0.000000E+00	+0.000000E+00	+0.000000E+00	+0.000000E+00	+7.407407E-05	+5.555556E-05	+3.703704E-05	+1.851852E-05	+0.000000E+00	-1.851852E-05	-3.703704E-05	-5.555556E-05	-7.407407E-05	+1.481481E-04	+1.111111E-04	+7.407407E-05	+3.703704E-05	+0.000000E+00	-3.703704E-05	-7.407407E-05	-1.111111E-04	-1.481481E-04	+2.222222E-04	+1.666667E-04	+1.111111E-04	+5.555556E-05	+0.000000E+00	-5.555556E-05	-1.111111E-04	-1.666667E-04	-2.222222E-04	+2.962963E-04	+2.222222E-04	+1.481481E-04	+7.407407E-05	+0.000000E+00	-7.407407E-05	-1.481481E-04	-2.222222E-04	-2.962963E-04	-2.222222E-04	-1.666667E-04	-1.111111E-04	-5.555556E-05	+0.000000E+00	+5.555556E-05	+1.111111E-04	+1.666667E-04	+2.222222E-04	-1.666667E-04	-1.250000E-04	-8.333333E-05	-4.166667E-05	+0.000000E+00	+4.166667E-05	+8.333333E-05	+1.250000E-04	+1.666667E-04	-1.111111E-04	-8.333333E-05	-5.555556E-05	-2.777778E-05	+0.000000E+00	+2.777778E-05	+5.555556E-05	+8.333333E-05	+1.111111E-04	-5.555556E-05	-4.166667E-05	-2.777778E-05	-1.388889E-05	+0.000000E+00	+1.388889E-05	+2.777778E-05	+4.166667E-05	+5.555556E-05	+0.000000E+00	+0.000000E+00	+0.000000E+00	+0.000000E+00	+0.000000E+00	+0.000000E+00	+0.000000E+00	+0.000000E+00	+0.000000E+00	+5.555556E-05	+4.166667E-05	+2.777778E-05	+1.388889E-05	+0.000000E+00	-1.388889E-05	-2.777778E-05	-4.166667E-05	-5.555556E-05	+1.111111E-04	+8.333333E-05	+5.555556E-05	+2.777778E-05	+0.000000E+00	-2.777778E-05	-5.555556E-05	-8.333333E-05	-1.111111E-04	+1.666667E-04	+1.250000E-04	+8.333333E-05	+4.166667E-05	+0.000000E+00	-4.166667E-05	-8.333333E-05	-1.250000E-04	-1.666667E-04	+2.222222E-04	+1.666667E-04	+1.111111E-04	+5.555556E-05	+0.000000E+00	-5.555556E-05	-1.111111E-04	-1.666667E-04	-2.222222E-04	-1.481481E-04	-1.111111E-04	-7.407407E-05	-3.703704E-05	+0.000000E+00	+3.703704E-05	+7.407407E-05	+1.111111E-04	+1.481481E-04	-1.111111E-04	-8.333333E-05	-5.555556E-05	-2.777778E-05	+0.000000E+00	+2.777778E-05	+5.555556E-05	+8.333333E-05	+1.111111E-04	-7.407407E-05	-5.555556E-05	-3.703704E-05	-1.851852E-05	+0.000000E+00	+1.851852E-05	+3.703704E-05	+5.555556E-05	+7.407407E-05	-3.703704E-05	-2.777778E-05	-1.851852E-05	-9.259259E-06	+0.000000E+00	+9.259259E-06	+1.851852E-05	+2.777778E-05	+3.703704E-05	+0.000000E+00	+0.000000E+00	+0.000000E+00	+0.000000E+00	+0.000000E+00	+0.000000E+00	+0.000000E+00	+0.000000E+00	+0.000000E+00	+3.703704E-05	+2.777778E-05	+1.851852E-05	+9.259259E-06	+0.000000E+00	-9.259259E-06	-1.851852E-05	-2.777778E-05	-3.703704E-05	+7.407407E-05	+5.555556E-05	+3.703704E-05	+1.851852E-05	+0.000000E+00	-1.851852E-05	-3.703704E-05	-5.555556E-05	-7.407407E-05	+1.111111E-04	+8.333333E-05	+5.555556E-05	+2.777778E-05	+0.000000E+00	-2.777778E-05	-5.555556E-05	-8.333333E-05	-1.111111E-04	+1.481481E-04	+1.111111E-04	+7.407407E-05	+3.703704E-05	+0.000000E+00	-3.703704E-05	-7.407407E-05	-1.111111E-04	-1.481481E-04	-7.407407E-05	-5.555556E-05	-3.703704E-05	-1.851852E-05	+0.000000E+00	+1.851852E-05	+3.703704E-05	+5.555556E-05	+7.407407E-05	-5.555556E-05	-4.166667E-05	-2.777778E-05	-1.388889E-05	+0.000000E+00	+1.388889E-05	+2.777778E-05	+4.166667E-05	+5.555556E-05	-3.703704E-05	-2.777778E-05	-1.851852E-05	-9.259259E-06	+0.000000E+00	+9.259259E-06	+1.851852E-05	+2.777778E-05	+3.703704E-05	-1.851852E-05	-1.388889E-05	-9.259259E-06	-4.629630E-06	+0.000000E+00	+4.629630E-06	+9.259259E-06	+1.388889E-05	+1.851852E-05	+0.000000E+00	+0.000000E+00	+0.000000E+00	+0.000000E+00	+0.000000E+00	+0.000000E+00	+0.000000E+00	+0.000000E+00	+0.000000E+00	+1.851852E-05	+1.388889E-05	+9.259259E-06	+4.629630E-06	+0.000000E+00	-4.629630E-06	-9.259259E-06	-1.388889E-05	-1.851852E-05	+3.703704E-05	+2.777778E-05	+1.851852E-05	+9.259259E-06	+0.000000E+00	-9.259259E-06	-1.851852E-05	-2.777778E-05	-3.703704E-05	+5.555556E-05	+4.166667E-05	+2.777778E-05	+1.388889E-05	+0.000000E+00	-1.388889E-05	-2.777778E-05	-4.166667E-05	-5.555556E-05	+7.407407E-05	+5.555556E-05	+3.703704E-05	+1.851852E-05	+0.000000E+00	-1.851852E-05	-3.703704E-05	-5.555556E-05	-7.407407E-05	+0.000000E+00	+0.000000E+00	+0.000000E+00	+0.000000E+00	+0.000000E+00	+0.000000E+00	+0.000000E+00	+0.000000E+00	+0.000000E+00	+0.000000E+00	+0.000000E+00	+0.000000E+00	+0.000000E+00	+0.000000E+00	+0.000000E+00	+0.000000E+00	+0.000000E+00	+0.000000E+00	+0.000000E+00	+0.000000E+00	+0.000000E+00	+0.000000E+00	+0.000000E+00	+0.000000E+00	+0.000000E+00	+0.000000E+00	+0.000000E+00	+0.000000E+00	+0.000000E+00	+0.000000E+00	+0.000000E+00	+0.000000E+00	+0.000000E+00	+0.000000E+00	+0.000000E+00	+0.000000E+00	+0.000000E+00	+0.000000E+00	+0.000000E+00	+0.000000E+00	+0.000000E+00
# Matrix ends.
#
#
# ---------------------------------- LICENSE NOTICE -----------------------------------
# THIS DATA IS RELEASED UNDER THE CREATIVE COMMONS LICENSE "CC BY-NC-SA 4.0".
#   This license lets you remix, tweak, and build upon this work non-commercially,
#   as long as you credit me and license your new creations under the terms identical
#   to the current license.
# SEE "https://creativecommons.org/licenses/by-nc-sa/4.0" FOR DETAILS.
#
# RELEASED BY: Chandra Shekhar
#      E-mail: chandraiitk[AT]yahoo[DOT]co[DOT]in
#    Homepage: https://sites.google.com/site/chandraacads
# FOR ANY QUESTION OR COMMENT, OR FOR A COMMERCIAL LICENSE, PLEASE EMAIL ME.
#
# For additional details, please visit my homepage.
#
# ==================================== End of File ====================================
