# ================================== Start of File ====================================
# Spatial dimensions = 3
# Kernel size = 7x7x7
# Polynomial order = 1x1x5
# Size of the convolution coefficient matrix = 24x343
#
# Column# 1:
#    S/A => The left and the right halves of the row are symmetric(S)/anti-symmetric(A) about the middle column.
#           If symmetric elements on the right half, their signs are same as the corresponding elements on the left side.
#           If anti-symmetric elements, the signs are opposite.
# Column# 2~172 = the left-half columns of the row.
# Column# 173 = the middle column of the row.
# Column# 174~344, which are the right-half columns, are not stored, because they are symmetric/anti-symmetric
#           of the elements in the column# 172~2, respectively.
# Matrix starts:
	S	+4.417351E-04	-2.650411E-03	+6.626027E-03	+1.157346E-02	+6.626027E-03	-2.650411E-03	+4.417351E-04	+4.417351E-04	-2.650411E-03	+6.626027E-03	+1.157346E-02	+6.626027E-03	-2.650411E-03	+4.417351E-04	+4.417351E-04	-2.650411E-03	+6.626027E-03	+1.157346E-02	+6.626027E-03	-2.650411E-03	+4.417351E-04	+4.417351E-04	-2.650411E-03	+6.626027E-03	+1.157346E-02	+6.626027E-03	-2.650411E-03	+4.417351E-04	+4.417351E-04	-2.650411E-03	+6.626027E-03	+1.157346E-02	+6.626027E-03	-2.650411E-03	+4.417351E-04	+4.417351E-04	-2.650411E-03	+6.626027E-03	+1.157346E-02	+6.626027E-03	-2.650411E-03	+4.417351E-04	+4.417351E-04	-2.650411E-03	+6.626027E-03	+1.157346E-02	+6.626027E-03	-2.650411E-03	+4.417351E-04	+4.417351E-04	-2.650411E-03	+6.626027E-03	+1.157346E-02	+6.626027E-03	-2.650411E-03	+4.417351E-04	+4.417351E-04	-2.650411E-03	+6.626027E-03	+1.157346E-02	+6.626027E-03	-2.650411E-03	+4.417351E-04	+4.417351E-04	-2.650411E-03	+6.626027E-03	+1.157346E-02	+6.626027E-03	-2.650411E-03	+4.417351E-04	+4.417351E-04	-2.650411E-03	+6.626027E-03	+1.157346E-02	+6.626027E-03	-2.650411E-03	+4.417351E-04	+4.417351E-04	-2.650411E-03	+6.626027E-03	+1.157346E-02	+6.626027E-03	-2.650411E-03	+4.417351E-04	+4.417351E-04	-2.650411E-03	+6.626027E-03	+1.157346E-02	+6.626027E-03	-2.650411E-03	+4.417351E-04	+4.417351E-04	-2.650411E-03	+6.626027E-03	+1.157346E-02	+6.626027E-03	-2.650411E-03	+4.417351E-04	+4.417351E-04	-2.650411E-03	+6.626027E-03	+1.157346E-02	+6.626027E-03	-2.650411E-03	+4.417351E-04	+4.417351E-04	-2.650411E-03	+6.626027E-03	+1.157346E-02	+6.626027E-03	-2.650411E-03	+4.417351E-04	+4.417351E-04	-2.650411E-03	+6.626027E-03	+1.157346E-02	+6.626027E-03	-2.650411E-03	+4.417351E-04	+4.417351E-04	-2.650411E-03	+6.626027E-03	+1.157346E-02	+6.626027E-03	-2.650411E-03	+4.417351E-04	+4.417351E-04	-2.650411E-03	+6.626027E-03	+1.157346E-02	+6.626027E-03	-2.650411E-03	+4.417351E-04	+4.417351E-04	-2.650411E-03	+6.626027E-03	+1.157346E-02	+6.626027E-03	-2.650411E-03	+4.417351E-04	+4.417351E-04	-2.650411E-03	+6.626027E-03	+1.157346E-02	+6.626027E-03	-2.650411E-03	+4.417351E-04	+4.417351E-04	-2.650411E-03	+6.626027E-03	+1.157346E-02	+6.626027E-03	-2.650411E-03	+4.417351E-04	+4.417351E-04	-2.650411E-03	+6.626027E-03	+1.157346E-02	+6.626027E-03	-2.650411E-03	+4.417351E-04	+4.417351E-04	-2.650411E-03	+6.626027E-03	+1.157346E-02	+6.626027E-03	-2.650411E-03	+4.417351E-04	+4.417351E-04	-2.650411E-03	+6.626027E-03	+1.157346E-02
	A	-3.401361E-04	+3.061224E-03	-1.530612E-02	+0.000000E+00	+1.530612E-02	-3.061224E-03	+3.401361E-04	-3.401361E-04	+3.061224E-03	-1.530612E-02	+0.000000E+00	+1.530612E-02	-3.061224E-03	+3.401361E-04	-3.401361E-04	+3.061224E-03	-1.530612E-02	+0.000000E+00	+1.530612E-02	-3.061224E-03	+3.401361E-04	-3.401361E-04	+3.061224E-03	-1.530612E-02	+0.000000E+00	+1.530612E-02	-3.061224E-03	+3.401361E-04	-3.401361E-04	+3.061224E-03	-1.530612E-02	+0.000000E+00	+1.530612E-02	-3.061224E-03	+3.401361E-04	-3.401361E-04	+3.061224E-03	-1.530612E-02	+0.000000E+00	+1.530612E-02	-3.061224E-03	+3.401361E-04	-3.401361E-04	+3.061224E-03	-1.530612E-02	+0.000000E+00	+1.530612E-02	-3.061224E-03	+3.401361E-04	-3.401361E-04	+3.061224E-03	-1.530612E-02	+0.000000E+00	+1.530612E-02	-3.061224E-03	+3.401361E-04	-3.401361E-04	+3.061224E-03	-1.530612E-02	+0.000000E+00	+1.530612E-02	-3.061224E-03	+3.401361E-04	-3.401361E-04	+3.061224E-03	-1.530612E-02	+0.000000E+00	+1.530612E-02	-3.061224E-03	+3.401361E-04	-3.401361E-04	+3.061224E-03	-1.530612E-02	+0.000000E+00	+1.530612E-02	-3.061224E-03	+3.401361E-04	-3.401361E-04	+3.061224E-03	-1.530612E-02	+0.000000E+00	+1.530612E-02	-3.061224E-03	+3.401361E-04	-3.401361E-04	+3.061224E-03	-1.530612E-02	+0.000000E+00	+1.530612E-02	-3.061224E-03	+3.401361E-04	-3.401361E-04	+3.061224E-03	-1.530612E-02	+0.000000E+00	+1.530612E-02	-3.061224E-03	+3.401361E-04	-3.401361E-04	+3.061224E-03	-1.530612E-02	+0.000000E+00	+1.530612E-02	-3.061224E-03	+3.401361E-04	-3.401361E-04	+3.061224E-03	-1.530612E-02	+0.000000E+00	+1.530612E-02	-3.061224E-03	+3.401361E-04	-3.401361E-04	+3.061224E-03	-1.530612E-02	+0.000000E+00	+1.530612E-02	-3.061224E-03	+3.401361E-04	-3.401361E-04	+3.061224E-03	-1.530612E-02	+0.000000E+00	+1.530612E-02	-3.061224E-03	+3.401361E-04	-3.401361E-04	+3.061224E-03	-1.530612E-02	+0.000000E+00	+1.530612E-02	-3.061224E-03	+3.401361E-04	-3.401361E-04	+3.061224E-03	-1.530612E-02	+0.000000E+00	+1.530612E-02	-3.061224E-03	+3.401361E-04	-3.401361E-04	+3.061224E-03	-1.530612E-02	+0.000000E+00	+1.530612E-02	-3.061224E-03	+3.401361E-04	-3.401361E-04	+3.061224E-03	-1.530612E-02	+0.000000E+00	+1.530612E-02	-3.061224E-03	+3.401361E-04	-3.401361E-04	+3.061224E-03	-1.530612E-02	+0.000000E+00	+1.530612E-02	-3.061224E-03	+3.401361E-04	-3.401361E-04	+3.061224E-03	-1.530612E-02	+0.000000E+00	+1.530612E-02	-3.061224E-03	+3.401361E-04	-3.401361E-04	+3.061224E-03	-1.530612E-02	+0.000000E+00
	S	-1.004947E-03	+5.179344E-03	-1.468769E-03	-5.411255E-03	-1.468769E-03	+5.179344E-03	-1.004947E-03	-1.004947E-03	+5.179344E-03	-1.468769E-03	-5.411255E-03	-1.468769E-03	+5.179344E-03	-1.004947E-03	-1.004947E-03	+5.179344E-03	-1.468769E-03	-5.411255E-03	-1.468769E-03	+5.179344E-03	-1.004947E-03	-1.004947E-03	+5.179344E-03	-1.468769E-03	-5.411255E-03	-1.468769E-03	+5.179344E-03	-1.004947E-03	-1.004947E-03	+5.179344E-03	-1.468769E-03	-5.411255E-03	-1.468769E-03	+5.179344E-03	-1.004947E-03	-1.004947E-03	+5.179344E-03	-1.468769E-03	-5.411255E-03	-1.468769E-03	+5.179344E-03	-1.004947E-03	-1.004947E-03	+5.179344E-03	-1.468769E-03	-5.411255E-03	-1.468769E-03	+5.179344E-03	-1.004947E-03	-1.004947E-03	+5.179344E-03	-1.468769E-03	-5.411255E-03	-1.468769E-03	+5.179344E-03	-1.004947E-03	-1.004947E-03	+5.179344E-03	-1.468769E-03	-5.411255E-03	-1.468769E-03	+5.179344E-03	-1.004947E-03	-1.004947E-03	+5.179344E-03	-1.468769E-03	-5.411255E-03	-1.468769E-03	+5.179344E-03	-1.004947E-03	-1.004947E-03	+5.179344E-03	-1.468769E-03	-5.411255E-03	-1.468769E-03	+5.179344E-03	-1.004947E-03	-1.004947E-03	+5.179344E-03	-1.468769E-03	-5.411255E-03	-1.468769E-03	+5.179344E-03	-1.004947E-03	-1.004947E-03	+5.179344E-03	-1.468769E-03	-5.411255E-03	-1.468769E-03	+5.179344E-03	-1.004947E-03	-1.004947E-03	+5.179344E-03	-1.468769E-03	-5.411255E-03	-1.468769E-03	+5.179344E-03	-1.004947E-03	-1.004947E-03	+5.179344E-03	-1.468769E-03	-5.411255E-03	-1.468769E-03	+5.179344E-03	-1.004947E-03	-1.004947E-03	+5.179344E-03	-1.468769E-03	-5.411255E-03	-1.468769E-03	+5.179344E-03	-1.004947E-03	-1.004947E-03	+5.179344E-03	-1.468769E-03	-5.411255E-03	-1.468769E-03	+5.179344E-03	-1.004947E-03	-1.004947E-03	+5.179344E-03	-1.468769E-03	-5.411255E-03	-1.468769E-03	+5.179344E-03	-1.004947E-03	-1.004947E-03	+5.179344E-03	-1.468769E-03	-5.411255E-03	-1.468769E-03	+5.179344E-03	-1.004947E-03	-1.004947E-03	+5.179344E-03	-1.468769E-03	-5.411255E-03	-1.468769E-03	+5.179344E-03	-1.004947E-03	-1.004947E-03	+5.179344E-03	-1.468769E-03	-5.411255E-03	-1.468769E-03	+5.179344E-03	-1.004947E-03	-1.004947E-03	+5.179344E-03	-1.468769E-03	-5.411255E-03	-1.468769E-03	+5.179344E-03	-1.004947E-03	-1.004947E-03	+5.179344E-03	-1.468769E-03	-5.411255E-03	-1.468769E-03	+5.179344E-03	-1.004947E-03	-1.004947E-03	+5.179344E-03	-1.468769E-03	-5.411255E-03	-1.468769E-03	+5.179344E-03	-1.004947E-03	-1.004947E-03	+5.179344E-03	-1.468769E-03	-5.411255E-03
	A	+4.251701E-04	-3.401361E-03	+5.527211E-03	+0.000000E+00	-5.527211E-03	+3.401361E-03	-4.251701E-04	+4.251701E-04	-3.401361E-03	+5.527211E-03	+0.000000E+00	-5.527211E-03	+3.401361E-03	-4.251701E-04	+4.251701E-04	-3.401361E-03	+5.527211E-03	+0.000000E+00	-5.527211E-03	+3.401361E-03	-4.251701E-04	+4.251701E-04	-3.401361E-03	+5.527211E-03	+0.000000E+00	-5.527211E-03	+3.401361E-03	-4.251701E-04	+4.251701E-04	-3.401361E-03	+5.527211E-03	+0.000000E+00	-5.527211E-03	+3.401361E-03	-4.251701E-04	+4.251701E-04	-3.401361E-03	+5.527211E-03	+0.000000E+00	-5.527211E-03	+3.401361E-03	-4.251701E-04	+4.251701E-04	-3.401361E-03	+5.527211E-03	+0.000000E+00	-5.527211E-03	+3.401361E-03	-4.251701E-04	+4.251701E-04	-3.401361E-03	+5.527211E-03	+0.000000E+00	-5.527211E-03	+3.401361E-03	-4.251701E-04	+4.251701E-04	-3.401361E-03	+5.527211E-03	+0.000000E+00	-5.527211E-03	+3.401361E-03	-4.251701E-04	+4.251701E-04	-3.401361E-03	+5.527211E-03	+0.000000E+00	-5.527211E-03	+3.401361E-03	-4.251701E-04	+4.251701E-04	-3.401361E-03	+5.527211E-03	+0.000000E+00	-5.527211E-03	+3.401361E-03	-4.251701E-04	+4.251701E-04	-3.401361E-03	+5.527211E-03	+0.000000E+00	-5.527211E-03	+3.401361E-03	-4.251701E-04	+4.251701E-04	-3.401361E-03	+5.527211E-03	+0.000000E+00	-5.527211E-03	+3.401361E-03	-4.251701E-04	+4.251701E-04	-3.401361E-03	+5.527211E-03	+0.000000E+00	-5.527211E-03	+3.401361E-03	-4.251701E-04	+4.251701E-04	-3.401361E-03	+5.527211E-03	+0.000000E+00	-5.527211E-03	+3.401361E-03	-4.251701E-04	+4.251701E-04	-3.401361E-03	+5.527211E-03	+0.000000E+00	-5.527211E-03	+3.401361E-03	-4.251701E-04	+4.251701E-04	-3.401361E-03	+5.527211E-03	+0.000000E+00	-5.527211E-03	+3.401361E-03	-4.251701E-04	+4.251701E-04	-3.401361E-03	+5.527211E-03	+0.000000E+00	-5.527211E-03	+3.401361E-03	-4.251701E-04	+4.251701E-04	-3.401361E-03	+5.527211E-03	+0.000000E+00	-5.527211E-03	+3.401361E-03	-4.251701E-04	+4.251701E-04	-3.401361E-03	+5.527211E-03	+0.000000E+00	-5.527211E-03	+3.401361E-03	-4.251701E-04	+4.251701E-04	-3.401361E-03	+5.527211E-03	+0.000000E+00	-5.527211E-03	+3.401361E-03	-4.251701E-04	+4.251701E-04	-3.401361E-03	+5.527211E-03	+0.000000E+00	-5.527211E-03	+3.401361E-03	-4.251701E-04	+4.251701E-04	-3.401361E-03	+5.527211E-03	+0.000000E+00	-5.527211E-03	+3.401361E-03	-4.251701E-04	+4.251701E-04	-3.401361E-03	+5.527211E-03	+0.000000E+00	-5.527211E-03	+3.401361E-03	-4.251701E-04	+4.251701E-04	-3.401361E-03	+5.527211E-03	+0.000000E+00
	S	+2.319109E-04	-5.411255E-04	+7.730365E-05	+4.638219E-04	+7.730365E-05	-5.411255E-04	+2.319109E-04	+2.319109E-04	-5.411255E-04	+7.730365E-05	+4.638219E-04	+7.730365E-05	-5.411255E-04	+2.319109E-04	+2.319109E-04	-5.411255E-04	+7.730365E-05	+4.638219E-04	+7.730365E-05	-5.411255E-04	+2.319109E-04	+2.319109E-04	-5.411255E-04	+7.730365E-05	+4.638219E-04	+7.730365E-05	-5.411255E-04	+2.319109E-04	+2.319109E-04	-5.411255E-04	+7.730365E-05	+4.638219E-04	+7.730365E-05	-5.411255E-04	+2.319109E-04	+2.319109E-04	-5.411255E-04	+7.730365E-05	+4.638219E-04	+7.730365E-05	-5.411255E-04	+2.319109E-04	+2.319109E-04	-5.411255E-04	+7.730365E-05	+4.638219E-04	+7.730365E-05	-5.411255E-04	+2.319109E-04	+2.319109E-04	-5.411255E-04	+7.730365E-05	+4.638219E-04	+7.730365E-05	-5.411255E-04	+2.319109E-04	+2.319109E-04	-5.411255E-04	+7.730365E-05	+4.638219E-04	+7.730365E-05	-5.411255E-04	+2.319109E-04	+2.319109E-04	-5.411255E-04	+7.730365E-05	+4.638219E-04	+7.730365E-05	-5.411255E-04	+2.319109E-04	+2.319109E-04	-5.411255E-04	+7.730365E-05	+4.638219E-04	+7.730365E-05	-5.411255E-04	+2.319109E-04	+2.319109E-04	-5.411255E-04	+7.730365E-05	+4.638219E-04	+7.730365E-05	-5.411255E-04	+2.319109E-04	+2.319109E-04	-5.411255E-04	+7.730365E-05	+4.638219E-04	+7.730365E-05	-5.411255E-04	+2.319109E-04	+2.319109E-04	-5.411255E-04	+7.730365E-05	+4.638219E-04	+7.730365E-05	-5.411255E-04	+2.319109E-04	+2.319109E-04	-5.411255E-04	+7.730365E-05	+4.638219E-04	+7.730365E-05	-5.411255E-04	+2.319109E-04	+2.319109E-04	-5.411255E-04	+7.730365E-05	+4.638219E-04	+7.730365E-05	-5.411255E-04	+2.319109E-04	+2.319109E-04	-5.411255E-04	+7.730365E-05	+4.638219E-04	+7.730365E-05	-5.411255E-04	+2.319109E-04	+2.319109E-04	-5.411255E-04	+7.730365E-05	+4.638219E-04	+7.730365E-05	-5.411255E-04	+2.319109E-04	+2.319109E-04	-5.411255E-04	+7.730365E-05	+4.638219E-04	+7.730365E-05	-5.411255E-04	+2.319109E-04	+2.319109E-04	-5.411255E-04	+7.730365E-05	+4.638219E-04	+7.730365E-05	-5.411255E-04	+2.319109E-04	+2.319109E-04	-5.411255E-04	+7.730365E-05	+4.638219E-04	+7.730365E-05	-5.411255E-04	+2.319109E-04	+2.319109E-04	-5.411255E-04	+7.730365E-05	+4.638219E-04	+7.730365E-05	-5.411255E-04	+2.319109E-04	+2.319109E-04	-5.411255E-04	+7.730365E-05	+4.638219E-04	+7.730365E-05	-5.411255E-04	+2.319109E-04	+2.319109E-04	-5.411255E-04	+7.730365E-05	+4.638219E-04	+7.730365E-05	-5.411255E-04	+2.319109E-04	+2.319109E-04	-5.411255E-04	+7.730365E-05	+4.638219E-04
	A	-8.503401E-05	+3.401361E-04	-4.251701E-04	+0.000000E+00	+4.251701E-04	-3.401361E-04	+8.503401E-05	-8.503401E-05	+3.401361E-04	-4.251701E-04	+0.000000E+00	+4.251701E-04	-3.401361E-04	+8.503401E-05	-8.503401E-05	+3.401361E-04	-4.251701E-04	+0.000000E+00	+4.251701E-04	-3.401361E-04	+8.503401E-05	-8.503401E-05	+3.401361E-04	-4.251701E-04	+0.000000E+00	+4.251701E-04	-3.401361E-04	+8.503401E-05	-8.503401E-05	+3.401361E-04	-4.251701E-04	+0.000000E+00	+4.251701E-04	-3.401361E-04	+8.503401E-05	-8.503401E-05	+3.401361E-04	-4.251701E-04	+0.000000E+00	+4.251701E-04	-3.401361E-04	+8.503401E-05	-8.503401E-05	+3.401361E-04	-4.251701E-04	+0.000000E+00	+4.251701E-04	-3.401361E-04	+8.503401E-05	-8.503401E-05	+3.401361E-04	-4.251701E-04	+0.000000E+00	+4.251701E-04	-3.401361E-04	+8.503401E-05	-8.503401E-05	+3.401361E-04	-4.251701E-04	+0.000000E+00	+4.251701E-04	-3.401361E-04	+8.503401E-05	-8.503401E-05	+3.401361E-04	-4.251701E-04	+0.000000E+00	+4.251701E-04	-3.401361E-04	+8.503401E-05	-8.503401E-05	+3.401361E-04	-4.251701E-04	+0.000000E+00	+4.251701E-04	-3.401361E-04	+8.503401E-05	-8.503401E-05	+3.401361E-04	-4.251701E-04	+0.000000E+00	+4.251701E-04	-3.401361E-04	+8.503401E-05	-8.503401E-05	+3.401361E-04	-4.251701E-04	+0.000000E+00	+4.251701E-04	-3.401361E-04	+8.503401E-05	-8.503401E-05	+3.401361E-04	-4.251701E-04	+0.000000E+00	+4.251701E-04	-3.401361E-04	+8.503401E-05	-8.503401E-05	+3.401361E-04	-4.251701E-04	+0.000000E+00	+4.251701E-04	-3.401361E-04	+8.503401E-05	-8.503401E-05	+3.401361E-04	-4.251701E-04	+0.000000E+00	+4.251701E-04	-3.401361E-04	+8.503401E-05	-8.503401E-05	+3.401361E-04	-4.251701E-04	+0.000000E+00	+4.251701E-04	-3.401361E-04	+8.503401E-05	-8.503401E-05	+3.401361E-04	-4.251701E-04	+0.000000E+00	+4.251701E-04	-3.401361E-04	+8.503401E-05	-8.503401E-05	+3.401361E-04	-4.251701E-04	+0.000000E+00	+4.251701E-04	-3.401361E-04	+8.503401E-05	-8.503401E-05	+3.401361E-04	-4.251701E-04	+0.000000E+00	+4.251701E-04	-3.401361E-04	+8.503401E-05	-8.503401E-05	+3.401361E-04	-4.251701E-04	+0.000000E+00	+4.251701E-04	-3.401361E-04	+8.503401E-05	-8.503401E-05	+3.401361E-04	-4.251701E-04	+0.000000E+00	+4.251701E-04	-3.401361E-04	+8.503401E-05	-8.503401E-05	+3.401361E-04	-4.251701E-04	+0.000000E+00	+4.251701E-04	-3.401361E-04	+8.503401E-05	-8.503401E-05	+3.401361E-04	-4.251701E-04	+0.000000E+00	+4.251701E-04	-3.401361E-04	+8.503401E-05	-8.503401E-05	+3.401361E-04	-4.251701E-04	+0.000000E+00
	A	-3.313014E-04	+1.987808E-03	-4.969520E-03	-8.680095E-03	-4.969520E-03	+1.987808E-03	-3.313014E-04	-2.208676E-04	+1.325205E-03	-3.313014E-03	-5.786730E-03	-3.313014E-03	+1.325205E-03	-2.208676E-04	-1.104338E-04	+6.626027E-04	-1.656507E-03	-2.893365E-03	-1.656507E-03	+6.626027E-04	-1.104338E-04	+0.000000E+00	+0.000000E+00	+0.000000E+00	+0.000000E+00	+0.000000E+00	+0.000000E+00	+0.000000E+00	+1.104338E-04	-6.626027E-04	+1.656507E-03	+2.893365E-03	+1.656507E-03	-6.626027E-04	+1.104338E-04	+2.208676E-04	-1.325205E-03	+3.313014E-03	+5.786730E-03	+3.313014E-03	-1.325205E-03	+2.208676E-04	+3.313014E-04	-1.987808E-03	+4.969520E-03	+8.680095E-03	+4.969520E-03	-1.987808E-03	+3.313014E-04	-3.313014E-04	+1.987808E-03	-4.969520E-03	-8.680095E-03	-4.969520E-03	+1.987808E-03	-3.313014E-04	-2.208676E-04	+1.325205E-03	-3.313014E-03	-5.786730E-03	-3.313014E-03	+1.325205E-03	-2.208676E-04	-1.104338E-04	+6.626027E-04	-1.656507E-03	-2.893365E-03	-1.656507E-03	+6.626027E-04	-1.104338E-04	+0.000000E+00	+0.000000E+00	+0.000000E+00	+0.000000E+00	+0.000000E+00	+0.000000E+00	+0.000000E+00	+1.104338E-04	-6.626027E-04	+1.656507E-03	+2.893365E-03	+1.656507E-03	-6.626027E-04	+1.104338E-04	+2.208676E-04	-1.325205E-03	+3.313014E-03	+5.786730E-03	+3.313014E-03	-1.325205E-03	+2.208676E-04	+3.313014E-04	-1.987808E-03	+4.969520E-03	+8.680095E-03	+4.969520E-03	-1.987808E-03	+3.313014E-04	-3.313014E-04	+1.987808E-03	-4.969520E-03	-8.680095E-03	-4.969520E-03	+1.987808E-03	-3.313014E-04	-2.208676E-04	+1.325205E-03	-3.313014E-03	-5.786730E-03	-3.313014E-03	+1.325205E-03	-2.208676E-04	-1.104338E-04	+6.626027E-04	-1.656507E-03	-2.893365E-03	-1.656507E-03	+6.626027E-04	-1.104338E-04	+0.000000E+00	+0.000000E+00	+0.000000E+00	+0.000000E+00	+0.000000E+00	+0.000000E+00	+0.000000E+00	+1.104338E-04	-6.626027E-04	+1.656507E-03	+2.893365E-03	+1.656507E-03	-6.626027E-04	+1.104338E-04	+2.208676E-04	-1.325205E-03	+3.313014E-03	+5.786730E-03	+3.313014E-03	-1.325205E-03	+2.208676E-04	+3.313014E-04	-1.987808E-03	+4.969520E-03	+8.680095E-03	+4.969520E-03	-1.987808E-03	+3.313014E-04	-3.313014E-04	+1.987808E-03	-4.969520E-03	-8.680095E-03	-4.969520E-03	+1.987808E-03	-3.313014E-04	-2.208676E-04	+1.325205E-03	-3.313014E-03	-5.786730E-03	-3.313014E-03	+1.325205E-03	-2.208676E-04	-1.104338E-04	+6.626027E-04	-1.656507E-03	-2.893365E-03	-1.656507E-03	+6.626027E-04	-1.104338E-04	+0.000000E+00	+0.000000E+00	+0.000000E+00	+0.000000E+00
	S	+2.551020E-04	-2.295918E-03	+1.147959E-02	+0.000000E+00	-1.147959E-02	+2.295918E-03	-2.551020E-04	+1.700680E-04	-1.530612E-03	+7.653061E-03	+0.000000E+00	-7.653061E-03	+1.530612E-03	-1.700680E-04	+8.503401E-05	-7.653061E-04	+3.826531E-03	+0.000000E+00	-3.826531E-03	+7.653061E-04	-8.503401E-05	+0.000000E+00	+0.000000E+00	+0.000000E+00	+0.000000E+00	+0.000000E+00	+0.000000E+00	+0.000000E+00	-8.503401E-05	+7.653061E-04	-3.826531E-03	+0.000000E+00	+3.826531E-03	-7.653061E-04	+8.503401E-05	-1.700680E-04	+1.530612E-03	-7.653061E-03	+0.000000E+00	+7.653061E-03	-1.530612E-03	+1.700680E-04	-2.551020E-04	+2.295918E-03	-1.147959E-02	+0.000000E+00	+1.147959E-02	-2.295918E-03	+2.551020E-04	+2.551020E-04	-2.295918E-03	+1.147959E-02	+0.000000E+00	-1.147959E-02	+2.295918E-03	-2.551020E-04	+1.700680E-04	-1.530612E-03	+7.653061E-03	+0.000000E+00	-7.653061E-03	+1.530612E-03	-1.700680E-04	+8.503401E-05	-7.653061E-04	+3.826531E-03	+0.000000E+00	-3.826531E-03	+7.653061E-04	-8.503401E-05	+0.000000E+00	+0.000000E+00	+0.000000E+00	+0.000000E+00	+0.000000E+00	+0.000000E+00	+0.000000E+00	-8.503401E-05	+7.653061E-04	-3.826531E-03	+0.000000E+00	+3.826531E-03	-7.653061E-04	+8.503401E-05	-1.700680E-04	+1.530612E-03	-7.653061E-03	+0.000000E+00	+7.653061E-03	-1.530612E-03	+1.700680E-04	-2.551020E-04	+2.295918E-03	-1.147959E-02	+0.000000E+00	+1.147959E-02	-2.295918E-03	+2.551020E-04	+2.551020E-04	-2.295918E-03	+1.147959E-02	+0.000000E+00	-1.147959E-02	+2.295918E-03	-2.551020E-04	+1.700680E-04	-1.530612E-03	+7.653061E-03	+0.000000E+00	-7.653061E-03	+1.530612E-03	-1.700680E-04	+8.503401E-05	-7.653061E-04	+3.826531E-03	+0.000000E+00	-3.826531E-03	+7.653061E-04	-8.503401E-05	+0.000000E+00	+0.000000E+00	+0.000000E+00	+0.000000E+00	+0.000000E+00	+0.000000E+00	+0.000000E+00	-8.503401E-05	+7.653061E-04	-3.826531E-03	+0.000000E+00	+3.826531E-03	-7.653061E-04	+8.503401E-05	-1.700680E-04	+1.530612E-03	-7.653061E-03	+0.000000E+00	+7.653061E-03	-1.530612E-03	+1.700680E-04	-2.551020E-04	+2.295918E-03	-1.147959E-02	+0.000000E+00	+1.147959E-02	-2.295918E-03	+2.551020E-04	+2.551020E-04	-2.295918E-03	+1.147959E-02	+0.000000E+00	-1.147959E-02	+2.295918E-03	-2.551020E-04	+1.700680E-04	-1.530612E-03	+7.653061E-03	+0.000000E+00	-7.653061E-03	+1.530612E-03	-1.700680E-04	+8.503401E-05	-7.653061E-04	+3.826531E-03	+0.000000E+00	-3.826531E-03	+7.653061E-04	-8.503401E-05	+0.000000E+00	+0.000000E+00	+0.000000E+00	+0.000000E+00
	A	+7.537106E-04	-3.884508E-03	+1.101577E-03	+4.058442E-03	+1.101577E-03	-3.884508E-03	+7.537106E-04	+5.024737E-04	-2.589672E-03	+7.343847E-04	+2.705628E-03	+7.343847E-04	-2.589672E-03	+5.024737E-04	+2.512369E-04	-1.294836E-03	+3.671923E-04	+1.352814E-03	+3.671923E-04	-1.294836E-03	+2.512369E-04	+0.000000E+00	+0.000000E+00	+0.000000E+00	+0.000000E+00	+0.000000E+00	+0.000000E+00	+0.000000E+00	-2.512369E-04	+1.294836E-03	-3.671923E-04	-1.352814E-03	-3.671923E-04	+1.294836E-03	-2.512369E-04	-5.024737E-04	+2.589672E-03	-7.343847E-04	-2.705628E-03	-7.343847E-04	+2.589672E-03	-5.024737E-04	-7.537106E-04	+3.884508E-03	-1.101577E-03	-4.058442E-03	-1.101577E-03	+3.884508E-03	-7.537106E-04	+7.537106E-04	-3.884508E-03	+1.101577E-03	+4.058442E-03	+1.101577E-03	-3.884508E-03	+7.537106E-04	+5.024737E-04	-2.589672E-03	+7.343847E-04	+2.705628E-03	+7.343847E-04	-2.589672E-03	+5.024737E-04	+2.512369E-04	-1.294836E-03	+3.671923E-04	+1.352814E-03	+3.671923E-04	-1.294836E-03	+2.512369E-04	+0.000000E+00	+0.000000E+00	+0.000000E+00	+0.000000E+00	+0.000000E+00	+0.000000E+00	+0.000000E+00	-2.512369E-04	+1.294836E-03	-3.671923E-04	-1.352814E-03	-3.671923E-04	+1.294836E-03	-2.512369E-04	-5.024737E-04	+2.589672E-03	-7.343847E-04	-2.705628E-03	-7.343847E-04	+2.589672E-03	-5.024737E-04	-7.537106E-04	+3.884508E-03	-1.101577E-03	-4.058442E-03	-1.101577E-03	+3.884508E-03	-7.537106E-04	+7.537106E-04	-3.884508E-03	+1.101577E-03	+4.058442E-03	+1.101577E-03	-3.884508E-03	+7.537106E-04	+5.024737E-04	-2.589672E-03	+7.343847E-04	+2.705628E-03	+7.343847E-04	-2.589672E-03	+5.024737E-04	+2.512369E-04	-1.294836E-03	+3.671923E-04	+1.352814E-03	+3.671923E-04	-1.294836E-03	+2.512369E-04	+0.000000E+00	+0.000000E+00	+0.000000E+00	+0.000000E+00	+0.000000E+00	+0.000000E+00	+0.000000E+00	-2.512369E-04	+1.294836E-03	-3.671923E-04	-1.352814E-03	-3.671923E-04	+1.294836E-03	-2.512369E-04	-5.024737E-04	+2.589672E-03	-7.343847E-04	-2.705628E-03	-7.343847E-04	+2.589672E-03	-5.024737E-04	-7.537106E-04	+3.884508E-03	-1.101577E-03	-4.058442E-03	-1.101577E-03	+3.884508E-03	-7.537106E-04	+7.537106E-04	-3.884508E-03	+1.101577E-03	+4.058442E-03	+1.101577E-03	-3.884508E-03	+7.537106E-04	+5.024737E-04	-2.589672E-03	+7.343847E-04	+2.705628E-03	+7.343847E-04	-2.589672E-03	+5.024737E-04	+2.512369E-04	-1.294836E-03	+3.671923E-04	+1.352814E-03	+3.671923E-04	-1.294836E-03	+2.512369E-04	+0.000000E+00	+0.000000E+00	+0.000000E+00	+0.000000E+00
	S	-3.188776E-04	+2.551020E-03	-4.145408E-03	+0.000000E+00	+4.145408E-03	-2.551020E-03	+3.188776E-04	-2.125850E-04	+1.700680E-03	-2.763605E-03	+0.000000E+00	+2.763605E-03	-1.700680E-03	+2.125850E-04	-1.062925E-04	+8.503401E-04	-1.381803E-03	+0.000000E+00	+1.381803E-03	-8.503401E-04	+1.062925E-04	+0.000000E+00	+0.000000E+00	+0.000000E+00	+0.000000E+00	+0.000000E+00	+0.000000E+00	+0.000000E+00	+1.062925E-04	-8.503401E-04	+1.381803E-03	+0.000000E+00	-1.381803E-03	+8.503401E-04	-1.062925E-04	+2.125850E-04	-1.700680E-03	+2.763605E-03	+0.000000E+00	-2.763605E-03	+1.700680E-03	-2.125850E-04	+3.188776E-04	-2.551020E-03	+4.145408E-03	+0.000000E+00	-4.145408E-03	+2.551020E-03	-3.188776E-04	-3.188776E-04	+2.551020E-03	-4.145408E-03	+0.000000E+00	+4.145408E-03	-2.551020E-03	+3.188776E-04	-2.125850E-04	+1.700680E-03	-2.763605E-03	+0.000000E+00	+2.763605E-03	-1.700680E-03	+2.125850E-04	-1.062925E-04	+8.503401E-04	-1.381803E-03	+0.000000E+00	+1.381803E-03	-8.503401E-04	+1.062925E-04	+0.000000E+00	+0.000000E+00	+0.000000E+00	+0.000000E+00	+0.000000E+00	+0.000000E+00	+0.000000E+00	+1.062925E-04	-8.503401E-04	+1.381803E-03	+0.000000E+00	-1.381803E-03	+8.503401E-04	-1.062925E-04	+2.125850E-04	-1.700680E-03	+2.763605E-03	+0.000000E+00	-2.763605E-03	+1.700680E-03	-2.125850E-04	+3.188776E-04	-2.551020E-03	+4.145408E-03	+0.000000E+00	-4.145408E-03	+2.551020E-03	-3.188776E-04	-3.188776E-04	+2.551020E-03	-4.145408E-03	+0.000000E+00	+4.145408E-03	-2.551020E-03	+3.188776E-04	-2.125850E-04	+1.700680E-03	-2.763605E-03	+0.000000E+00	+2.763605E-03	-1.700680E-03	+2.125850E-04	-1.062925E-04	+8.503401E-04	-1.381803E-03	+0.000000E+00	+1.381803E-03	-8.503401E-04	+1.062925E-04	+0.000000E+00	+0.000000E+00	+0.000000E+00	+0.000000E+00	+0.000000E+00	+0.000000E+00	+0.000000E+00	+1.062925E-04	-8.503401E-04	+1.381803E-03	+0.000000E+00	-1.381803E-03	+8.503401E-04	-1.062925E-04	+2.125850E-04	-1.700680E-03	+2.763605E-03	+0.000000E+00	-2.763605E-03	+1.700680E-03	-2.125850E-04	+3.188776E-04	-2.551020E-03	+4.145408E-03	+0.000000E+00	-4.145408E-03	+2.551020E-03	-3.188776E-04	-3.188776E-04	+2.551020E-03	-4.145408E-03	+0.000000E+00	+4.145408E-03	-2.551020E-03	+3.188776E-04	-2.125850E-04	+1.700680E-03	-2.763605E-03	+0.000000E+00	+2.763605E-03	-1.700680E-03	+2.125850E-04	-1.062925E-04	+8.503401E-04	-1.381803E-03	+0.000000E+00	+1.381803E-03	-8.503401E-04	+1.062925E-04	+0.000000E+00	+0.000000E+00	+0.000000E+00	+0.000000E+00
	A	-1.739332E-04	+4.058442E-04	-5.797774E-05	-3.478664E-04	-5.797774E-05	+4.058442E-04	-1.739332E-04	-1.159555E-04	+2.705628E-04	-3.865182E-05	-2.319109E-04	-3.865182E-05	+2.705628E-04	-1.159555E-04	-5.797774E-05	+1.352814E-04	-1.932591E-05	-1.159555E-04	-1.932591E-05	+1.352814E-04	-5.797774E-05	+0.000000E+00	+0.000000E+00	+0.000000E+00	+0.000000E+00	+0.000000E+00	+0.000000E+00	+0.000000E+00	+5.797774E-05	-1.352814E-04	+1.932591E-05	+1.159555E-04	+1.932591E-05	-1.352814E-04	+5.797774E-05	+1.159555E-04	-2.705628E-04	+3.865182E-05	+2.319109E-04	+3.865182E-05	-2.705628E-04	+1.159555E-04	+1.739332E-04	-4.058442E-04	+5.797774E-05	+3.478664E-04	+5.797774E-05	-4.058442E-04	+1.739332E-04	-1.739332E-04	+4.058442E-04	-5.797774E-05	-3.478664E-04	-5.797774E-05	+4.058442E-04	-1.739332E-04	-1.159555E-04	+2.705628E-04	-3.865182E-05	-2.319109E-04	-3.865182E-05	+2.705628E-04	-1.159555E-04	-5.797774E-05	+1.352814E-04	-1.932591E-05	-1.159555E-04	-1.932591E-05	+1.352814E-04	-5.797774E-05	+0.000000E+00	+0.000000E+00	+0.000000E+00	+0.000000E+00	+0.000000E+00	+0.000000E+00	+0.000000E+00	+5.797774E-05	-1.352814E-04	+1.932591E-05	+1.159555E-04	+1.932591E-05	-1.352814E-04	+5.797774E-05	+1.159555E-04	-2.705628E-04	+3.865182E-05	+2.319109E-04	+3.865182E-05	-2.705628E-04	+1.159555E-04	+1.739332E-04	-4.058442E-04	+5.797774E-05	+3.478664E-04	+5.797774E-05	-4.058442E-04	+1.739332E-04	-1.739332E-04	+4.058442E-04	-5.797774E-05	-3.478664E-04	-5.797774E-05	+4.058442E-04	-1.739332E-04	-1.159555E-04	+2.705628E-04	-3.865182E-05	-2.319109E-04	-3.865182E-05	+2.705628E-04	-1.159555E-04	-5.797774E-05	+1.352814E-04	-1.932591E-05	-1.159555E-04	-1.932591E-05	+1.352814E-04	-5.797774E-05	+0.000000E+00	+0.000000E+00	+0.000000E+00	+0.000000E+00	+0.000000E+00	+0.000000E+00	+0.000000E+00	+5.797774E-05	-1.352814E-04	+1.932591E-05	+1.159555E-04	+1.932591E-05	-1.352814E-04	+5.797774E-05	+1.159555E-04	-2.705628E-04	+3.865182E-05	+2.319109E-04	+3.865182E-05	-2.705628E-04	+1.159555E-04	+1.739332E-04	-4.058442E-04	+5.797774E-05	+3.478664E-04	+5.797774E-05	-4.058442E-04	+1.739332E-04	-1.739332E-04	+4.058442E-04	-5.797774E-05	-3.478664E-04	-5.797774E-05	+4.058442E-04	-1.739332E-04	-1.159555E-04	+2.705628E-04	-3.865182E-05	-2.319109E-04	-3.865182E-05	+2.705628E-04	-1.159555E-04	-5.797774E-05	+1.352814E-04	-1.932591E-05	-1.159555E-04	-1.932591E-05	+1.352814E-04	-5.797774E-05	+0.000000E+00	+0.000000E+00	+0.000000E+00	+0.000000E+00
	S	+6.377551E-05	-2.551020E-04	+3.188776E-04	+0.000000E+00	-3.188776E-04	+2.551020E-04	-6.377551E-05	+4.251701E-05	-1.700680E-04	+2.125850E-04	+0.000000E+00	-2.125850E-04	+1.700680E-04	-4.251701E-05	+2.125850E-05	-8.503401E-05	+1.062925E-04	+0.000000E+00	-1.062925E-04	+8.503401E-05	-2.125850E-05	+0.000000E+00	+0.000000E+00	+0.000000E+00	+0.000000E+00	+0.000000E+00	+0.000000E+00	+0.000000E+00	-2.125850E-05	+8.503401E-05	-1.062925E-04	+0.000000E+00	+1.062925E-04	-8.503401E-05	+2.125850E-05	-4.251701E-05	+1.700680E-04	-2.125850E-04	+0.000000E+00	+2.125850E-04	-1.700680E-04	+4.251701E-05	-6.377551E-05	+2.551020E-04	-3.188776E-04	+0.000000E+00	+3.188776E-04	-2.551020E-04	+6.377551E-05	+6.377551E-05	-2.551020E-04	+3.188776E-04	+0.000000E+00	-3.188776E-04	+2.551020E-04	-6.377551E-05	+4.251701E-05	-1.700680E-04	+2.125850E-04	+0.000000E+00	-2.125850E-04	+1.700680E-04	-4.251701E-05	+2.125850E-05	-8.503401E-05	+1.062925E-04	+0.000000E+00	-1.062925E-04	+8.503401E-05	-2.125850E-05	+0.000000E+00	+0.000000E+00	+0.000000E+00	+0.000000E+00	+0.000000E+00	+0.000000E+00	+0.000000E+00	-2.125850E-05	+8.503401E-05	-1.062925E-04	+0.000000E+00	+1.062925E-04	-8.503401E-05	+2.125850E-05	-4.251701E-05	+1.700680E-04	-2.125850E-04	+0.000000E+00	+2.125850E-04	-1.700680E-04	+4.251701E-05	-6.377551E-05	+2.551020E-04	-3.188776E-04	+0.000000E+00	+3.188776E-04	-2.551020E-04	+6.377551E-05	+6.377551E-05	-2.551020E-04	+3.188776E-04	+0.000000E+00	-3.188776E-04	+2.551020E-04	-6.377551E-05	+4.251701E-05	-1.700680E-04	+2.125850E-04	+0.000000E+00	-2.125850E-04	+1.700680E-04	-4.251701E-05	+2.125850E-05	-8.503401E-05	+1.062925E-04	+0.000000E+00	-1.062925E-04	+8.503401E-05	-2.125850E-05	+0.000000E+00	+0.000000E+00	+0.000000E+00	+0.000000E+00	+0.000000E+00	+0.000000E+00	+0.000000E+00	-2.125850E-05	+8.503401E-05	-1.062925E-04	+0.000000E+00	+1.062925E-04	-8.503401E-05	+2.125850E-05	-4.251701E-05	+1.700680E-04	-2.125850E-04	+0.000000E+00	+2.125850E-04	-1.700680E-04	+4.251701E-05	-6.377551E-05	+2.551020E-04	-3.188776E-04	+0.000000E+00	+3.188776E-04	-2.551020E-04	+6.377551E-05	+6.377551E-05	-2.551020E-04	+3.188776E-04	+0.000000E+00	-3.188776E-04	+2.551020E-04	-6.377551E-05	+4.251701E-05	-1.700680E-04	+2.125850E-04	+0.000000E+00	-2.125850E-04	+1.700680E-04	-4.251701E-05	+2.125850E-05	-8.503401E-05	+1.062925E-04	+0.000000E+00	-1.062925E-04	+8.503401E-05	-2.125850E-05	+0.000000E+00	+0.000000E+00	+0.000000E+00	+0.000000E+00
	A	-3.313014E-04	+1.987808E-03	-4.969520E-03	-8.680095E-03	-4.969520E-03	+1.987808E-03	-3.313014E-04	-3.313014E-04	+1.987808E-03	-4.969520E-03	-8.680095E-03	-4.969520E-03	+1.987808E-03	-3.313014E-04	-3.313014E-04	+1.987808E-03	-4.969520E-03	-8.680095E-03	-4.969520E-03	+1.987808E-03	-3.313014E-04	-3.313014E-04	+1.987808E-03	-4.969520E-03	-8.680095E-03	-4.969520E-03	+1.987808E-03	-3.313014E-04	-3.313014E-04	+1.987808E-03	-4.969520E-03	-8.680095E-03	-4.969520E-03	+1.987808E-03	-3.313014E-04	-3.313014E-04	+1.987808E-03	-4.969520E-03	-8.680095E-03	-4.969520E-03	+1.987808E-03	-3.313014E-04	-3.313014E-04	+1.987808E-03	-4.969520E-03	-8.680095E-03	-4.969520E-03	+1.987808E-03	-3.313014E-04	-2.208676E-04	+1.325205E-03	-3.313014E-03	-5.786730E-03	-3.313014E-03	+1.325205E-03	-2.208676E-04	-2.208676E-04	+1.325205E-03	-3.313014E-03	-5.786730E-03	-3.313014E-03	+1.325205E-03	-2.208676E-04	-2.208676E-04	+1.325205E-03	-3.313014E-03	-5.786730E-03	-3.313014E-03	+1.325205E-03	-2.208676E-04	-2.208676E-04	+1.325205E-03	-3.313014E-03	-5.786730E-03	-3.313014E-03	+1.325205E-03	-2.208676E-04	-2.208676E-04	+1.325205E-03	-3.313014E-03	-5.786730E-03	-3.313014E-03	+1.325205E-03	-2.208676E-04	-2.208676E-04	+1.325205E-03	-3.313014E-03	-5.786730E-03	-3.313014E-03	+1.325205E-03	-2.208676E-04	-2.208676E-04	+1.325205E-03	-3.313014E-03	-5.786730E-03	-3.313014E-03	+1.325205E-03	-2.208676E-04	-1.104338E-04	+6.626027E-04	-1.656507E-03	-2.893365E-03	-1.656507E-03	+6.626027E-04	-1.104338E-04	-1.104338E-04	+6.626027E-04	-1.656507E-03	-2.893365E-03	-1.656507E-03	+6.626027E-04	-1.104338E-04	-1.104338E-04	+6.626027E-04	-1.656507E-03	-2.893365E-03	-1.656507E-03	+6.626027E-04	-1.104338E-04	-1.104338E-04	+6.626027E-04	-1.656507E-03	-2.893365E-03	-1.656507E-03	+6.626027E-04	-1.104338E-04	-1.104338E-04	+6.626027E-04	-1.656507E-03	-2.893365E-03	-1.656507E-03	+6.626027E-04	-1.104338E-04	-1.104338E-04	+6.626027E-04	-1.656507E-03	-2.893365E-03	-1.656507E-03	+6.626027E-04	-1.104338E-04	-1.104338E-04	+6.626027E-04	-1.656507E-03	-2.893365E-03	-1.656507E-03	+6.626027E-04	-1.104338E-04	+0.000000E+00	+0.000000E+00	+0.000000E+00	+0.000000E+00	+0.000000E+00	+0.000000E+00	+0.000000E+00	+0.000000E+00	+0.000000E+00	+0.000000E+00	+0.000000E+00	+0.000000E+00	+0.000000E+00	+0.000000E+00	+0.000000E+00	+0.000000E+00	+0.000000E+00	+0.000000E+00	+0.000000E+00	+0.000000E+00	+0.000000E+00	+0.000000E+00	+0.000000E+00	+0.000000E+00	+0.000000E+00
	S	+2.551020E-04	-2.295918E-03	+1.147959E-02	+0.000000E+00	-1.147959E-02	+2.295918E-03	-2.551020E-04	+2.551020E-04	-2.295918E-03	+1.147959E-02	+0.000000E+00	-1.147959E-02	+2.295918E-03	-2.551020E-04	+2.551020E-04	-2.295918E-03	+1.147959E-02	+0.000000E+00	-1.147959E-02	+2.295918E-03	-2.551020E-04	+2.551020E-04	-2.295918E-03	+1.147959E-02	+0.000000E+00	-1.147959E-02	+2.295918E-03	-2.551020E-04	+2.551020E-04	-2.295918E-03	+1.147959E-02	+0.000000E+00	-1.147959E-02	+2.295918E-03	-2.551020E-04	+2.551020E-04	-2.295918E-03	+1.147959E-02	+0.000000E+00	-1.147959E-02	+2.295918E-03	-2.551020E-04	+2.551020E-04	-2.295918E-03	+1.147959E-02	+0.000000E+00	-1.147959E-02	+2.295918E-03	-2.551020E-04	+1.700680E-04	-1.530612E-03	+7.653061E-03	+0.000000E+00	-7.653061E-03	+1.530612E-03	-1.700680E-04	+1.700680E-04	-1.530612E-03	+7.653061E-03	+0.000000E+00	-7.653061E-03	+1.530612E-03	-1.700680E-04	+1.700680E-04	-1.530612E-03	+7.653061E-03	+0.000000E+00	-7.653061E-03	+1.530612E-03	-1.700680E-04	+1.700680E-04	-1.530612E-03	+7.653061E-03	+0.000000E+00	-7.653061E-03	+1.530612E-03	-1.700680E-04	+1.700680E-04	-1.530612E-03	+7.653061E-03	+0.000000E+00	-7.653061E-03	+1.530612E-03	-1.700680E-04	+1.700680E-04	-1.530612E-03	+7.653061E-03	+0.000000E+00	-7.653061E-03	+1.530612E-03	-1.700680E-04	+1.700680E-04	-1.530612E-03	+7.653061E-03	+0.000000E+00	-7.653061E-03	+1.530612E-03	-1.700680E-04	+8.503401E-05	-7.653061E-04	+3.826531E-03	+0.000000E+00	-3.826531E-03	+7.653061E-04	-8.503401E-05	+8.503401E-05	-7.653061E-04	+3.826531E-03	+0.000000E+00	-3.826531E-03	+7.653061E-04	-8.503401E-05	+8.503401E-05	-7.653061E-04	+3.826531E-03	+0.000000E+00	-3.826531E-03	+7.653061E-04	-8.503401E-05	+8.503401E-05	-7.653061E-04	+3.826531E-03	+0.000000E+00	-3.826531E-03	+7.653061E-04	-8.503401E-05	+8.503401E-05	-7.653061E-04	+3.826531E-03	+0.000000E+00	-3.826531E-03	+7.653061E-04	-8.503401E-05	+8.503401E-05	-7.653061E-04	+3.826531E-03	+0.000000E+00	-3.826531E-03	+7.653061E-04	-8.503401E-05	+8.503401E-05	-7.653061E-04	+3.826531E-03	+0.000000E+00	-3.826531E-03	+7.653061E-04	-8.503401E-05	+0.000000E+00	+0.000000E+00	+0.000000E+00	+0.000000E+00	+0.000000E+00	+0.000000E+00	+0.000000E+00	+0.000000E+00	+0.000000E+00	+0.000000E+00	+0.000000E+00	+0.000000E+00	+0.000000E+00	+0.000000E+00	+0.000000E+00	+0.000000E+00	+0.000000E+00	+0.000000E+00	+0.000000E+00	+0.000000E+00	+0.000000E+00	+0.000000E+00	+0.000000E+00	+0.000000E+00	+0.000000E+00
	A	+7.537106E-04	-3.884508E-03	+1.101577E-03	+4.058442E-03	+1.101577E-03	-3.884508E-03	+7.537106E-04	+7.537106E-04	-3.884508E-03	+1.101577E-03	+4.058442E-03	+1.101577E-03	-3.884508E-03	+7.537106E-04	+7.537106E-04	-3.884508E-03	+1.101577E-03	+4.058442E-03	+1.101577E-03	-3.884508E-03	+7.537106E-04	+7.537106E-04	-3.884508E-03	+1.101577E-03	+4.058442E-03	+1.101577E-03	-3.884508E-03	+7.537106E-04	+7.537106E-04	-3.884508E-03	+1.101577E-03	+4.058442E-03	+1.101577E-03	-3.884508E-03	+7.537106E-04	+7.537106E-04	-3.884508E-03	+1.101577E-03	+4.058442E-03	+1.101577E-03	-3.884508E-03	+7.537106E-04	+7.537106E-04	-3.884508E-03	+1.101577E-03	+4.058442E-03	+1.101577E-03	-3.884508E-03	+7.537106E-04	+5.024737E-04	-2.589672E-03	+7.343847E-04	+2.705628E-03	+7.343847E-04	-2.589672E-03	+5.024737E-04	+5.024737E-04	-2.589672E-03	+7.343847E-04	+2.705628E-03	+7.343847E-04	-2.589672E-03	+5.024737E-04	+5.024737E-04	-2.589672E-03	+7.343847E-04	+2.705628E-03	+7.343847E-04	-2.589672E-03	+5.024737E-04	+5.024737E-04	-2.589672E-03	+7.343847E-04	+2.705628E-03	+7.343847E-04	-2.589672E-03	+5.024737E-04	+5.024737E-04	-2.589672E-03	+7.343847E-04	+2.705628E-03	+7.343847E-04	-2.589672E-03	+5.024737E-04	+5.024737E-04	-2.589672E-03	+7.343847E-04	+2.705628E-03	+7.343847E-04	-2.589672E-03	+5.024737E-04	+5.024737E-04	-2.589672E-03	+7.343847E-04	+2.705628E-03	+7.343847E-04	-2.589672E-03	+5.024737E-04	+2.512369E-04	-1.294836E-03	+3.671923E-04	+1.352814E-03	+3.671923E-04	-1.294836E-03	+2.512369E-04	+2.512369E-04	-1.294836E-03	+3.671923E-04	+1.352814E-03	+3.671923E-04	-1.294836E-03	+2.512369E-04	+2.512369E-04	-1.294836E-03	+3.671923E-04	+1.352814E-03	+3.671923E-04	-1.294836E-03	+2.512369E-04	+2.512369E-04	-1.294836E-03	+3.671923E-04	+1.352814E-03	+3.671923E-04	-1.294836E-03	+2.512369E-04	+2.512369E-04	-1.294836E-03	+3.671923E-04	+1.352814E-03	+3.671923E-04	-1.294836E-03	+2.512369E-04	+2.512369E-04	-1.294836E-03	+3.671923E-04	+1.352814E-03	+3.671923E-04	-1.294836E-03	+2.512369E-04	+2.512369E-04	-1.294836E-03	+3.671923E-04	+1.352814E-03	+3.671923E-04	-1.294836E-03	+2.512369E-04	+0.000000E+00	+0.000000E+00	+0.000000E+00	+0.000000E+00	+0.000000E+00	+0.000000E+00	+0.000000E+00	+0.000000E+00	+0.000000E+00	+0.000000E+00	+0.000000E+00	+0.000000E+00	+0.000000E+00	+0.000000E+00	+0.000000E+00	+0.000000E+00	+0.000000E+00	+0.000000E+00	+0.000000E+00	+0.000000E+00	+0.000000E+00	+0.000000E+00	+0.000000E+00	+0.000000E+00	+0.000000E+00
	S	-3.188776E-04	+2.551020E-03	-4.145408E-03	+0.000000E+00	+4.145408E-03	-2.551020E-03	+3.188776E-04	-3.188776E-04	+2.551020E-03	-4.145408E-03	+0.000000E+00	+4.145408E-03	-2.551020E-03	+3.188776E-04	-3.188776E-04	+2.551020E-03	-4.145408E-03	+0.000000E+00	+4.145408E-03	-2.551020E-03	+3.188776E-04	-3.188776E-04	+2.551020E-03	-4.145408E-03	+0.000000E+00	+4.145408E-03	-2.551020E-03	+3.188776E-04	-3.188776E-04	+2.551020E-03	-4.145408E-03	+0.000000E+00	+4.145408E-03	-2.551020E-03	+3.188776E-04	-3.188776E-04	+2.551020E-03	-4.145408E-03	+0.000000E+00	+4.145408E-03	-2.551020E-03	+3.188776E-04	-3.188776E-04	+2.551020E-03	-4.145408E-03	+0.000000E+00	+4.145408E-03	-2.551020E-03	+3.188776E-04	-2.125850E-04	+1.700680E-03	-2.763605E-03	+0.000000E+00	+2.763605E-03	-1.700680E-03	+2.125850E-04	-2.125850E-04	+1.700680E-03	-2.763605E-03	+0.000000E+00	+2.763605E-03	-1.700680E-03	+2.125850E-04	-2.125850E-04	+1.700680E-03	-2.763605E-03	+0.000000E+00	+2.763605E-03	-1.700680E-03	+2.125850E-04	-2.125850E-04	+1.700680E-03	-2.763605E-03	+0.000000E+00	+2.763605E-03	-1.700680E-03	+2.125850E-04	-2.125850E-04	+1.700680E-03	-2.763605E-03	+0.000000E+00	+2.763605E-03	-1.700680E-03	+2.125850E-04	-2.125850E-04	+1.700680E-03	-2.763605E-03	+0.000000E+00	+2.763605E-03	-1.700680E-03	+2.125850E-04	-2.125850E-04	+1.700680E-03	-2.763605E-03	+0.000000E+00	+2.763605E-03	-1.700680E-03	+2.125850E-04	-1.062925E-04	+8.503401E-04	-1.381803E-03	+0.000000E+00	+1.381803E-03	-8.503401E-04	+1.062925E-04	-1.062925E-04	+8.503401E-04	-1.381803E-03	+0.000000E+00	+1.381803E-03	-8.503401E-04	+1.062925E-04	-1.062925E-04	+8.503401E-04	-1.381803E-03	+0.000000E+00	+1.381803E-03	-8.503401E-04	+1.062925E-04	-1.062925E-04	+8.503401E-04	-1.381803E-03	+0.000000E+00	+1.381803E-03	-8.503401E-04	+1.062925E-04	-1.062925E-04	+8.503401E-04	-1.381803E-03	+0.000000E+00	+1.381803E-03	-8.503401E-04	+1.062925E-04	-1.062925E-04	+8.503401E-04	-1.381803E-03	+0.000000E+00	+1.381803E-03	-8.503401E-04	+1.062925E-04	-1.062925E-04	+8.503401E-04	-1.381803E-03	+0.000000E+00	+1.381803E-03	-8.503401E-04	+1.062925E-04	+0.000000E+00	+0.000000E+00	+0.000000E+00	+0.000000E+00	+0.000000E+00	+0.000000E+00	+0.000000E+00	+0.000000E+00	+0.000000E+00	+0.000000E+00	+0.000000E+00	+0.000000E+00	+0.000000E+00	+0.000000E+00	+0.000000E+00	+0.000000E+00	+0.000000E+00	+0.000000E+00	+0.000000E+00	+0.000000E+00	+0.000000E+00	+0.000000E+00	+0.000000E+00	+0.000000E+00	+0.000000E+00
	A	-1.739332E-04	+4.058442E-04	-5.797774E-05	-3.478664E-04	-5.797774E-05	+4.058442E-04	-1.739332E-04	-1.739332E-04	+4.058442E-04	-5.797774E-05	-3.478664E-04	-5.797774E-05	+4.058442E-04	-1.739332E-04	-1.739332E-04	+4.058442E-04	-5.797774E-05	-3.478664E-04	-5.797774E-05	+4.058442E-04	-1.739332E-04	-1.739332E-04	+4.058442E-04	-5.797774E-05	-3.478664E-04	-5.797774E-05	+4.058442E-04	-1.739332E-04	-1.739332E-04	+4.058442E-04	-5.797774E-05	-3.478664E-04	-5.797774E-05	+4.058442E-04	-1.739332E-04	-1.739332E-04	+4.058442E-04	-5.797774E-05	-3.478664E-04	-5.797774E-05	+4.058442E-04	-1.739332E-04	-1.739332E-04	+4.058442E-04	-5.797774E-05	-3.478664E-04	-5.797774E-05	+4.058442E-04	-1.739332E-04	-1.159555E-04	+2.705628E-04	-3.865182E-05	-2.319109E-04	-3.865182E-05	+2.705628E-04	-1.159555E-04	-1.159555E-04	+2.705628E-04	-3.865182E-05	-2.319109E-04	-3.865182E-05	+2.705628E-04	-1.159555E-04	-1.159555E-04	+2.705628E-04	-3.865182E-05	-2.319109E-04	-3.865182E-05	+2.705628E-04	-1.159555E-04	-1.159555E-04	+2.705628E-04	-3.865182E-05	-2.319109E-04	-3.865182E-05	+2.705628E-04	-1.159555E-04	-1.159555E-04	+2.705628E-04	-3.865182E-05	-2.319109E-04	-3.865182E-05	+2.705628E-04	-1.159555E-04	-1.159555E-04	+2.705628E-04	-3.865182E-05	-2.319109E-04	-3.865182E-05	+2.705628E-04	-1.159555E-04	-1.159555E-04	+2.705628E-04	-3.865182E-05	-2.319109E-04	-3.865182E-05	+2.705628E-04	-1.159555E-04	-5.797774E-05	+1.352814E-04	-1.932591E-05	-1.159555E-04	-1.932591E-05	+1.352814E-04	-5.797774E-05	-5.797774E-05	+1.352814E-04	-1.932591E-05	-1.159555E-04	-1.932591E-05	+1.352814E-04	-5.797774E-05	-5.797774E-05	+1.352814E-04	-1.932591E-05	-1.159555E-04	-1.932591E-05	+1.352814E-04	-5.797774E-05	-5.797774E-05	+1.352814E-04	-1.932591E-05	-1.159555E-04	-1.932591E-05	+1.352814E-04	-5.797774E-05	-5.797774E-05	+1.352814E-04	-1.932591E-05	-1.159555E-04	-1.932591E-05	+1.352814E-04	-5.797774E-05	-5.797774E-05	+1.352814E-04	-1.932591E-05	-1.159555E-04	-1.932591E-05	+1.352814E-04	-5.797774E-05	-5.797774E-05	+1.352814E-04	-1.932591E-05	-1.159555E-04	-1.932591E-05	+1.352814E-04	-5.797774E-05	+0.000000E+00	+0.000000E+00	+0.000000E+00	+0.000000E+00	+0.000000E+00	+0.000000E+00	+0.000000E+00	+0.000000E+00	+0.000000E+00	+0.000000E+00	+0.000000E+00	+0.000000E+00	+0.000000E+00	+0.000000E+00	+0.000000E+00	+0.000000E+00	+0.000000E+00	+0.000000E+00	+0.000000E+00	+0.000000E+00	+0.000000E+00	+0.000000E+00	+0.000000E+00	+0.000000E+00	+0.000000E+00
	S	+6.377551E-05	-2.551020E-04	+3.188776E-04	+0.000000E+00	-3.188776E-04	+2.551020E-04	-6.377551E-05	+6.377551E-05	-2.551020E-04	+3.188776E-04	+0.000000E+00	-3.188776E-04	+2.551020E-04	-6.377551E-05	+6.377551E-05	-2.551020E-04	+3.188776E-04	+0.000000E+00	-3.188776E-04	+2.551020E-04	-6.377551E-05	+6.377551E-05	-2.551020E-04	+3.188776E-04	+0.000000E+00	-3.188776E-04	+2.551020E-04	-6.377551E-05	+6.377551E-05	-2.551020E-04	+3.188776E-04	+0.000000E+00	-3.188776E-04	+2.551020E-04	-6.377551E-05	+6.377551E-05	-2.551020E-04	+3.188776E-04	+0.000000E+00	-3.188776E-04	+2.551020E-04	-6.377551E-05	+6.377551E-05	-2.551020E-04	+3.188776E-04	+0.000000E+00	-3.188776E-04	+2.551020E-04	-6.377551E-05	+4.251701E-05	-1.700680E-04	+2.125850E-04	+0.000000E+00	-2.125850E-04	+1.700680E-04	-4.251701E-05	+4.251701E-05	-1.700680E-04	+2.125850E-04	+0.000000E+00	-2.125850E-04	+1.700680E-04	-4.251701E-05	+4.251701E-05	-1.700680E-04	+2.125850E-04	+0.000000E+00	-2.125850E-04	+1.700680E-04	-4.251701E-05	+4.251701E-05	-1.700680E-04	+2.125850E-04	+0.000000E+00	-2.125850E-04	+1.700680E-04	-4.251701E-05	+4.251701E-05	-1.700680E-04	+2.125850E-04	+0.000000E+00	-2.125850E-04	+1.700680E-04	-4.251701E-05	+4.251701E-05	-1.700680E-04	+2.125850E-04	+0.000000E+00	-2.125850E-04	+1.700680E-04	-4.251701E-05	+4.251701E-05	-1.700680E-04	+2.125850E-04	+0.000000E+00	-2.125850E-04	+1.700680E-04	-4.251701E-05	+2.125850E-05	-8.503401E-05	+1.062925E-04	+0.000000E+00	-1.062925E-04	+8.503401E-05	-2.125850E-05	+2.125850E-05	-8.503401E-05	+1.062925E-04	+0.000000E+00	-1.062925E-04	+8.503401E-05	-2.125850E-05	+2.125850E-05	-8.503401E-05	+1.062925E-04	+0.000000E+00	-1.062925E-04	+8.503401E-05	-2.125850E-05	+2.125850E-05	-8.503401E-05	+1.062925E-04	+0.000000E+00	-1.062925E-04	+8.503401E-05	-2.125850E-05	+2.125850E-05	-8.503401E-05	+1.062925E-04	+0.000000E+00	-1.062925E-04	+8.503401E-05	-2.125850E-05	+2.125850E-05	-8.503401E-05	+1.062925E-04	+0.000000E+00	-1.062925E-04	+8.503401E-05	-2.125850E-05	+2.125850E-05	-8.503401E-05	+1.062925E-04	+0.000000E+00	-1.062925E-04	+8.503401E-05	-2.125850E-05	+0.000000E+00	+0.000000E+00	+0.000000E+00	+0.000000E+00	+0.000000E+00	+0.000000E+00	+0.000000E+00	+0.000000E+00	+0.000000E+00	+0.000000E+00	+0.000000E+00	+0.000000E+00	+0.000000E+00	+0.000000E+00	+0.000000E+00	+0.000000E+00	+0.000000E+00	+0.000000E+00	+0.000000E+00	+0.000000E+00	+0.000000E+00	+0.000000E+00	+0.000000E+00	+0.000000E+00	+0.000000E+00
	S	+2.484760E-04	-1.490856E-03	+3.727140E-03	+6.510072E-03	+3.727140E-03	-1.490856E-03	+2.484760E-04	+1.656507E-04	-9.939041E-04	+2.484760E-03	+4.340048E-03	+2.484760E-03	-9.939041E-04	+1.656507E-04	+8.282534E-05	-4.969520E-04	+1.242380E-03	+2.170024E-03	+1.242380E-03	-4.969520E-04	+8.282534E-05	+0.000000E+00	+0.000000E+00	+0.000000E+00	+0.000000E+00	+0.000000E+00	+0.000000E+00	+0.000000E+00	-8.282534E-05	+4.969520E-04	-1.242380E-03	-2.170024E-03	-1.242380E-03	+4.969520E-04	-8.282534E-05	-1.656507E-04	+9.939041E-04	-2.484760E-03	-4.340048E-03	-2.484760E-03	+9.939041E-04	-1.656507E-04	-2.484760E-04	+1.490856E-03	-3.727140E-03	-6.510072E-03	-3.727140E-03	+1.490856E-03	-2.484760E-04	+1.656507E-04	-9.939041E-04	+2.484760E-03	+4.340048E-03	+2.484760E-03	-9.939041E-04	+1.656507E-04	+1.104338E-04	-6.626027E-04	+1.656507E-03	+2.893365E-03	+1.656507E-03	-6.626027E-04	+1.104338E-04	+5.521689E-05	-3.313014E-04	+8.282534E-04	+1.446683E-03	+8.282534E-04	-3.313014E-04	+5.521689E-05	+0.000000E+00	+0.000000E+00	+0.000000E+00	+0.000000E+00	+0.000000E+00	+0.000000E+00	+0.000000E+00	-5.521689E-05	+3.313014E-04	-8.282534E-04	-1.446683E-03	-8.282534E-04	+3.313014E-04	-5.521689E-05	-1.104338E-04	+6.626027E-04	-1.656507E-03	-2.893365E-03	-1.656507E-03	+6.626027E-04	-1.104338E-04	-1.656507E-04	+9.939041E-04	-2.484760E-03	-4.340048E-03	-2.484760E-03	+9.939041E-04	-1.656507E-04	+8.282534E-05	-4.969520E-04	+1.242380E-03	+2.170024E-03	+1.242380E-03	-4.969520E-04	+8.282534E-05	+5.521689E-05	-3.313014E-04	+8.282534E-04	+1.446683E-03	+8.282534E-04	-3.313014E-04	+5.521689E-05	+2.760845E-05	-1.656507E-04	+4.141267E-04	+7.233413E-04	+4.141267E-04	-1.656507E-04	+2.760845E-05	+0.000000E+00	+0.000000E+00	+0.000000E+00	+0.000000E+00	+0.000000E+00	+0.000000E+00	+0.000000E+00	-2.760845E-05	+1.656507E-04	-4.141267E-04	-7.233413E-04	-4.141267E-04	+1.656507E-04	-2.760845E-05	-5.521689E-05	+3.313014E-04	-8.282534E-04	-1.446683E-03	-8.282534E-04	+3.313014E-04	-5.521689E-05	-8.282534E-05	+4.969520E-04	-1.242380E-03	-2.170024E-03	-1.242380E-03	+4.969520E-04	-8.282534E-05	+0.000000E+00	+0.000000E+00	+0.000000E+00	+0.000000E+00	+0.000000E+00	+0.000000E+00	+0.000000E+00	+0.000000E+00	+0.000000E+00	+0.000000E+00	+0.000000E+00	+0.000000E+00	+0.000000E+00	+0.000000E+00	+0.000000E+00	+0.000000E+00	+0.000000E+00	+0.000000E+00	+0.000000E+00	+0.000000E+00	+0.000000E+00	+0.000000E+00	+0.000000E+00	+0.000000E+00	+0.000000E+00
	A	-1.913265E-04	+1.721939E-03	-8.609694E-03	+0.000000E+00	+8.609694E-03	-1.721939E-03	+1.913265E-04	-1.275510E-04	+1.147959E-03	-5.739796E-03	+0.000000E+00	+5.739796E-03	-1.147959E-03	+1.275510E-04	-6.377551E-05	+5.739796E-04	-2.869898E-03	+0.000000E+00	+2.869898E-03	-5.739796E-04	+6.377551E-05	+0.000000E+00	+0.000000E+00	+0.000000E+00	+0.000000E+00	+0.000000E+00	+0.000000E+00	+0.000000E+00	+6.377551E-05	-5.739796E-04	+2.869898E-03	+0.000000E+00	-2.869898E-03	+5.739796E-04	-6.377551E-05	+1.275510E-04	-1.147959E-03	+5.739796E-03	+0.000000E+00	-5.739796E-03	+1.147959E-03	-1.275510E-04	+1.913265E-04	-1.721939E-03	+8.609694E-03	+0.000000E+00	-8.609694E-03	+1.721939E-03	-1.913265E-04	-1.275510E-04	+1.147959E-03	-5.739796E-03	+0.000000E+00	+5.739796E-03	-1.147959E-03	+1.275510E-04	-8.503401E-05	+7.653061E-04	-3.826531E-03	+0.000000E+00	+3.826531E-03	-7.653061E-04	+8.503401E-05	-4.251701E-05	+3.826531E-04	-1.913265E-03	+0.000000E+00	+1.913265E-03	-3.826531E-04	+4.251701E-05	+0.000000E+00	+0.000000E+00	+0.000000E+00	+0.000000E+00	+0.000000E+00	+0.000000E+00	+0.000000E+00	+4.251701E-05	-3.826531E-04	+1.913265E-03	+0.000000E+00	-1.913265E-03	+3.826531E-04	-4.251701E-05	+8.503401E-05	-7.653061E-04	+3.826531E-03	+0.000000E+00	-3.826531E-03	+7.653061E-04	-8.503401E-05	+1.275510E-04	-1.147959E-03	+5.739796E-03	+0.000000E+00	-5.739796E-03	+1.147959E-03	-1.275510E-04	-6.377551E-05	+5.739796E-04	-2.869898E-03	+0.000000E+00	+2.869898E-03	-5.739796E-04	+6.377551E-05	-4.251701E-05	+3.826531E-04	-1.913265E-03	+0.000000E+00	+1.913265E-03	-3.826531E-04	+4.251701E-05	-2.125850E-05	+1.913265E-04	-9.566327E-04	+0.000000E+00	+9.566327E-04	-1.913265E-04	+2.125850E-05	+0.000000E+00	+0.000000E+00	+0.000000E+00	+0.000000E+00	+0.000000E+00	+0.000000E+00	+0.000000E+00	+2.125850E-05	-1.913265E-04	+9.566327E-04	+0.000000E+00	-9.566327E-04	+1.913265E-04	-2.125850E-05	+4.251701E-05	-3.826531E-04	+1.913265E-03	+0.000000E+00	-1.913265E-03	+3.826531E-04	-4.251701E-05	+6.377551E-05	-5.739796E-04	+2.869898E-03	+0.000000E+00	-2.869898E-03	+5.739796E-04	-6.377551E-05	+0.000000E+00	+0.000000E+00	+0.000000E+00	+0.000000E+00	+0.000000E+00	+0.000000E+00	+0.000000E+00	+0.000000E+00	+0.000000E+00	+0.000000E+00	+0.000000E+00	+0.000000E+00	+0.000000E+00	+0.000000E+00	+0.000000E+00	+0.000000E+00	+0.000000E+00	+0.000000E+00	+0.000000E+00	+0.000000E+00	+0.000000E+00	+0.000000E+00	+0.000000E+00	+0.000000E+00	+0.000000E+00
	S	-5.652829E-04	+2.913381E-03	-8.261827E-04	-3.043831E-03	-8.261827E-04	+2.913381E-03	-5.652829E-04	-3.768553E-04	+1.942254E-03	-5.507885E-04	-2.029221E-03	-5.507885E-04	+1.942254E-03	-3.768553E-04	-1.884276E-04	+9.711271E-04	-2.753942E-04	-1.014610E-03	-2.753942E-04	+9.711271E-04	-1.884276E-04	+0.000000E+00	+0.000000E+00	+0.000000E+00	+0.000000E+00	+0.000000E+00	+0.000000E+00	+0.000000E+00	+1.884276E-04	-9.711271E-04	+2.753942E-04	+1.014610E-03	+2.753942E-04	-9.711271E-04	+1.884276E-04	+3.768553E-04	-1.942254E-03	+5.507885E-04	+2.029221E-03	+5.507885E-04	-1.942254E-03	+3.768553E-04	+5.652829E-04	-2.913381E-03	+8.261827E-04	+3.043831E-03	+8.261827E-04	-2.913381E-03	+5.652829E-04	-3.768553E-04	+1.942254E-03	-5.507885E-04	-2.029221E-03	-5.507885E-04	+1.942254E-03	-3.768553E-04	-2.512369E-04	+1.294836E-03	-3.671923E-04	-1.352814E-03	-3.671923E-04	+1.294836E-03	-2.512369E-04	-1.256184E-04	+6.474181E-04	-1.835962E-04	-6.764069E-04	-1.835962E-04	+6.474181E-04	-1.256184E-04	+0.000000E+00	+0.000000E+00	+0.000000E+00	+0.000000E+00	+0.000000E+00	+0.000000E+00	+0.000000E+00	+1.256184E-04	-6.474181E-04	+1.835962E-04	+6.764069E-04	+1.835962E-04	-6.474181E-04	+1.256184E-04	+2.512369E-04	-1.294836E-03	+3.671923E-04	+1.352814E-03	+3.671923E-04	-1.294836E-03	+2.512369E-04	+3.768553E-04	-1.942254E-03	+5.507885E-04	+2.029221E-03	+5.507885E-04	-1.942254E-03	+3.768553E-04	-1.884276E-04	+9.711271E-04	-2.753942E-04	-1.014610E-03	-2.753942E-04	+9.711271E-04	-1.884276E-04	-1.256184E-04	+6.474181E-04	-1.835962E-04	-6.764069E-04	-1.835962E-04	+6.474181E-04	-1.256184E-04	-6.280921E-05	+3.237090E-04	-9.179808E-05	-3.382035E-04	-9.179808E-05	+3.237090E-04	-6.280921E-05	+0.000000E+00	+0.000000E+00	+0.000000E+00	+0.000000E+00	+0.000000E+00	+0.000000E+00	+0.000000E+00	+6.280921E-05	-3.237090E-04	+9.179808E-05	+3.382035E-04	+9.179808E-05	-3.237090E-04	+6.280921E-05	+1.256184E-04	-6.474181E-04	+1.835962E-04	+6.764069E-04	+1.835962E-04	-6.474181E-04	+1.256184E-04	+1.884276E-04	-9.711271E-04	+2.753942E-04	+1.014610E-03	+2.753942E-04	-9.711271E-04	+1.884276E-04	+0.000000E+00	+0.000000E+00	+0.000000E+00	+0.000000E+00	+0.000000E+00	+0.000000E+00	+0.000000E+00	+0.000000E+00	+0.000000E+00	+0.000000E+00	+0.000000E+00	+0.000000E+00	+0.000000E+00	+0.000000E+00	+0.000000E+00	+0.000000E+00	+0.000000E+00	+0.000000E+00	+0.000000E+00	+0.000000E+00	+0.000000E+00	+0.000000E+00	+0.000000E+00	+0.000000E+00	+0.000000E+00
	A	+2.391582E-04	-1.913265E-03	+3.109056E-03	+0.000000E+00	-3.109056E-03	+1.913265E-03	-2.391582E-04	+1.594388E-04	-1.275510E-03	+2.072704E-03	+0.000000E+00	-2.072704E-03	+1.275510E-03	-1.594388E-04	+7.971939E-05	-6.377551E-04	+1.036352E-03	+0.000000E+00	-1.036352E-03	+6.377551E-04	-7.971939E-05	+0.000000E+00	+0.000000E+00	+0.000000E+00	+0.000000E+00	+0.000000E+00	+0.000000E+00	+0.000000E+00	-7.971939E-05	+6.377551E-04	-1.036352E-03	+0.000000E+00	+1.036352E-03	-6.377551E-04	+7.971939E-05	-1.594388E-04	+1.275510E-03	-2.072704E-03	+0.000000E+00	+2.072704E-03	-1.275510E-03	+1.594388E-04	-2.391582E-04	+1.913265E-03	-3.109056E-03	+0.000000E+00	+3.109056E-03	-1.913265E-03	+2.391582E-04	+1.594388E-04	-1.275510E-03	+2.072704E-03	+0.000000E+00	-2.072704E-03	+1.275510E-03	-1.594388E-04	+1.062925E-04	-8.503401E-04	+1.381803E-03	+0.000000E+00	-1.381803E-03	+8.503401E-04	-1.062925E-04	+5.314626E-05	-4.251701E-04	+6.909014E-04	+0.000000E+00	-6.909014E-04	+4.251701E-04	-5.314626E-05	+0.000000E+00	+0.000000E+00	+0.000000E+00	+0.000000E+00	+0.000000E+00	+0.000000E+00	+0.000000E+00	-5.314626E-05	+4.251701E-04	-6.909014E-04	+0.000000E+00	+6.909014E-04	-4.251701E-04	+5.314626E-05	-1.062925E-04	+8.503401E-04	-1.381803E-03	+0.000000E+00	+1.381803E-03	-8.503401E-04	+1.062925E-04	-1.594388E-04	+1.275510E-03	-2.072704E-03	+0.000000E+00	+2.072704E-03	-1.275510E-03	+1.594388E-04	+7.971939E-05	-6.377551E-04	+1.036352E-03	+0.000000E+00	-1.036352E-03	+6.377551E-04	-7.971939E-05	+5.314626E-05	-4.251701E-04	+6.909014E-04	+0.000000E+00	-6.909014E-04	+4.251701E-04	-5.314626E-05	+2.657313E-05	-2.125850E-04	+3.454507E-04	+0.000000E+00	-3.454507E-04	+2.125850E-04	-2.657313E-05	+0.000000E+00	+0.000000E+00	+0.000000E+00	+0.000000E+00	+0.000000E+00	+0.000000E+00	+0.000000E+00	-2.657313E-05	+2.125850E-04	-3.454507E-04	+0.000000E+00	+3.454507E-04	-2.125850E-04	+2.657313E-05	-5.314626E-05	+4.251701E-04	-6.909014E-04	+0.000000E+00	+6.909014E-04	-4.251701E-04	+5.314626E-05	-7.971939E-05	+6.377551E-04	-1.036352E-03	+0.000000E+00	+1.036352E-03	-6.377551E-04	+7.971939E-05	+0.000000E+00	+0.000000E+00	+0.000000E+00	+0.000000E+00	+0.000000E+00	+0.000000E+00	+0.000000E+00	+0.000000E+00	+0.000000E+00	+0.000000E+00	+0.000000E+00	+0.000000E+00	+0.000000E+00	+0.000000E+00	+0.000000E+00	+0.000000E+00	+0.000000E+00	+0.000000E+00	+0.000000E+00	+0.000000E+00	+0.000000E+00	+0.000000E+00	+0.000000E+00	+0.000000E+00	+0.000000E+00
	S	+1.304499E-04	-3.043831E-04	+4.348330E-05	+2.608998E-04	+4.348330E-05	-3.043831E-04	+1.304499E-04	+8.696660E-05	-2.029221E-04	+2.898887E-05	+1.739332E-04	+2.898887E-05	-2.029221E-04	+8.696660E-05	+4.348330E-05	-1.014610E-04	+1.449443E-05	+8.696660E-05	+1.449443E-05	-1.014610E-04	+4.348330E-05	+0.000000E+00	+0.000000E+00	+0.000000E+00	+0.000000E+00	+0.000000E+00	+0.000000E+00	+0.000000E+00	-4.348330E-05	+1.014610E-04	-1.449443E-05	-8.696660E-05	-1.449443E-05	+1.014610E-04	-4.348330E-05	-8.696660E-05	+2.029221E-04	-2.898887E-05	-1.739332E-04	-2.898887E-05	+2.029221E-04	-8.696660E-05	-1.304499E-04	+3.043831E-04	-4.348330E-05	-2.608998E-04	-4.348330E-05	+3.043831E-04	-1.304499E-04	+8.696660E-05	-2.029221E-04	+2.898887E-05	+1.739332E-04	+2.898887E-05	-2.029221E-04	+8.696660E-05	+5.797774E-05	-1.352814E-04	+1.932591E-05	+1.159555E-04	+1.932591E-05	-1.352814E-04	+5.797774E-05	+2.898887E-05	-6.764069E-05	+9.662956E-06	+5.797774E-05	+9.662956E-06	-6.764069E-05	+2.898887E-05	+0.000000E+00	+0.000000E+00	+0.000000E+00	+0.000000E+00	+0.000000E+00	+0.000000E+00	+0.000000E+00	-2.898887E-05	+6.764069E-05	-9.662956E-06	-5.797774E-05	-9.662956E-06	+6.764069E-05	-2.898887E-05	-5.797774E-05	+1.352814E-04	-1.932591E-05	-1.159555E-04	-1.932591E-05	+1.352814E-04	-5.797774E-05	-8.696660E-05	+2.029221E-04	-2.898887E-05	-1.739332E-04	-2.898887E-05	+2.029221E-04	-8.696660E-05	+4.348330E-05	-1.014610E-04	+1.449443E-05	+8.696660E-05	+1.449443E-05	-1.014610E-04	+4.348330E-05	+2.898887E-05	-6.764069E-05	+9.662956E-06	+5.797774E-05	+9.662956E-06	-6.764069E-05	+2.898887E-05	+1.449443E-05	-3.382035E-05	+4.831478E-06	+2.898887E-05	+4.831478E-06	-3.382035E-05	+1.449443E-05	+0.000000E+00	+0.000000E+00	+0.000000E+00	+0.000000E+00	+0.000000E+00	+0.000000E+00	+0.000000E+00	-1.449443E-05	+3.382035E-05	-4.831478E-06	-2.898887E-05	-4.831478E-06	+3.382035E-05	-1.449443E-05	-2.898887E-05	+6.764069E-05	-9.662956E-06	-5.797774E-05	-9.662956E-06	+6.764069E-05	-2.898887E-05	-4.348330E-05	+1.014610E-04	-1.449443E-05	-8.696660E-05	-1.449443E-05	+1.014610E-04	-4.348330E-05	+0.000000E+00	+0.000000E+00	+0.000000E+00	+0.000000E+00	+0.000000E+00	+0.000000E+00	+0.000000E+00	+0.000000E+00	+0.000000E+00	+0.000000E+00	+0.000000E+00	+0.000000E+00	+0.000000E+00	+0.000000E+00	+0.000000E+00	+0.000000E+00	+0.000000E+00	+0.000000E+00	+0.000000E+00	+0.000000E+00	+0.000000E+00	+0.000000E+00	+0.000000E+00	+0.000000E+00	+0.000000E+00
	A	-4.783163E-05	+1.913265E-04	-2.391582E-04	+0.000000E+00	+2.391582E-04	-1.913265E-04	+4.783163E-05	-3.188776E-05	+1.275510E-04	-1.594388E-04	+0.000000E+00	+1.594388E-04	-1.275510E-04	+3.188776E-05	-1.594388E-05	+6.377551E-05	-7.971939E-05	+0.000000E+00	+7.971939E-05	-6.377551E-05	+1.594388E-05	+0.000000E+00	+0.000000E+00	+0.000000E+00	+0.000000E+00	+0.000000E+00	+0.000000E+00	+0.000000E+00	+1.594388E-05	-6.377551E-05	+7.971939E-05	+0.000000E+00	-7.971939E-05	+6.377551E-05	-1.594388E-05	+3.188776E-05	-1.275510E-04	+1.594388E-04	+0.000000E+00	-1.594388E-04	+1.275510E-04	-3.188776E-05	+4.783163E-05	-1.913265E-04	+2.391582E-04	+0.000000E+00	-2.391582E-04	+1.913265E-04	-4.783163E-05	-3.188776E-05	+1.275510E-04	-1.594388E-04	+0.000000E+00	+1.594388E-04	-1.275510E-04	+3.188776E-05	-2.125850E-05	+8.503401E-05	-1.062925E-04	+0.000000E+00	+1.062925E-04	-8.503401E-05	+2.125850E-05	-1.062925E-05	+4.251701E-05	-5.314626E-05	+0.000000E+00	+5.314626E-05	-4.251701E-05	+1.062925E-05	+0.000000E+00	+0.000000E+00	+0.000000E+00	+0.000000E+00	+0.000000E+00	+0.000000E+00	+0.000000E+00	+1.062925E-05	-4.251701E-05	+5.314626E-05	+0.000000E+00	-5.314626E-05	+4.251701E-05	-1.062925E-05	+2.125850E-05	-8.503401E-05	+1.062925E-04	+0.000000E+00	-1.062925E-04	+8.503401E-05	-2.125850E-05	+3.188776E-05	-1.275510E-04	+1.594388E-04	+0.000000E+00	-1.594388E-04	+1.275510E-04	-3.188776E-05	-1.594388E-05	+6.377551E-05	-7.971939E-05	+0.000000E+00	+7.971939E-05	-6.377551E-05	+1.594388E-05	-1.062925E-05	+4.251701E-05	-5.314626E-05	+0.000000E+00	+5.314626E-05	-4.251701E-05	+1.062925E-05	-5.314626E-06	+2.125850E-05	-2.657313E-05	+0.000000E+00	+2.657313E-05	-2.125850E-05	+5.314626E-06	+0.000000E+00	+0.000000E+00	+0.000000E+00	+0.000000E+00	+0.000000E+00	+0.000000E+00	+0.000000E+00	+5.314626E-06	-2.125850E-05	+2.657313E-05	+0.000000E+00	-2.657313E-05	+2.125850E-05	-5.314626E-06	+1.062925E-05	-4.251701E-05	+5.314626E-05	+0.000000E+00	-5.314626E-05	+4.251701E-05	-1.062925E-05	+1.594388E-05	-6.377551E-05	+7.971939E-05	+0.000000E+00	-7.971939E-05	+6.377551E-05	-1.594388E-05	+0.000000E+00	+0.000000E+00	+0.000000E+00	+0.000000E+00	+0.000000E+00	+0.000000E+00	+0.000000E+00	+0.000000E+00	+0.000000E+00	+0.000000E+00	+0.000000E+00	+0.000000E+00	+0.000000E+00	+0.000000E+00	+0.000000E+00	+0.000000E+00	+0.000000E+00	+0.000000E+00	+0.000000E+00	+0.000000E+00	+0.000000E+00	+0.000000E+00	+0.000000E+00	+0.000000E+00	+0.000000E+00
# Matrix ends.
#
#
# ---------------------------------- LICENSE NOTICE -----------------------------------
# THIS DATA IS RELEASED UNDER THE CREATIVE COMMONS LICENSE "CC BY-NC-SA 4.0".
#   This license lets you remix, tweak, and build upon this work non-commercially,
#   as long as you credit me and license your new creations under the terms identical
#   to the current license.
# SEE "https://creativecommons.org/licenses/by-nc-sa/4.0" FOR DETAILS.
#
# RELEASED BY: Chandra Shekhar
#      E-mail: chandraiitk[AT]yahoo[DOT]co[DOT]in
#    Homepage: https://sites.google.com/site/chandraacads
# FOR ANY QUESTION OR COMMENT, OR FOR A COMMERCIAL LICENSE, PLEASE EMAIL ME.
#
# For additional details, please visit my homepage.
#
# ==================================== End of File ====================================
