# ================================== Start of File ====================================
# Spatial dimensions = 3
# Kernel size = 7x7x7
# Polynomial order = 1x3x3
# Size of the convolution coefficient matrix = 32x343
#
# Column# 1:
#    S/A => The left and the right halves of the row are symmetric(S)/anti-symmetric(A) about the middle column.
#           If symmetric elements on the right half, their signs are same as the corresponding elements on the left side.
#           If anti-symmetric elements, the signs are opposite.
# Column# 2~172 = the left-half columns of the row.
# Column# 173 = the middle column of the row.
# Column# 174~344, which are the right-half columns, are not stored, because they are symmetric/anti-symmetric
#           of the elements in the column# 172~2, respectively.
# Matrix starts:
	S	+1.295756E-03	-1.943635E-03	-3.887269E-03	-4.535147E-03	-3.887269E-03	-1.943635E-03	+1.295756E-03	-1.943635E-03	+2.915452E-03	+5.830904E-03	+6.802721E-03	+5.830904E-03	+2.915452E-03	-1.943635E-03	-3.887269E-03	+5.830904E-03	+1.166181E-02	+1.360544E-02	+1.166181E-02	+5.830904E-03	-3.887269E-03	-4.535147E-03	+6.802721E-03	+1.360544E-02	+1.587302E-02	+1.360544E-02	+6.802721E-03	-4.535147E-03	-3.887269E-03	+5.830904E-03	+1.166181E-02	+1.360544E-02	+1.166181E-02	+5.830904E-03	-3.887269E-03	-1.943635E-03	+2.915452E-03	+5.830904E-03	+6.802721E-03	+5.830904E-03	+2.915452E-03	-1.943635E-03	+1.295756E-03	-1.943635E-03	-3.887269E-03	-4.535147E-03	-3.887269E-03	-1.943635E-03	+1.295756E-03	+1.295756E-03	-1.943635E-03	-3.887269E-03	-4.535147E-03	-3.887269E-03	-1.943635E-03	+1.295756E-03	-1.943635E-03	+2.915452E-03	+5.830904E-03	+6.802721E-03	+5.830904E-03	+2.915452E-03	-1.943635E-03	-3.887269E-03	+5.830904E-03	+1.166181E-02	+1.360544E-02	+1.166181E-02	+5.830904E-03	-3.887269E-03	-4.535147E-03	+6.802721E-03	+1.360544E-02	+1.587302E-02	+1.360544E-02	+6.802721E-03	-4.535147E-03	-3.887269E-03	+5.830904E-03	+1.166181E-02	+1.360544E-02	+1.166181E-02	+5.830904E-03	-3.887269E-03	-1.943635E-03	+2.915452E-03	+5.830904E-03	+6.802721E-03	+5.830904E-03	+2.915452E-03	-1.943635E-03	+1.295756E-03	-1.943635E-03	-3.887269E-03	-4.535147E-03	-3.887269E-03	-1.943635E-03	+1.295756E-03	+1.295756E-03	-1.943635E-03	-3.887269E-03	-4.535147E-03	-3.887269E-03	-1.943635E-03	+1.295756E-03	-1.943635E-03	+2.915452E-03	+5.830904E-03	+6.802721E-03	+5.830904E-03	+2.915452E-03	-1.943635E-03	-3.887269E-03	+5.830904E-03	+1.166181E-02	+1.360544E-02	+1.166181E-02	+5.830904E-03	-3.887269E-03	-4.535147E-03	+6.802721E-03	+1.360544E-02	+1.587302E-02	+1.360544E-02	+6.802721E-03	-4.535147E-03	-3.887269E-03	+5.830904E-03	+1.166181E-02	+1.360544E-02	+1.166181E-02	+5.830904E-03	-3.887269E-03	-1.943635E-03	+2.915452E-03	+5.830904E-03	+6.802721E-03	+5.830904E-03	+2.915452E-03	-1.943635E-03	+1.295756E-03	-1.943635E-03	-3.887269E-03	-4.535147E-03	-3.887269E-03	-1.943635E-03	+1.295756E-03	+1.295756E-03	-1.943635E-03	-3.887269E-03	-4.535147E-03	-3.887269E-03	-1.943635E-03	+1.295756E-03	-1.943635E-03	+2.915452E-03	+5.830904E-03	+6.802721E-03	+5.830904E-03	+2.915452E-03	-1.943635E-03	-3.887269E-03	+5.830904E-03	+1.166181E-02	+1.360544E-02	+1.166181E-02	+5.830904E-03	-3.887269E-03	-4.535147E-03	+6.802721E-03	+1.360544E-02	+1.587302E-02
	A	-1.187777E-03	+3.617320E-03	+3.131411E-03	+0.000000E+00	-3.131411E-03	-3.617320E-03	+1.187777E-03	+1.781665E-03	-5.425980E-03	-4.697117E-03	+0.000000E+00	+4.697117E-03	+5.425980E-03	-1.781665E-03	+3.563330E-03	-1.085196E-02	-9.394234E-03	+0.000000E+00	+9.394234E-03	+1.085196E-02	-3.563330E-03	+4.157218E-03	-1.266062E-02	-1.095994E-02	+0.000000E+00	+1.095994E-02	+1.266062E-02	-4.157218E-03	+3.563330E-03	-1.085196E-02	-9.394234E-03	+0.000000E+00	+9.394234E-03	+1.085196E-02	-3.563330E-03	+1.781665E-03	-5.425980E-03	-4.697117E-03	+0.000000E+00	+4.697117E-03	+5.425980E-03	-1.781665E-03	-1.187777E-03	+3.617320E-03	+3.131411E-03	+0.000000E+00	-3.131411E-03	-3.617320E-03	+1.187777E-03	-1.187777E-03	+3.617320E-03	+3.131411E-03	+0.000000E+00	-3.131411E-03	-3.617320E-03	+1.187777E-03	+1.781665E-03	-5.425980E-03	-4.697117E-03	+0.000000E+00	+4.697117E-03	+5.425980E-03	-1.781665E-03	+3.563330E-03	-1.085196E-02	-9.394234E-03	+0.000000E+00	+9.394234E-03	+1.085196E-02	-3.563330E-03	+4.157218E-03	-1.266062E-02	-1.095994E-02	+0.000000E+00	+1.095994E-02	+1.266062E-02	-4.157218E-03	+3.563330E-03	-1.085196E-02	-9.394234E-03	+0.000000E+00	+9.394234E-03	+1.085196E-02	-3.563330E-03	+1.781665E-03	-5.425980E-03	-4.697117E-03	+0.000000E+00	+4.697117E-03	+5.425980E-03	-1.781665E-03	-1.187777E-03	+3.617320E-03	+3.131411E-03	+0.000000E+00	-3.131411E-03	-3.617320E-03	+1.187777E-03	-1.187777E-03	+3.617320E-03	+3.131411E-03	+0.000000E+00	-3.131411E-03	-3.617320E-03	+1.187777E-03	+1.781665E-03	-5.425980E-03	-4.697117E-03	+0.000000E+00	+4.697117E-03	+5.425980E-03	-1.781665E-03	+3.563330E-03	-1.085196E-02	-9.394234E-03	+0.000000E+00	+9.394234E-03	+1.085196E-02	-3.563330E-03	+4.157218E-03	-1.266062E-02	-1.095994E-02	+0.000000E+00	+1.095994E-02	+1.266062E-02	-4.157218E-03	+3.563330E-03	-1.085196E-02	-9.394234E-03	+0.000000E+00	+9.394234E-03	+1.085196E-02	-3.563330E-03	+1.781665E-03	-5.425980E-03	-4.697117E-03	+0.000000E+00	+4.697117E-03	+5.425980E-03	-1.781665E-03	-1.187777E-03	+3.617320E-03	+3.131411E-03	+0.000000E+00	-3.131411E-03	-3.617320E-03	+1.187777E-03	-1.187777E-03	+3.617320E-03	+3.131411E-03	+0.000000E+00	-3.131411E-03	-3.617320E-03	+1.187777E-03	+1.781665E-03	-5.425980E-03	-4.697117E-03	+0.000000E+00	+4.697117E-03	+5.425980E-03	-1.781665E-03	+3.563330E-03	-1.085196E-02	-9.394234E-03	+0.000000E+00	+9.394234E-03	+1.085196E-02	-3.563330E-03	+4.157218E-03	-1.266062E-02	-1.095994E-02	+0.000000E+00
	S	-8.098477E-04	+0.000000E+00	+4.859086E-04	+6.478782E-04	+4.859086E-04	+0.000000E+00	-8.098477E-04	+1.214772E-03	+0.000000E+00	-7.288630E-04	-9.718173E-04	-7.288630E-04	+0.000000E+00	+1.214772E-03	+2.429543E-03	+0.000000E+00	-1.457726E-03	-1.943635E-03	-1.457726E-03	+0.000000E+00	+2.429543E-03	+2.834467E-03	+0.000000E+00	-1.700680E-03	-2.267574E-03	-1.700680E-03	+0.000000E+00	+2.834467E-03	+2.429543E-03	+0.000000E+00	-1.457726E-03	-1.943635E-03	-1.457726E-03	+0.000000E+00	+2.429543E-03	+1.214772E-03	+0.000000E+00	-7.288630E-04	-9.718173E-04	-7.288630E-04	+0.000000E+00	+1.214772E-03	-8.098477E-04	+0.000000E+00	+4.859086E-04	+6.478782E-04	+4.859086E-04	+0.000000E+00	-8.098477E-04	-8.098477E-04	+0.000000E+00	+4.859086E-04	+6.478782E-04	+4.859086E-04	+0.000000E+00	-8.098477E-04	+1.214772E-03	+0.000000E+00	-7.288630E-04	-9.718173E-04	-7.288630E-04	+0.000000E+00	+1.214772E-03	+2.429543E-03	+0.000000E+00	-1.457726E-03	-1.943635E-03	-1.457726E-03	+0.000000E+00	+2.429543E-03	+2.834467E-03	+0.000000E+00	-1.700680E-03	-2.267574E-03	-1.700680E-03	+0.000000E+00	+2.834467E-03	+2.429543E-03	+0.000000E+00	-1.457726E-03	-1.943635E-03	-1.457726E-03	+0.000000E+00	+2.429543E-03	+1.214772E-03	+0.000000E+00	-7.288630E-04	-9.718173E-04	-7.288630E-04	+0.000000E+00	+1.214772E-03	-8.098477E-04	+0.000000E+00	+4.859086E-04	+6.478782E-04	+4.859086E-04	+0.000000E+00	-8.098477E-04	-8.098477E-04	+0.000000E+00	+4.859086E-04	+6.478782E-04	+4.859086E-04	+0.000000E+00	-8.098477E-04	+1.214772E-03	+0.000000E+00	-7.288630E-04	-9.718173E-04	-7.288630E-04	+0.000000E+00	+1.214772E-03	+2.429543E-03	+0.000000E+00	-1.457726E-03	-1.943635E-03	-1.457726E-03	+0.000000E+00	+2.429543E-03	+2.834467E-03	+0.000000E+00	-1.700680E-03	-2.267574E-03	-1.700680E-03	+0.000000E+00	+2.834467E-03	+2.429543E-03	+0.000000E+00	-1.457726E-03	-1.943635E-03	-1.457726E-03	+0.000000E+00	+2.429543E-03	+1.214772E-03	+0.000000E+00	-7.288630E-04	-9.718173E-04	-7.288630E-04	+0.000000E+00	+1.214772E-03	-8.098477E-04	+0.000000E+00	+4.859086E-04	+6.478782E-04	+4.859086E-04	+0.000000E+00	-8.098477E-04	-8.098477E-04	+0.000000E+00	+4.859086E-04	+6.478782E-04	+4.859086E-04	+0.000000E+00	-8.098477E-04	+1.214772E-03	+0.000000E+00	-7.288630E-04	-9.718173E-04	-7.288630E-04	+0.000000E+00	+1.214772E-03	+2.429543E-03	+0.000000E+00	-1.457726E-03	-1.943635E-03	-1.457726E-03	+0.000000E+00	+2.429543E-03	+2.834467E-03	+0.000000E+00	-1.700680E-03	-2.267574E-03
	A	+3.779289E-04	-3.779289E-04	-3.779289E-04	+0.000000E+00	+3.779289E-04	+3.779289E-04	-3.779289E-04	-5.668934E-04	+5.668934E-04	+5.668934E-04	+0.000000E+00	-5.668934E-04	-5.668934E-04	+5.668934E-04	-1.133787E-03	+1.133787E-03	+1.133787E-03	+0.000000E+00	-1.133787E-03	-1.133787E-03	+1.133787E-03	-1.322751E-03	+1.322751E-03	+1.322751E-03	+0.000000E+00	-1.322751E-03	-1.322751E-03	+1.322751E-03	-1.133787E-03	+1.133787E-03	+1.133787E-03	+0.000000E+00	-1.133787E-03	-1.133787E-03	+1.133787E-03	-5.668934E-04	+5.668934E-04	+5.668934E-04	+0.000000E+00	-5.668934E-04	-5.668934E-04	+5.668934E-04	+3.779289E-04	-3.779289E-04	-3.779289E-04	+0.000000E+00	+3.779289E-04	+3.779289E-04	-3.779289E-04	+3.779289E-04	-3.779289E-04	-3.779289E-04	+0.000000E+00	+3.779289E-04	+3.779289E-04	-3.779289E-04	-5.668934E-04	+5.668934E-04	+5.668934E-04	+0.000000E+00	-5.668934E-04	-5.668934E-04	+5.668934E-04	-1.133787E-03	+1.133787E-03	+1.133787E-03	+0.000000E+00	-1.133787E-03	-1.133787E-03	+1.133787E-03	-1.322751E-03	+1.322751E-03	+1.322751E-03	+0.000000E+00	-1.322751E-03	-1.322751E-03	+1.322751E-03	-1.133787E-03	+1.133787E-03	+1.133787E-03	+0.000000E+00	-1.133787E-03	-1.133787E-03	+1.133787E-03	-5.668934E-04	+5.668934E-04	+5.668934E-04	+0.000000E+00	-5.668934E-04	-5.668934E-04	+5.668934E-04	+3.779289E-04	-3.779289E-04	-3.779289E-04	+0.000000E+00	+3.779289E-04	+3.779289E-04	-3.779289E-04	+3.779289E-04	-3.779289E-04	-3.779289E-04	+0.000000E+00	+3.779289E-04	+3.779289E-04	-3.779289E-04	-5.668934E-04	+5.668934E-04	+5.668934E-04	+0.000000E+00	-5.668934E-04	-5.668934E-04	+5.668934E-04	-1.133787E-03	+1.133787E-03	+1.133787E-03	+0.000000E+00	-1.133787E-03	-1.133787E-03	+1.133787E-03	-1.322751E-03	+1.322751E-03	+1.322751E-03	+0.000000E+00	-1.322751E-03	-1.322751E-03	+1.322751E-03	-1.133787E-03	+1.133787E-03	+1.133787E-03	+0.000000E+00	-1.133787E-03	-1.133787E-03	+1.133787E-03	-5.668934E-04	+5.668934E-04	+5.668934E-04	+0.000000E+00	-5.668934E-04	-5.668934E-04	+5.668934E-04	+3.779289E-04	-3.779289E-04	-3.779289E-04	+0.000000E+00	+3.779289E-04	+3.779289E-04	-3.779289E-04	+3.779289E-04	-3.779289E-04	-3.779289E-04	+0.000000E+00	+3.779289E-04	+3.779289E-04	-3.779289E-04	-5.668934E-04	+5.668934E-04	+5.668934E-04	+0.000000E+00	-5.668934E-04	-5.668934E-04	+5.668934E-04	-1.133787E-03	+1.133787E-03	+1.133787E-03	+0.000000E+00	-1.133787E-03	-1.133787E-03	+1.133787E-03	-1.322751E-03	+1.322751E-03	+1.322751E-03	+0.000000E+00
	A	-1.187777E-03	+1.781665E-03	+3.563330E-03	+4.157218E-03	+3.563330E-03	+1.781665E-03	-1.187777E-03	+3.617320E-03	-5.425980E-03	-1.085196E-02	-1.266062E-02	-1.085196E-02	-5.425980E-03	+3.617320E-03	+3.131411E-03	-4.697117E-03	-9.394234E-03	-1.095994E-02	-9.394234E-03	-4.697117E-03	+3.131411E-03	+0.000000E+00	+0.000000E+00	+0.000000E+00	+0.000000E+00	+0.000000E+00	+0.000000E+00	+0.000000E+00	-3.131411E-03	+4.697117E-03	+9.394234E-03	+1.095994E-02	+9.394234E-03	+4.697117E-03	-3.131411E-03	-3.617320E-03	+5.425980E-03	+1.085196E-02	+1.266062E-02	+1.085196E-02	+5.425980E-03	-3.617320E-03	+1.187777E-03	-1.781665E-03	-3.563330E-03	-4.157218E-03	-3.563330E-03	-1.781665E-03	+1.187777E-03	-1.187777E-03	+1.781665E-03	+3.563330E-03	+4.157218E-03	+3.563330E-03	+1.781665E-03	-1.187777E-03	+3.617320E-03	-5.425980E-03	-1.085196E-02	-1.266062E-02	-1.085196E-02	-5.425980E-03	+3.617320E-03	+3.131411E-03	-4.697117E-03	-9.394234E-03	-1.095994E-02	-9.394234E-03	-4.697117E-03	+3.131411E-03	+0.000000E+00	+0.000000E+00	+0.000000E+00	+0.000000E+00	+0.000000E+00	+0.000000E+00	+0.000000E+00	-3.131411E-03	+4.697117E-03	+9.394234E-03	+1.095994E-02	+9.394234E-03	+4.697117E-03	-3.131411E-03	-3.617320E-03	+5.425980E-03	+1.085196E-02	+1.266062E-02	+1.085196E-02	+5.425980E-03	-3.617320E-03	+1.187777E-03	-1.781665E-03	-3.563330E-03	-4.157218E-03	-3.563330E-03	-1.781665E-03	+1.187777E-03	-1.187777E-03	+1.781665E-03	+3.563330E-03	+4.157218E-03	+3.563330E-03	+1.781665E-03	-1.187777E-03	+3.617320E-03	-5.425980E-03	-1.085196E-02	-1.266062E-02	-1.085196E-02	-5.425980E-03	+3.617320E-03	+3.131411E-03	-4.697117E-03	-9.394234E-03	-1.095994E-02	-9.394234E-03	-4.697117E-03	+3.131411E-03	+0.000000E+00	+0.000000E+00	+0.000000E+00	+0.000000E+00	+0.000000E+00	+0.000000E+00	+0.000000E+00	-3.131411E-03	+4.697117E-03	+9.394234E-03	+1.095994E-02	+9.394234E-03	+4.697117E-03	-3.131411E-03	-3.617320E-03	+5.425980E-03	+1.085196E-02	+1.266062E-02	+1.085196E-02	+5.425980E-03	-3.617320E-03	+1.187777E-03	-1.781665E-03	-3.563330E-03	-4.157218E-03	-3.563330E-03	-1.781665E-03	+1.187777E-03	-1.187777E-03	+1.781665E-03	+3.563330E-03	+4.157218E-03	+3.563330E-03	+1.781665E-03	-1.187777E-03	+3.617320E-03	-5.425980E-03	-1.085196E-02	-1.266062E-02	-1.085196E-02	-5.425980E-03	+3.617320E-03	+3.131411E-03	-4.697117E-03	-9.394234E-03	-1.095994E-02	-9.394234E-03	-4.697117E-03	+3.131411E-03	+0.000000E+00	+0.000000E+00	+0.000000E+00	+0.000000E+00
	S	+1.088795E-03	-3.315877E-03	-2.870460E-03	+0.000000E+00	+2.870460E-03	+3.315877E-03	-1.088795E-03	-3.315877E-03	+1.009835E-02	+8.741857E-03	+0.000000E+00	-8.741857E-03	-1.009835E-02	+3.315877E-03	-2.870460E-03	+8.741857E-03	+7.567577E-03	+0.000000E+00	-7.567577E-03	-8.741857E-03	+2.870460E-03	+0.000000E+00	+0.000000E+00	+0.000000E+00	+0.000000E+00	+0.000000E+00	+0.000000E+00	+0.000000E+00	+2.870460E-03	-8.741857E-03	-7.567577E-03	+0.000000E+00	+7.567577E-03	+8.741857E-03	-2.870460E-03	+3.315877E-03	-1.009835E-02	-8.741857E-03	+0.000000E+00	+8.741857E-03	+1.009835E-02	-3.315877E-03	-1.088795E-03	+3.315877E-03	+2.870460E-03	+0.000000E+00	-2.870460E-03	-3.315877E-03	+1.088795E-03	+1.088795E-03	-3.315877E-03	-2.870460E-03	+0.000000E+00	+2.870460E-03	+3.315877E-03	-1.088795E-03	-3.315877E-03	+1.009835E-02	+8.741857E-03	+0.000000E+00	-8.741857E-03	-1.009835E-02	+3.315877E-03	-2.870460E-03	+8.741857E-03	+7.567577E-03	+0.000000E+00	-7.567577E-03	-8.741857E-03	+2.870460E-03	+0.000000E+00	+0.000000E+00	+0.000000E+00	+0.000000E+00	+0.000000E+00	+0.000000E+00	+0.000000E+00	+2.870460E-03	-8.741857E-03	-7.567577E-03	+0.000000E+00	+7.567577E-03	+8.741857E-03	-2.870460E-03	+3.315877E-03	-1.009835E-02	-8.741857E-03	+0.000000E+00	+8.741857E-03	+1.009835E-02	-3.315877E-03	-1.088795E-03	+3.315877E-03	+2.870460E-03	+0.000000E+00	-2.870460E-03	-3.315877E-03	+1.088795E-03	+1.088795E-03	-3.315877E-03	-2.870460E-03	+0.000000E+00	+2.870460E-03	+3.315877E-03	-1.088795E-03	-3.315877E-03	+1.009835E-02	+8.741857E-03	+0.000000E+00	-8.741857E-03	-1.009835E-02	+3.315877E-03	-2.870460E-03	+8.741857E-03	+7.567577E-03	+0.000000E+00	-7.567577E-03	-8.741857E-03	+2.870460E-03	+0.000000E+00	+0.000000E+00	+0.000000E+00	+0.000000E+00	+0.000000E+00	+0.000000E+00	+0.000000E+00	+2.870460E-03	-8.741857E-03	-7.567577E-03	+0.000000E+00	+7.567577E-03	+8.741857E-03	-2.870460E-03	+3.315877E-03	-1.009835E-02	-8.741857E-03	+0.000000E+00	+8.741857E-03	+1.009835E-02	-3.315877E-03	-1.088795E-03	+3.315877E-03	+2.870460E-03	+0.000000E+00	-2.870460E-03	-3.315877E-03	+1.088795E-03	+1.088795E-03	-3.315877E-03	-2.870460E-03	+0.000000E+00	+2.870460E-03	+3.315877E-03	-1.088795E-03	-3.315877E-03	+1.009835E-02	+8.741857E-03	+0.000000E+00	-8.741857E-03	-1.009835E-02	+3.315877E-03	-2.870460E-03	+8.741857E-03	+7.567577E-03	+0.000000E+00	-7.567577E-03	-8.741857E-03	+2.870460E-03	+0.000000E+00	+0.000000E+00	+0.000000E+00	+0.000000E+00
	A	+7.423604E-04	+0.000000E+00	-4.454163E-04	-5.938883E-04	-4.454163E-04	+0.000000E+00	+7.423604E-04	-2.260825E-03	+0.000000E+00	+1.356495E-03	+1.808660E-03	+1.356495E-03	+0.000000E+00	-2.260825E-03	-1.957132E-03	+0.000000E+00	+1.174279E-03	+1.565706E-03	+1.174279E-03	+0.000000E+00	-1.957132E-03	+0.000000E+00	+0.000000E+00	+0.000000E+00	+0.000000E+00	+0.000000E+00	+0.000000E+00	+0.000000E+00	+1.957132E-03	+0.000000E+00	-1.174279E-03	-1.565706E-03	-1.174279E-03	+0.000000E+00	+1.957132E-03	+2.260825E-03	+0.000000E+00	-1.356495E-03	-1.808660E-03	-1.356495E-03	+0.000000E+00	+2.260825E-03	-7.423604E-04	+0.000000E+00	+4.454163E-04	+5.938883E-04	+4.454163E-04	+0.000000E+00	-7.423604E-04	+7.423604E-04	+0.000000E+00	-4.454163E-04	-5.938883E-04	-4.454163E-04	+0.000000E+00	+7.423604E-04	-2.260825E-03	+0.000000E+00	+1.356495E-03	+1.808660E-03	+1.356495E-03	+0.000000E+00	-2.260825E-03	-1.957132E-03	+0.000000E+00	+1.174279E-03	+1.565706E-03	+1.174279E-03	+0.000000E+00	-1.957132E-03	+0.000000E+00	+0.000000E+00	+0.000000E+00	+0.000000E+00	+0.000000E+00	+0.000000E+00	+0.000000E+00	+1.957132E-03	+0.000000E+00	-1.174279E-03	-1.565706E-03	-1.174279E-03	+0.000000E+00	+1.957132E-03	+2.260825E-03	+0.000000E+00	-1.356495E-03	-1.808660E-03	-1.356495E-03	+0.000000E+00	+2.260825E-03	-7.423604E-04	+0.000000E+00	+4.454163E-04	+5.938883E-04	+4.454163E-04	+0.000000E+00	-7.423604E-04	+7.423604E-04	+0.000000E+00	-4.454163E-04	-5.938883E-04	-4.454163E-04	+0.000000E+00	+7.423604E-04	-2.260825E-03	+0.000000E+00	+1.356495E-03	+1.808660E-03	+1.356495E-03	+0.000000E+00	-2.260825E-03	-1.957132E-03	+0.000000E+00	+1.174279E-03	+1.565706E-03	+1.174279E-03	+0.000000E+00	-1.957132E-03	+0.000000E+00	+0.000000E+00	+0.000000E+00	+0.000000E+00	+0.000000E+00	+0.000000E+00	+0.000000E+00	+1.957132E-03	+0.000000E+00	-1.174279E-03	-1.565706E-03	-1.174279E-03	+0.000000E+00	+1.957132E-03	+2.260825E-03	+0.000000E+00	-1.356495E-03	-1.808660E-03	-1.356495E-03	+0.000000E+00	+2.260825E-03	-7.423604E-04	+0.000000E+00	+4.454163E-04	+5.938883E-04	+4.454163E-04	+0.000000E+00	-7.423604E-04	+7.423604E-04	+0.000000E+00	-4.454163E-04	-5.938883E-04	-4.454163E-04	+0.000000E+00	+7.423604E-04	-2.260825E-03	+0.000000E+00	+1.356495E-03	+1.808660E-03	+1.356495E-03	+0.000000E+00	-2.260825E-03	-1.957132E-03	+0.000000E+00	+1.174279E-03	+1.565706E-03	+1.174279E-03	+0.000000E+00	-1.957132E-03	+0.000000E+00	+0.000000E+00	+0.000000E+00	+0.000000E+00
	S	-3.464349E-04	+3.464349E-04	+3.464349E-04	+0.000000E+00	-3.464349E-04	-3.464349E-04	+3.464349E-04	+1.055052E-03	-1.055052E-03	-1.055052E-03	+0.000000E+00	+1.055052E-03	+1.055052E-03	-1.055052E-03	+9.133283E-04	-9.133283E-04	-9.133283E-04	+0.000000E+00	+9.133283E-04	+9.133283E-04	-9.133283E-04	+0.000000E+00	+0.000000E+00	+0.000000E+00	+0.000000E+00	+0.000000E+00	+0.000000E+00	+0.000000E+00	-9.133283E-04	+9.133283E-04	+9.133283E-04	+0.000000E+00	-9.133283E-04	-9.133283E-04	+9.133283E-04	-1.055052E-03	+1.055052E-03	+1.055052E-03	+0.000000E+00	-1.055052E-03	-1.055052E-03	+1.055052E-03	+3.464349E-04	-3.464349E-04	-3.464349E-04	+0.000000E+00	+3.464349E-04	+3.464349E-04	-3.464349E-04	-3.464349E-04	+3.464349E-04	+3.464349E-04	+0.000000E+00	-3.464349E-04	-3.464349E-04	+3.464349E-04	+1.055052E-03	-1.055052E-03	-1.055052E-03	+0.000000E+00	+1.055052E-03	+1.055052E-03	-1.055052E-03	+9.133283E-04	-9.133283E-04	-9.133283E-04	+0.000000E+00	+9.133283E-04	+9.133283E-04	-9.133283E-04	+0.000000E+00	+0.000000E+00	+0.000000E+00	+0.000000E+00	+0.000000E+00	+0.000000E+00	+0.000000E+00	-9.133283E-04	+9.133283E-04	+9.133283E-04	+0.000000E+00	-9.133283E-04	-9.133283E-04	+9.133283E-04	-1.055052E-03	+1.055052E-03	+1.055052E-03	+0.000000E+00	-1.055052E-03	-1.055052E-03	+1.055052E-03	+3.464349E-04	-3.464349E-04	-3.464349E-04	+0.000000E+00	+3.464349E-04	+3.464349E-04	-3.464349E-04	-3.464349E-04	+3.464349E-04	+3.464349E-04	+0.000000E+00	-3.464349E-04	-3.464349E-04	+3.464349E-04	+1.055052E-03	-1.055052E-03	-1.055052E-03	+0.000000E+00	+1.055052E-03	+1.055052E-03	-1.055052E-03	+9.133283E-04	-9.133283E-04	-9.133283E-04	+0.000000E+00	+9.133283E-04	+9.133283E-04	-9.133283E-04	+0.000000E+00	+0.000000E+00	+0.000000E+00	+0.000000E+00	+0.000000E+00	+0.000000E+00	+0.000000E+00	-9.133283E-04	+9.133283E-04	+9.133283E-04	+0.000000E+00	-9.133283E-04	-9.133283E-04	+9.133283E-04	-1.055052E-03	+1.055052E-03	+1.055052E-03	+0.000000E+00	-1.055052E-03	-1.055052E-03	+1.055052E-03	+3.464349E-04	-3.464349E-04	-3.464349E-04	+0.000000E+00	+3.464349E-04	+3.464349E-04	-3.464349E-04	-3.464349E-04	+3.464349E-04	+3.464349E-04	+0.000000E+00	-3.464349E-04	-3.464349E-04	+3.464349E-04	+1.055052E-03	-1.055052E-03	-1.055052E-03	+0.000000E+00	+1.055052E-03	+1.055052E-03	-1.055052E-03	+9.133283E-04	-9.133283E-04	-9.133283E-04	+0.000000E+00	+9.133283E-04	+9.133283E-04	-9.133283E-04	+0.000000E+00	+0.000000E+00	+0.000000E+00	+0.000000E+00
	S	-8.098477E-04	+1.214772E-03	+2.429543E-03	+2.834467E-03	+2.429543E-03	+1.214772E-03	-8.098477E-04	+0.000000E+00	+0.000000E+00	+0.000000E+00	+0.000000E+00	+0.000000E+00	+0.000000E+00	+0.000000E+00	+4.859086E-04	-7.288630E-04	-1.457726E-03	-1.700680E-03	-1.457726E-03	-7.288630E-04	+4.859086E-04	+6.478782E-04	-9.718173E-04	-1.943635E-03	-2.267574E-03	-1.943635E-03	-9.718173E-04	+6.478782E-04	+4.859086E-04	-7.288630E-04	-1.457726E-03	-1.700680E-03	-1.457726E-03	-7.288630E-04	+4.859086E-04	+0.000000E+00	+0.000000E+00	+0.000000E+00	+0.000000E+00	+0.000000E+00	+0.000000E+00	+0.000000E+00	-8.098477E-04	+1.214772E-03	+2.429543E-03	+2.834467E-03	+2.429543E-03	+1.214772E-03	-8.098477E-04	-8.098477E-04	+1.214772E-03	+2.429543E-03	+2.834467E-03	+2.429543E-03	+1.214772E-03	-8.098477E-04	+0.000000E+00	+0.000000E+00	+0.000000E+00	+0.000000E+00	+0.000000E+00	+0.000000E+00	+0.000000E+00	+4.859086E-04	-7.288630E-04	-1.457726E-03	-1.700680E-03	-1.457726E-03	-7.288630E-04	+4.859086E-04	+6.478782E-04	-9.718173E-04	-1.943635E-03	-2.267574E-03	-1.943635E-03	-9.718173E-04	+6.478782E-04	+4.859086E-04	-7.288630E-04	-1.457726E-03	-1.700680E-03	-1.457726E-03	-7.288630E-04	+4.859086E-04	+0.000000E+00	+0.000000E+00	+0.000000E+00	+0.000000E+00	+0.000000E+00	+0.000000E+00	+0.000000E+00	-8.098477E-04	+1.214772E-03	+2.429543E-03	+2.834467E-03	+2.429543E-03	+1.214772E-03	-8.098477E-04	-8.098477E-04	+1.214772E-03	+2.429543E-03	+2.834467E-03	+2.429543E-03	+1.214772E-03	-8.098477E-04	+0.000000E+00	+0.000000E+00	+0.000000E+00	+0.000000E+00	+0.000000E+00	+0.000000E+00	+0.000000E+00	+4.859086E-04	-7.288630E-04	-1.457726E-03	-1.700680E-03	-1.457726E-03	-7.288630E-04	+4.859086E-04	+6.478782E-04	-9.718173E-04	-1.943635E-03	-2.267574E-03	-1.943635E-03	-9.718173E-04	+6.478782E-04	+4.859086E-04	-7.288630E-04	-1.457726E-03	-1.700680E-03	-1.457726E-03	-7.288630E-04	+4.859086E-04	+0.000000E+00	+0.000000E+00	+0.000000E+00	+0.000000E+00	+0.000000E+00	+0.000000E+00	+0.000000E+00	-8.098477E-04	+1.214772E-03	+2.429543E-03	+2.834467E-03	+2.429543E-03	+1.214772E-03	-8.098477E-04	-8.098477E-04	+1.214772E-03	+2.429543E-03	+2.834467E-03	+2.429543E-03	+1.214772E-03	-8.098477E-04	+0.000000E+00	+0.000000E+00	+0.000000E+00	+0.000000E+00	+0.000000E+00	+0.000000E+00	+0.000000E+00	+4.859086E-04	-7.288630E-04	-1.457726E-03	-1.700680E-03	-1.457726E-03	-7.288630E-04	+4.859086E-04	+6.478782E-04	-9.718173E-04	-1.943635E-03	-2.267574E-03
	A	+7.423604E-04	-2.260825E-03	-1.957132E-03	+0.000000E+00	+1.957132E-03	+2.260825E-03	-7.423604E-04	+0.000000E+00	+0.000000E+00	+0.000000E+00	+0.000000E+00	+0.000000E+00	+0.000000E+00	+0.000000E+00	-4.454163E-04	+1.356495E-03	+1.174279E-03	+0.000000E+00	-1.174279E-03	-1.356495E-03	+4.454163E-04	-5.938883E-04	+1.808660E-03	+1.565706E-03	+0.000000E+00	-1.565706E-03	-1.808660E-03	+5.938883E-04	-4.454163E-04	+1.356495E-03	+1.174279E-03	+0.000000E+00	-1.174279E-03	-1.356495E-03	+4.454163E-04	+0.000000E+00	+0.000000E+00	+0.000000E+00	+0.000000E+00	+0.000000E+00	+0.000000E+00	+0.000000E+00	+7.423604E-04	-2.260825E-03	-1.957132E-03	+0.000000E+00	+1.957132E-03	+2.260825E-03	-7.423604E-04	+7.423604E-04	-2.260825E-03	-1.957132E-03	+0.000000E+00	+1.957132E-03	+2.260825E-03	-7.423604E-04	+0.000000E+00	+0.000000E+00	+0.000000E+00	+0.000000E+00	+0.000000E+00	+0.000000E+00	+0.000000E+00	-4.454163E-04	+1.356495E-03	+1.174279E-03	+0.000000E+00	-1.174279E-03	-1.356495E-03	+4.454163E-04	-5.938883E-04	+1.808660E-03	+1.565706E-03	+0.000000E+00	-1.565706E-03	-1.808660E-03	+5.938883E-04	-4.454163E-04	+1.356495E-03	+1.174279E-03	+0.000000E+00	-1.174279E-03	-1.356495E-03	+4.454163E-04	+0.000000E+00	+0.000000E+00	+0.000000E+00	+0.000000E+00	+0.000000E+00	+0.000000E+00	+0.000000E+00	+7.423604E-04	-2.260825E-03	-1.957132E-03	+0.000000E+00	+1.957132E-03	+2.260825E-03	-7.423604E-04	+7.423604E-04	-2.260825E-03	-1.957132E-03	+0.000000E+00	+1.957132E-03	+2.260825E-03	-7.423604E-04	+0.000000E+00	+0.000000E+00	+0.000000E+00	+0.000000E+00	+0.000000E+00	+0.000000E+00	+0.000000E+00	-4.454163E-04	+1.356495E-03	+1.174279E-03	+0.000000E+00	-1.174279E-03	-1.356495E-03	+4.454163E-04	-5.938883E-04	+1.808660E-03	+1.565706E-03	+0.000000E+00	-1.565706E-03	-1.808660E-03	+5.938883E-04	-4.454163E-04	+1.356495E-03	+1.174279E-03	+0.000000E+00	-1.174279E-03	-1.356495E-03	+4.454163E-04	+0.000000E+00	+0.000000E+00	+0.000000E+00	+0.000000E+00	+0.000000E+00	+0.000000E+00	+0.000000E+00	+7.423604E-04	-2.260825E-03	-1.957132E-03	+0.000000E+00	+1.957132E-03	+2.260825E-03	-7.423604E-04	+7.423604E-04	-2.260825E-03	-1.957132E-03	+0.000000E+00	+1.957132E-03	+2.260825E-03	-7.423604E-04	+0.000000E+00	+0.000000E+00	+0.000000E+00	+0.000000E+00	+0.000000E+00	+0.000000E+00	+0.000000E+00	-4.454163E-04	+1.356495E-03	+1.174279E-03	+0.000000E+00	-1.174279E-03	-1.356495E-03	+4.454163E-04	-5.938883E-04	+1.808660E-03	+1.565706E-03	+0.000000E+00
	S	+5.061548E-04	+0.000000E+00	-3.036929E-04	-4.049239E-04	-3.036929E-04	+0.000000E+00	+5.061548E-04	+0.000000E+00	+0.000000E+00	+0.000000E+00	+0.000000E+00	+0.000000E+00	+0.000000E+00	+0.000000E+00	-3.036929E-04	+0.000000E+00	+1.822157E-04	+2.429543E-04	+1.822157E-04	+0.000000E+00	-3.036929E-04	-4.049239E-04	+0.000000E+00	+2.429543E-04	+3.239391E-04	+2.429543E-04	+0.000000E+00	-4.049239E-04	-3.036929E-04	+0.000000E+00	+1.822157E-04	+2.429543E-04	+1.822157E-04	+0.000000E+00	-3.036929E-04	+0.000000E+00	+0.000000E+00	+0.000000E+00	+0.000000E+00	+0.000000E+00	+0.000000E+00	+0.000000E+00	+5.061548E-04	+0.000000E+00	-3.036929E-04	-4.049239E-04	-3.036929E-04	+0.000000E+00	+5.061548E-04	+5.061548E-04	+0.000000E+00	-3.036929E-04	-4.049239E-04	-3.036929E-04	+0.000000E+00	+5.061548E-04	+0.000000E+00	+0.000000E+00	+0.000000E+00	+0.000000E+00	+0.000000E+00	+0.000000E+00	+0.000000E+00	-3.036929E-04	+0.000000E+00	+1.822157E-04	+2.429543E-04	+1.822157E-04	+0.000000E+00	-3.036929E-04	-4.049239E-04	+0.000000E+00	+2.429543E-04	+3.239391E-04	+2.429543E-04	+0.000000E+00	-4.049239E-04	-3.036929E-04	+0.000000E+00	+1.822157E-04	+2.429543E-04	+1.822157E-04	+0.000000E+00	-3.036929E-04	+0.000000E+00	+0.000000E+00	+0.000000E+00	+0.000000E+00	+0.000000E+00	+0.000000E+00	+0.000000E+00	+5.061548E-04	+0.000000E+00	-3.036929E-04	-4.049239E-04	-3.036929E-04	+0.000000E+00	+5.061548E-04	+5.061548E-04	+0.000000E+00	-3.036929E-04	-4.049239E-04	-3.036929E-04	+0.000000E+00	+5.061548E-04	+0.000000E+00	+0.000000E+00	+0.000000E+00	+0.000000E+00	+0.000000E+00	+0.000000E+00	+0.000000E+00	-3.036929E-04	+0.000000E+00	+1.822157E-04	+2.429543E-04	+1.822157E-04	+0.000000E+00	-3.036929E-04	-4.049239E-04	+0.000000E+00	+2.429543E-04	+3.239391E-04	+2.429543E-04	+0.000000E+00	-4.049239E-04	-3.036929E-04	+0.000000E+00	+1.822157E-04	+2.429543E-04	+1.822157E-04	+0.000000E+00	-3.036929E-04	+0.000000E+00	+0.000000E+00	+0.000000E+00	+0.000000E+00	+0.000000E+00	+0.000000E+00	+0.000000E+00	+5.061548E-04	+0.000000E+00	-3.036929E-04	-4.049239E-04	-3.036929E-04	+0.000000E+00	+5.061548E-04	+5.061548E-04	+0.000000E+00	-3.036929E-04	-4.049239E-04	-3.036929E-04	+0.000000E+00	+5.061548E-04	+0.000000E+00	+0.000000E+00	+0.000000E+00	+0.000000E+00	+0.000000E+00	+0.000000E+00	+0.000000E+00	-3.036929E-04	+0.000000E+00	+1.822157E-04	+2.429543E-04	+1.822157E-04	+0.000000E+00	-3.036929E-04	-4.049239E-04	+0.000000E+00	+2.429543E-04	+3.239391E-04
	A	-2.362056E-04	+2.362056E-04	+2.362056E-04	+0.000000E+00	-2.362056E-04	-2.362056E-04	+2.362056E-04	+0.000000E+00	+0.000000E+00	+0.000000E+00	+0.000000E+00	+0.000000E+00	+0.000000E+00	+0.000000E+00	+1.417234E-04	-1.417234E-04	-1.417234E-04	+0.000000E+00	+1.417234E-04	+1.417234E-04	-1.417234E-04	+1.889645E-04	-1.889645E-04	-1.889645E-04	+0.000000E+00	+1.889645E-04	+1.889645E-04	-1.889645E-04	+1.417234E-04	-1.417234E-04	-1.417234E-04	+0.000000E+00	+1.417234E-04	+1.417234E-04	-1.417234E-04	+0.000000E+00	+0.000000E+00	+0.000000E+00	+0.000000E+00	+0.000000E+00	+0.000000E+00	+0.000000E+00	-2.362056E-04	+2.362056E-04	+2.362056E-04	+0.000000E+00	-2.362056E-04	-2.362056E-04	+2.362056E-04	-2.362056E-04	+2.362056E-04	+2.362056E-04	+0.000000E+00	-2.362056E-04	-2.362056E-04	+2.362056E-04	+0.000000E+00	+0.000000E+00	+0.000000E+00	+0.000000E+00	+0.000000E+00	+0.000000E+00	+0.000000E+00	+1.417234E-04	-1.417234E-04	-1.417234E-04	+0.000000E+00	+1.417234E-04	+1.417234E-04	-1.417234E-04	+1.889645E-04	-1.889645E-04	-1.889645E-04	+0.000000E+00	+1.889645E-04	+1.889645E-04	-1.889645E-04	+1.417234E-04	-1.417234E-04	-1.417234E-04	+0.000000E+00	+1.417234E-04	+1.417234E-04	-1.417234E-04	+0.000000E+00	+0.000000E+00	+0.000000E+00	+0.000000E+00	+0.000000E+00	+0.000000E+00	+0.000000E+00	-2.362056E-04	+2.362056E-04	+2.362056E-04	+0.000000E+00	-2.362056E-04	-2.362056E-04	+2.362056E-04	-2.362056E-04	+2.362056E-04	+2.362056E-04	+0.000000E+00	-2.362056E-04	-2.362056E-04	+2.362056E-04	+0.000000E+00	+0.000000E+00	+0.000000E+00	+0.000000E+00	+0.000000E+00	+0.000000E+00	+0.000000E+00	+1.417234E-04	-1.417234E-04	-1.417234E-04	+0.000000E+00	+1.417234E-04	+1.417234E-04	-1.417234E-04	+1.889645E-04	-1.889645E-04	-1.889645E-04	+0.000000E+00	+1.889645E-04	+1.889645E-04	-1.889645E-04	+1.417234E-04	-1.417234E-04	-1.417234E-04	+0.000000E+00	+1.417234E-04	+1.417234E-04	-1.417234E-04	+0.000000E+00	+0.000000E+00	+0.000000E+00	+0.000000E+00	+0.000000E+00	+0.000000E+00	+0.000000E+00	-2.362056E-04	+2.362056E-04	+2.362056E-04	+0.000000E+00	-2.362056E-04	-2.362056E-04	+2.362056E-04	-2.362056E-04	+2.362056E-04	+2.362056E-04	+0.000000E+00	-2.362056E-04	-2.362056E-04	+2.362056E-04	+0.000000E+00	+0.000000E+00	+0.000000E+00	+0.000000E+00	+0.000000E+00	+0.000000E+00	+0.000000E+00	+1.417234E-04	-1.417234E-04	-1.417234E-04	+0.000000E+00	+1.417234E-04	+1.417234E-04	-1.417234E-04	+1.889645E-04	-1.889645E-04	-1.889645E-04	+0.000000E+00
	A	+3.779289E-04	-5.668934E-04	-1.133787E-03	-1.322751E-03	-1.133787E-03	-5.668934E-04	+3.779289E-04	-3.779289E-04	+5.668934E-04	+1.133787E-03	+1.322751E-03	+1.133787E-03	+5.668934E-04	-3.779289E-04	-3.779289E-04	+5.668934E-04	+1.133787E-03	+1.322751E-03	+1.133787E-03	+5.668934E-04	-3.779289E-04	+0.000000E+00	+0.000000E+00	+0.000000E+00	+0.000000E+00	+0.000000E+00	+0.000000E+00	+0.000000E+00	+3.779289E-04	-5.668934E-04	-1.133787E-03	-1.322751E-03	-1.133787E-03	-5.668934E-04	+3.779289E-04	+3.779289E-04	-5.668934E-04	-1.133787E-03	-1.322751E-03	-1.133787E-03	-5.668934E-04	+3.779289E-04	-3.779289E-04	+5.668934E-04	+1.133787E-03	+1.322751E-03	+1.133787E-03	+5.668934E-04	-3.779289E-04	+3.779289E-04	-5.668934E-04	-1.133787E-03	-1.322751E-03	-1.133787E-03	-5.668934E-04	+3.779289E-04	-3.779289E-04	+5.668934E-04	+1.133787E-03	+1.322751E-03	+1.133787E-03	+5.668934E-04	-3.779289E-04	-3.779289E-04	+5.668934E-04	+1.133787E-03	+1.322751E-03	+1.133787E-03	+5.668934E-04	-3.779289E-04	+0.000000E+00	+0.000000E+00	+0.000000E+00	+0.000000E+00	+0.000000E+00	+0.000000E+00	+0.000000E+00	+3.779289E-04	-5.668934E-04	-1.133787E-03	-1.322751E-03	-1.133787E-03	-5.668934E-04	+3.779289E-04	+3.779289E-04	-5.668934E-04	-1.133787E-03	-1.322751E-03	-1.133787E-03	-5.668934E-04	+3.779289E-04	-3.779289E-04	+5.668934E-04	+1.133787E-03	+1.322751E-03	+1.133787E-03	+5.668934E-04	-3.779289E-04	+3.779289E-04	-5.668934E-04	-1.133787E-03	-1.322751E-03	-1.133787E-03	-5.668934E-04	+3.779289E-04	-3.779289E-04	+5.668934E-04	+1.133787E-03	+1.322751E-03	+1.133787E-03	+5.668934E-04	-3.779289E-04	-3.779289E-04	+5.668934E-04	+1.133787E-03	+1.322751E-03	+1.133787E-03	+5.668934E-04	-3.779289E-04	+0.000000E+00	+0.000000E+00	+0.000000E+00	+0.000000E+00	+0.000000E+00	+0.000000E+00	+0.000000E+00	+3.779289E-04	-5.668934E-04	-1.133787E-03	-1.322751E-03	-1.133787E-03	-5.668934E-04	+3.779289E-04	+3.779289E-04	-5.668934E-04	-1.133787E-03	-1.322751E-03	-1.133787E-03	-5.668934E-04	+3.779289E-04	-3.779289E-04	+5.668934E-04	+1.133787E-03	+1.322751E-03	+1.133787E-03	+5.668934E-04	-3.779289E-04	+3.779289E-04	-5.668934E-04	-1.133787E-03	-1.322751E-03	-1.133787E-03	-5.668934E-04	+3.779289E-04	-3.779289E-04	+5.668934E-04	+1.133787E-03	+1.322751E-03	+1.133787E-03	+5.668934E-04	-3.779289E-04	-3.779289E-04	+5.668934E-04	+1.133787E-03	+1.322751E-03	+1.133787E-03	+5.668934E-04	-3.779289E-04	+0.000000E+00	+0.000000E+00	+0.000000E+00	+0.000000E+00
	S	-3.464349E-04	+1.055052E-03	+9.133283E-04	+0.000000E+00	-9.133283E-04	-1.055052E-03	+3.464349E-04	+3.464349E-04	-1.055052E-03	-9.133283E-04	+0.000000E+00	+9.133283E-04	+1.055052E-03	-3.464349E-04	+3.464349E-04	-1.055052E-03	-9.133283E-04	+0.000000E+00	+9.133283E-04	+1.055052E-03	-3.464349E-04	+0.000000E+00	+0.000000E+00	+0.000000E+00	+0.000000E+00	+0.000000E+00	+0.000000E+00	+0.000000E+00	-3.464349E-04	+1.055052E-03	+9.133283E-04	+0.000000E+00	-9.133283E-04	-1.055052E-03	+3.464349E-04	-3.464349E-04	+1.055052E-03	+9.133283E-04	+0.000000E+00	-9.133283E-04	-1.055052E-03	+3.464349E-04	+3.464349E-04	-1.055052E-03	-9.133283E-04	+0.000000E+00	+9.133283E-04	+1.055052E-03	-3.464349E-04	-3.464349E-04	+1.055052E-03	+9.133283E-04	+0.000000E+00	-9.133283E-04	-1.055052E-03	+3.464349E-04	+3.464349E-04	-1.055052E-03	-9.133283E-04	+0.000000E+00	+9.133283E-04	+1.055052E-03	-3.464349E-04	+3.464349E-04	-1.055052E-03	-9.133283E-04	+0.000000E+00	+9.133283E-04	+1.055052E-03	-3.464349E-04	+0.000000E+00	+0.000000E+00	+0.000000E+00	+0.000000E+00	+0.000000E+00	+0.000000E+00	+0.000000E+00	-3.464349E-04	+1.055052E-03	+9.133283E-04	+0.000000E+00	-9.133283E-04	-1.055052E-03	+3.464349E-04	-3.464349E-04	+1.055052E-03	+9.133283E-04	+0.000000E+00	-9.133283E-04	-1.055052E-03	+3.464349E-04	+3.464349E-04	-1.055052E-03	-9.133283E-04	+0.000000E+00	+9.133283E-04	+1.055052E-03	-3.464349E-04	-3.464349E-04	+1.055052E-03	+9.133283E-04	+0.000000E+00	-9.133283E-04	-1.055052E-03	+3.464349E-04	+3.464349E-04	-1.055052E-03	-9.133283E-04	+0.000000E+00	+9.133283E-04	+1.055052E-03	-3.464349E-04	+3.464349E-04	-1.055052E-03	-9.133283E-04	+0.000000E+00	+9.133283E-04	+1.055052E-03	-3.464349E-04	+0.000000E+00	+0.000000E+00	+0.000000E+00	+0.000000E+00	+0.000000E+00	+0.000000E+00	+0.000000E+00	-3.464349E-04	+1.055052E-03	+9.133283E-04	+0.000000E+00	-9.133283E-04	-1.055052E-03	+3.464349E-04	-3.464349E-04	+1.055052E-03	+9.133283E-04	+0.000000E+00	-9.133283E-04	-1.055052E-03	+3.464349E-04	+3.464349E-04	-1.055052E-03	-9.133283E-04	+0.000000E+00	+9.133283E-04	+1.055052E-03	-3.464349E-04	-3.464349E-04	+1.055052E-03	+9.133283E-04	+0.000000E+00	-9.133283E-04	-1.055052E-03	+3.464349E-04	+3.464349E-04	-1.055052E-03	-9.133283E-04	+0.000000E+00	+9.133283E-04	+1.055052E-03	-3.464349E-04	+3.464349E-04	-1.055052E-03	-9.133283E-04	+0.000000E+00	+9.133283E-04	+1.055052E-03	-3.464349E-04	+0.000000E+00	+0.000000E+00	+0.000000E+00	+0.000000E+00
	A	-2.362056E-04	+0.000000E+00	+1.417234E-04	+1.889645E-04	+1.417234E-04	+0.000000E+00	-2.362056E-04	+2.362056E-04	+0.000000E+00	-1.417234E-04	-1.889645E-04	-1.417234E-04	+0.000000E+00	+2.362056E-04	+2.362056E-04	+0.000000E+00	-1.417234E-04	-1.889645E-04	-1.417234E-04	+0.000000E+00	+2.362056E-04	+0.000000E+00	+0.000000E+00	+0.000000E+00	+0.000000E+00	+0.000000E+00	+0.000000E+00	+0.000000E+00	-2.362056E-04	+0.000000E+00	+1.417234E-04	+1.889645E-04	+1.417234E-04	+0.000000E+00	-2.362056E-04	-2.362056E-04	+0.000000E+00	+1.417234E-04	+1.889645E-04	+1.417234E-04	+0.000000E+00	-2.362056E-04	+2.362056E-04	+0.000000E+00	-1.417234E-04	-1.889645E-04	-1.417234E-04	+0.000000E+00	+2.362056E-04	-2.362056E-04	+0.000000E+00	+1.417234E-04	+1.889645E-04	+1.417234E-04	+0.000000E+00	-2.362056E-04	+2.362056E-04	+0.000000E+00	-1.417234E-04	-1.889645E-04	-1.417234E-04	+0.000000E+00	+2.362056E-04	+2.362056E-04	+0.000000E+00	-1.417234E-04	-1.889645E-04	-1.417234E-04	+0.000000E+00	+2.362056E-04	+0.000000E+00	+0.000000E+00	+0.000000E+00	+0.000000E+00	+0.000000E+00	+0.000000E+00	+0.000000E+00	-2.362056E-04	+0.000000E+00	+1.417234E-04	+1.889645E-04	+1.417234E-04	+0.000000E+00	-2.362056E-04	-2.362056E-04	+0.000000E+00	+1.417234E-04	+1.889645E-04	+1.417234E-04	+0.000000E+00	-2.362056E-04	+2.362056E-04	+0.000000E+00	-1.417234E-04	-1.889645E-04	-1.417234E-04	+0.000000E+00	+2.362056E-04	-2.362056E-04	+0.000000E+00	+1.417234E-04	+1.889645E-04	+1.417234E-04	+0.000000E+00	-2.362056E-04	+2.362056E-04	+0.000000E+00	-1.417234E-04	-1.889645E-04	-1.417234E-04	+0.000000E+00	+2.362056E-04	+2.362056E-04	+0.000000E+00	-1.417234E-04	-1.889645E-04	-1.417234E-04	+0.000000E+00	+2.362056E-04	+0.000000E+00	+0.000000E+00	+0.000000E+00	+0.000000E+00	+0.000000E+00	+0.000000E+00	+0.000000E+00	-2.362056E-04	+0.000000E+00	+1.417234E-04	+1.889645E-04	+1.417234E-04	+0.000000E+00	-2.362056E-04	-2.362056E-04	+0.000000E+00	+1.417234E-04	+1.889645E-04	+1.417234E-04	+0.000000E+00	-2.362056E-04	+2.362056E-04	+0.000000E+00	-1.417234E-04	-1.889645E-04	-1.417234E-04	+0.000000E+00	+2.362056E-04	-2.362056E-04	+0.000000E+00	+1.417234E-04	+1.889645E-04	+1.417234E-04	+0.000000E+00	-2.362056E-04	+2.362056E-04	+0.000000E+00	-1.417234E-04	-1.889645E-04	-1.417234E-04	+0.000000E+00	+2.362056E-04	+2.362056E-04	+0.000000E+00	-1.417234E-04	-1.889645E-04	-1.417234E-04	+0.000000E+00	+2.362056E-04	+0.000000E+00	+0.000000E+00	+0.000000E+00	+0.000000E+00
	S	+1.102293E-04	-1.102293E-04	-1.102293E-04	+0.000000E+00	+1.102293E-04	+1.102293E-04	-1.102293E-04	-1.102293E-04	+1.102293E-04	+1.102293E-04	+0.000000E+00	-1.102293E-04	-1.102293E-04	+1.102293E-04	-1.102293E-04	+1.102293E-04	+1.102293E-04	+0.000000E+00	-1.102293E-04	-1.102293E-04	+1.102293E-04	+0.000000E+00	+0.000000E+00	+0.000000E+00	+0.000000E+00	+0.000000E+00	+0.000000E+00	+0.000000E+00	+1.102293E-04	-1.102293E-04	-1.102293E-04	+0.000000E+00	+1.102293E-04	+1.102293E-04	-1.102293E-04	+1.102293E-04	-1.102293E-04	-1.102293E-04	+0.000000E+00	+1.102293E-04	+1.102293E-04	-1.102293E-04	-1.102293E-04	+1.102293E-04	+1.102293E-04	+0.000000E+00	-1.102293E-04	-1.102293E-04	+1.102293E-04	+1.102293E-04	-1.102293E-04	-1.102293E-04	+0.000000E+00	+1.102293E-04	+1.102293E-04	-1.102293E-04	-1.102293E-04	+1.102293E-04	+1.102293E-04	+0.000000E+00	-1.102293E-04	-1.102293E-04	+1.102293E-04	-1.102293E-04	+1.102293E-04	+1.102293E-04	+0.000000E+00	-1.102293E-04	-1.102293E-04	+1.102293E-04	+0.000000E+00	+0.000000E+00	+0.000000E+00	+0.000000E+00	+0.000000E+00	+0.000000E+00	+0.000000E+00	+1.102293E-04	-1.102293E-04	-1.102293E-04	+0.000000E+00	+1.102293E-04	+1.102293E-04	-1.102293E-04	+1.102293E-04	-1.102293E-04	-1.102293E-04	+0.000000E+00	+1.102293E-04	+1.102293E-04	-1.102293E-04	-1.102293E-04	+1.102293E-04	+1.102293E-04	+0.000000E+00	-1.102293E-04	-1.102293E-04	+1.102293E-04	+1.102293E-04	-1.102293E-04	-1.102293E-04	+0.000000E+00	+1.102293E-04	+1.102293E-04	-1.102293E-04	-1.102293E-04	+1.102293E-04	+1.102293E-04	+0.000000E+00	-1.102293E-04	-1.102293E-04	+1.102293E-04	-1.102293E-04	+1.102293E-04	+1.102293E-04	+0.000000E+00	-1.102293E-04	-1.102293E-04	+1.102293E-04	+0.000000E+00	+0.000000E+00	+0.000000E+00	+0.000000E+00	+0.000000E+00	+0.000000E+00	+0.000000E+00	+1.102293E-04	-1.102293E-04	-1.102293E-04	+0.000000E+00	+1.102293E-04	+1.102293E-04	-1.102293E-04	+1.102293E-04	-1.102293E-04	-1.102293E-04	+0.000000E+00	+1.102293E-04	+1.102293E-04	-1.102293E-04	-1.102293E-04	+1.102293E-04	+1.102293E-04	+0.000000E+00	-1.102293E-04	-1.102293E-04	+1.102293E-04	+1.102293E-04	-1.102293E-04	-1.102293E-04	+0.000000E+00	+1.102293E-04	+1.102293E-04	-1.102293E-04	-1.102293E-04	+1.102293E-04	+1.102293E-04	+0.000000E+00	-1.102293E-04	-1.102293E-04	+1.102293E-04	-1.102293E-04	+1.102293E-04	+1.102293E-04	+0.000000E+00	-1.102293E-04	-1.102293E-04	+1.102293E-04	+0.000000E+00	+0.000000E+00	+0.000000E+00	+0.000000E+00
	A	-9.718173E-04	+1.457726E-03	+2.915452E-03	+3.401361E-03	+2.915452E-03	+1.457726E-03	-9.718173E-04	+1.457726E-03	-2.186589E-03	-4.373178E-03	-5.102041E-03	-4.373178E-03	-2.186589E-03	+1.457726E-03	+2.915452E-03	-4.373178E-03	-8.746356E-03	-1.020408E-02	-8.746356E-03	-4.373178E-03	+2.915452E-03	+3.401361E-03	-5.102041E-03	-1.020408E-02	-1.190476E-02	-1.020408E-02	-5.102041E-03	+3.401361E-03	+2.915452E-03	-4.373178E-03	-8.746356E-03	-1.020408E-02	-8.746356E-03	-4.373178E-03	+2.915452E-03	+1.457726E-03	-2.186589E-03	-4.373178E-03	-5.102041E-03	-4.373178E-03	-2.186589E-03	+1.457726E-03	-9.718173E-04	+1.457726E-03	+2.915452E-03	+3.401361E-03	+2.915452E-03	+1.457726E-03	-9.718173E-04	-6.478782E-04	+9.718173E-04	+1.943635E-03	+2.267574E-03	+1.943635E-03	+9.718173E-04	-6.478782E-04	+9.718173E-04	-1.457726E-03	-2.915452E-03	-3.401361E-03	-2.915452E-03	-1.457726E-03	+9.718173E-04	+1.943635E-03	-2.915452E-03	-5.830904E-03	-6.802721E-03	-5.830904E-03	-2.915452E-03	+1.943635E-03	+2.267574E-03	-3.401361E-03	-6.802721E-03	-7.936508E-03	-6.802721E-03	-3.401361E-03	+2.267574E-03	+1.943635E-03	-2.915452E-03	-5.830904E-03	-6.802721E-03	-5.830904E-03	-2.915452E-03	+1.943635E-03	+9.718173E-04	-1.457726E-03	-2.915452E-03	-3.401361E-03	-2.915452E-03	-1.457726E-03	+9.718173E-04	-6.478782E-04	+9.718173E-04	+1.943635E-03	+2.267574E-03	+1.943635E-03	+9.718173E-04	-6.478782E-04	-3.239391E-04	+4.859086E-04	+9.718173E-04	+1.133787E-03	+9.718173E-04	+4.859086E-04	-3.239391E-04	+4.859086E-04	-7.288630E-04	-1.457726E-03	-1.700680E-03	-1.457726E-03	-7.288630E-04	+4.859086E-04	+9.718173E-04	-1.457726E-03	-2.915452E-03	-3.401361E-03	-2.915452E-03	-1.457726E-03	+9.718173E-04	+1.133787E-03	-1.700680E-03	-3.401361E-03	-3.968254E-03	-3.401361E-03	-1.700680E-03	+1.133787E-03	+9.718173E-04	-1.457726E-03	-2.915452E-03	-3.401361E-03	-2.915452E-03	-1.457726E-03	+9.718173E-04	+4.859086E-04	-7.288630E-04	-1.457726E-03	-1.700680E-03	-1.457726E-03	-7.288630E-04	+4.859086E-04	-3.239391E-04	+4.859086E-04	+9.718173E-04	+1.133787E-03	+9.718173E-04	+4.859086E-04	-3.239391E-04	+0.000000E+00	+0.000000E+00	+0.000000E+00	+0.000000E+00	+0.000000E+00	+0.000000E+00	+0.000000E+00	+0.000000E+00	+0.000000E+00	+0.000000E+00	+0.000000E+00	+0.000000E+00	+0.000000E+00	+0.000000E+00	+0.000000E+00	+0.000000E+00	+0.000000E+00	+0.000000E+00	+0.000000E+00	+0.000000E+00	+0.000000E+00	+0.000000E+00	+0.000000E+00	+0.000000E+00	+0.000000E+00
	S	+8.908325E-04	-2.712990E-03	-2.348558E-03	+0.000000E+00	+2.348558E-03	+2.712990E-03	-8.908325E-04	-1.336249E-03	+4.069485E-03	+3.522838E-03	+0.000000E+00	-3.522838E-03	-4.069485E-03	+1.336249E-03	-2.672498E-03	+8.138970E-03	+7.045675E-03	+0.000000E+00	-7.045675E-03	-8.138970E-03	+2.672498E-03	-3.117914E-03	+9.495465E-03	+8.219955E-03	+0.000000E+00	-8.219955E-03	-9.495465E-03	+3.117914E-03	-2.672498E-03	+8.138970E-03	+7.045675E-03	+0.000000E+00	-7.045675E-03	-8.138970E-03	+2.672498E-03	-1.336249E-03	+4.069485E-03	+3.522838E-03	+0.000000E+00	-3.522838E-03	-4.069485E-03	+1.336249E-03	+8.908325E-04	-2.712990E-03	-2.348558E-03	+0.000000E+00	+2.348558E-03	+2.712990E-03	-8.908325E-04	+5.938883E-04	-1.808660E-03	-1.565706E-03	+0.000000E+00	+1.565706E-03	+1.808660E-03	-5.938883E-04	-8.908325E-04	+2.712990E-03	+2.348558E-03	+0.000000E+00	-2.348558E-03	-2.712990E-03	+8.908325E-04	-1.781665E-03	+5.425980E-03	+4.697117E-03	+0.000000E+00	-4.697117E-03	-5.425980E-03	+1.781665E-03	-2.078609E-03	+6.330310E-03	+5.479970E-03	+0.000000E+00	-5.479970E-03	-6.330310E-03	+2.078609E-03	-1.781665E-03	+5.425980E-03	+4.697117E-03	+0.000000E+00	-4.697117E-03	-5.425980E-03	+1.781665E-03	-8.908325E-04	+2.712990E-03	+2.348558E-03	+0.000000E+00	-2.348558E-03	-2.712990E-03	+8.908325E-04	+5.938883E-04	-1.808660E-03	-1.565706E-03	+0.000000E+00	+1.565706E-03	+1.808660E-03	-5.938883E-04	+2.969442E-04	-9.043300E-04	-7.828528E-04	+0.000000E+00	+7.828528E-04	+9.043300E-04	-2.969442E-04	-4.454163E-04	+1.356495E-03	+1.174279E-03	+0.000000E+00	-1.174279E-03	-1.356495E-03	+4.454163E-04	-8.908325E-04	+2.712990E-03	+2.348558E-03	+0.000000E+00	-2.348558E-03	-2.712990E-03	+8.908325E-04	-1.039305E-03	+3.165155E-03	+2.739985E-03	+0.000000E+00	-2.739985E-03	-3.165155E-03	+1.039305E-03	-8.908325E-04	+2.712990E-03	+2.348558E-03	+0.000000E+00	-2.348558E-03	-2.712990E-03	+8.908325E-04	-4.454163E-04	+1.356495E-03	+1.174279E-03	+0.000000E+00	-1.174279E-03	-1.356495E-03	+4.454163E-04	+2.969442E-04	-9.043300E-04	-7.828528E-04	+0.000000E+00	+7.828528E-04	+9.043300E-04	-2.969442E-04	+0.000000E+00	+0.000000E+00	+0.000000E+00	+0.000000E+00	+0.000000E+00	+0.000000E+00	+0.000000E+00	+0.000000E+00	+0.000000E+00	+0.000000E+00	+0.000000E+00	+0.000000E+00	+0.000000E+00	+0.000000E+00	+0.000000E+00	+0.000000E+00	+0.000000E+00	+0.000000E+00	+0.000000E+00	+0.000000E+00	+0.000000E+00	+0.000000E+00	+0.000000E+00	+0.000000E+00	+0.000000E+00
	A	+6.073858E-04	+0.000000E+00	-3.644315E-04	-4.859086E-04	-3.644315E-04	+0.000000E+00	+6.073858E-04	-9.110787E-04	+0.000000E+00	+5.466472E-04	+7.288630E-04	+5.466472E-04	+0.000000E+00	-9.110787E-04	-1.822157E-03	+0.000000E+00	+1.093294E-03	+1.457726E-03	+1.093294E-03	+0.000000E+00	-1.822157E-03	-2.125850E-03	+0.000000E+00	+1.275510E-03	+1.700680E-03	+1.275510E-03	+0.000000E+00	-2.125850E-03	-1.822157E-03	+0.000000E+00	+1.093294E-03	+1.457726E-03	+1.093294E-03	+0.000000E+00	-1.822157E-03	-9.110787E-04	+0.000000E+00	+5.466472E-04	+7.288630E-04	+5.466472E-04	+0.000000E+00	-9.110787E-04	+6.073858E-04	+0.000000E+00	-3.644315E-04	-4.859086E-04	-3.644315E-04	+0.000000E+00	+6.073858E-04	+4.049239E-04	+0.000000E+00	-2.429543E-04	-3.239391E-04	-2.429543E-04	+0.000000E+00	+4.049239E-04	-6.073858E-04	+0.000000E+00	+3.644315E-04	+4.859086E-04	+3.644315E-04	+0.000000E+00	-6.073858E-04	-1.214772E-03	+0.000000E+00	+7.288630E-04	+9.718173E-04	+7.288630E-04	+0.000000E+00	-1.214772E-03	-1.417234E-03	+0.000000E+00	+8.503401E-04	+1.133787E-03	+8.503401E-04	+0.000000E+00	-1.417234E-03	-1.214772E-03	+0.000000E+00	+7.288630E-04	+9.718173E-04	+7.288630E-04	+0.000000E+00	-1.214772E-03	-6.073858E-04	+0.000000E+00	+3.644315E-04	+4.859086E-04	+3.644315E-04	+0.000000E+00	-6.073858E-04	+4.049239E-04	+0.000000E+00	-2.429543E-04	-3.239391E-04	-2.429543E-04	+0.000000E+00	+4.049239E-04	+2.024619E-04	+0.000000E+00	-1.214772E-04	-1.619695E-04	-1.214772E-04	+0.000000E+00	+2.024619E-04	-3.036929E-04	+0.000000E+00	+1.822157E-04	+2.429543E-04	+1.822157E-04	+0.000000E+00	-3.036929E-04	-6.073858E-04	+0.000000E+00	+3.644315E-04	+4.859086E-04	+3.644315E-04	+0.000000E+00	-6.073858E-04	-7.086168E-04	+0.000000E+00	+4.251701E-04	+5.668934E-04	+4.251701E-04	+0.000000E+00	-7.086168E-04	-6.073858E-04	+0.000000E+00	+3.644315E-04	+4.859086E-04	+3.644315E-04	+0.000000E+00	-6.073858E-04	-3.036929E-04	+0.000000E+00	+1.822157E-04	+2.429543E-04	+1.822157E-04	+0.000000E+00	-3.036929E-04	+2.024619E-04	+0.000000E+00	-1.214772E-04	-1.619695E-04	-1.214772E-04	+0.000000E+00	+2.024619E-04	+0.000000E+00	+0.000000E+00	+0.000000E+00	+0.000000E+00	+0.000000E+00	+0.000000E+00	+0.000000E+00	+0.000000E+00	+0.000000E+00	+0.000000E+00	+0.000000E+00	+0.000000E+00	+0.000000E+00	+0.000000E+00	+0.000000E+00	+0.000000E+00	+0.000000E+00	+0.000000E+00	+0.000000E+00	+0.000000E+00	+0.000000E+00	+0.000000E+00	+0.000000E+00	+0.000000E+00	+0.000000E+00
	S	-2.834467E-04	+2.834467E-04	+2.834467E-04	+0.000000E+00	-2.834467E-04	-2.834467E-04	+2.834467E-04	+4.251701E-04	-4.251701E-04	-4.251701E-04	+0.000000E+00	+4.251701E-04	+4.251701E-04	-4.251701E-04	+8.503401E-04	-8.503401E-04	-8.503401E-04	+0.000000E+00	+8.503401E-04	+8.503401E-04	-8.503401E-04	+9.920635E-04	-9.920635E-04	-9.920635E-04	+0.000000E+00	+9.920635E-04	+9.920635E-04	-9.920635E-04	+8.503401E-04	-8.503401E-04	-8.503401E-04	+0.000000E+00	+8.503401E-04	+8.503401E-04	-8.503401E-04	+4.251701E-04	-4.251701E-04	-4.251701E-04	+0.000000E+00	+4.251701E-04	+4.251701E-04	-4.251701E-04	-2.834467E-04	+2.834467E-04	+2.834467E-04	+0.000000E+00	-2.834467E-04	-2.834467E-04	+2.834467E-04	-1.889645E-04	+1.889645E-04	+1.889645E-04	+0.000000E+00	-1.889645E-04	-1.889645E-04	+1.889645E-04	+2.834467E-04	-2.834467E-04	-2.834467E-04	+0.000000E+00	+2.834467E-04	+2.834467E-04	-2.834467E-04	+5.668934E-04	-5.668934E-04	-5.668934E-04	+0.000000E+00	+5.668934E-04	+5.668934E-04	-5.668934E-04	+6.613757E-04	-6.613757E-04	-6.613757E-04	+0.000000E+00	+6.613757E-04	+6.613757E-04	-6.613757E-04	+5.668934E-04	-5.668934E-04	-5.668934E-04	+0.000000E+00	+5.668934E-04	+5.668934E-04	-5.668934E-04	+2.834467E-04	-2.834467E-04	-2.834467E-04	+0.000000E+00	+2.834467E-04	+2.834467E-04	-2.834467E-04	-1.889645E-04	+1.889645E-04	+1.889645E-04	+0.000000E+00	-1.889645E-04	-1.889645E-04	+1.889645E-04	-9.448224E-05	+9.448224E-05	+9.448224E-05	+0.000000E+00	-9.448224E-05	-9.448224E-05	+9.448224E-05	+1.417234E-04	-1.417234E-04	-1.417234E-04	+0.000000E+00	+1.417234E-04	+1.417234E-04	-1.417234E-04	+2.834467E-04	-2.834467E-04	-2.834467E-04	+0.000000E+00	+2.834467E-04	+2.834467E-04	-2.834467E-04	+3.306878E-04	-3.306878E-04	-3.306878E-04	+0.000000E+00	+3.306878E-04	+3.306878E-04	-3.306878E-04	+2.834467E-04	-2.834467E-04	-2.834467E-04	+0.000000E+00	+2.834467E-04	+2.834467E-04	-2.834467E-04	+1.417234E-04	-1.417234E-04	-1.417234E-04	+0.000000E+00	+1.417234E-04	+1.417234E-04	-1.417234E-04	-9.448224E-05	+9.448224E-05	+9.448224E-05	+0.000000E+00	-9.448224E-05	-9.448224E-05	+9.448224E-05	+0.000000E+00	+0.000000E+00	+0.000000E+00	+0.000000E+00	+0.000000E+00	+0.000000E+00	+0.000000E+00	+0.000000E+00	+0.000000E+00	+0.000000E+00	+0.000000E+00	+0.000000E+00	+0.000000E+00	+0.000000E+00	+0.000000E+00	+0.000000E+00	+0.000000E+00	+0.000000E+00	+0.000000E+00	+0.000000E+00	+0.000000E+00	+0.000000E+00	+0.000000E+00	+0.000000E+00	+0.000000E+00
	S	+8.908325E-04	-1.336249E-03	-2.672498E-03	-3.117914E-03	-2.672498E-03	-1.336249E-03	+8.908325E-04	-2.712990E-03	+4.069485E-03	+8.138970E-03	+9.495465E-03	+8.138970E-03	+4.069485E-03	-2.712990E-03	-2.348558E-03	+3.522838E-03	+7.045675E-03	+8.219955E-03	+7.045675E-03	+3.522838E-03	-2.348558E-03	+0.000000E+00	+0.000000E+00	+0.000000E+00	+0.000000E+00	+0.000000E+00	+0.000000E+00	+0.000000E+00	+2.348558E-03	-3.522838E-03	-7.045675E-03	-8.219955E-03	-7.045675E-03	-3.522838E-03	+2.348558E-03	+2.712990E-03	-4.069485E-03	-8.138970E-03	-9.495465E-03	-8.138970E-03	-4.069485E-03	+2.712990E-03	-8.908325E-04	+1.336249E-03	+2.672498E-03	+3.117914E-03	+2.672498E-03	+1.336249E-03	-8.908325E-04	+5.938883E-04	-8.908325E-04	-1.781665E-03	-2.078609E-03	-1.781665E-03	-8.908325E-04	+5.938883E-04	-1.808660E-03	+2.712990E-03	+5.425980E-03	+6.330310E-03	+5.425980E-03	+2.712990E-03	-1.808660E-03	-1.565706E-03	+2.348558E-03	+4.697117E-03	+5.479970E-03	+4.697117E-03	+2.348558E-03	-1.565706E-03	+0.000000E+00	+0.000000E+00	+0.000000E+00	+0.000000E+00	+0.000000E+00	+0.000000E+00	+0.000000E+00	+1.565706E-03	-2.348558E-03	-4.697117E-03	-5.479970E-03	-4.697117E-03	-2.348558E-03	+1.565706E-03	+1.808660E-03	-2.712990E-03	-5.425980E-03	-6.330310E-03	-5.425980E-03	-2.712990E-03	+1.808660E-03	-5.938883E-04	+8.908325E-04	+1.781665E-03	+2.078609E-03	+1.781665E-03	+8.908325E-04	-5.938883E-04	+2.969442E-04	-4.454163E-04	-8.908325E-04	-1.039305E-03	-8.908325E-04	-4.454163E-04	+2.969442E-04	-9.043300E-04	+1.356495E-03	+2.712990E-03	+3.165155E-03	+2.712990E-03	+1.356495E-03	-9.043300E-04	-7.828528E-04	+1.174279E-03	+2.348558E-03	+2.739985E-03	+2.348558E-03	+1.174279E-03	-7.828528E-04	+0.000000E+00	+0.000000E+00	+0.000000E+00	+0.000000E+00	+0.000000E+00	+0.000000E+00	+0.000000E+00	+7.828528E-04	-1.174279E-03	-2.348558E-03	-2.739985E-03	-2.348558E-03	-1.174279E-03	+7.828528E-04	+9.043300E-04	-1.356495E-03	-2.712990E-03	-3.165155E-03	-2.712990E-03	-1.356495E-03	+9.043300E-04	-2.969442E-04	+4.454163E-04	+8.908325E-04	+1.039305E-03	+8.908325E-04	+4.454163E-04	-2.969442E-04	+0.000000E+00	+0.000000E+00	+0.000000E+00	+0.000000E+00	+0.000000E+00	+0.000000E+00	+0.000000E+00	+0.000000E+00	+0.000000E+00	+0.000000E+00	+0.000000E+00	+0.000000E+00	+0.000000E+00	+0.000000E+00	+0.000000E+00	+0.000000E+00	+0.000000E+00	+0.000000E+00	+0.000000E+00	+0.000000E+00	+0.000000E+00	+0.000000E+00	+0.000000E+00	+0.000000E+00	+0.000000E+00
	A	-8.165965E-04	+2.486907E-03	+2.152845E-03	+0.000000E+00	-2.152845E-03	-2.486907E-03	+8.165965E-04	+2.486907E-03	-7.573764E-03	-6.556392E-03	+0.000000E+00	+6.556392E-03	+7.573764E-03	-2.486907E-03	+2.152845E-03	-6.556392E-03	-5.675683E-03	+0.000000E+00	+5.675683E-03	+6.556392E-03	-2.152845E-03	+0.000000E+00	+0.000000E+00	+0.000000E+00	+0.000000E+00	+0.000000E+00	+0.000000E+00	+0.000000E+00	-2.152845E-03	+6.556392E-03	+5.675683E-03	+0.000000E+00	-5.675683E-03	-6.556392E-03	+2.152845E-03	-2.486907E-03	+7.573764E-03	+6.556392E-03	+0.000000E+00	-6.556392E-03	-7.573764E-03	+2.486907E-03	+8.165965E-04	-2.486907E-03	-2.152845E-03	+0.000000E+00	+2.152845E-03	+2.486907E-03	-8.165965E-04	-5.443977E-04	+1.657938E-03	+1.435230E-03	+0.000000E+00	-1.435230E-03	-1.657938E-03	+5.443977E-04	+1.657938E-03	-5.049176E-03	-4.370928E-03	+0.000000E+00	+4.370928E-03	+5.049176E-03	-1.657938E-03	+1.435230E-03	-4.370928E-03	-3.783789E-03	+0.000000E+00	+3.783789E-03	+4.370928E-03	-1.435230E-03	+0.000000E+00	+0.000000E+00	+0.000000E+00	+0.000000E+00	+0.000000E+00	+0.000000E+00	+0.000000E+00	-1.435230E-03	+4.370928E-03	+3.783789E-03	+0.000000E+00	-3.783789E-03	-4.370928E-03	+1.435230E-03	-1.657938E-03	+5.049176E-03	+4.370928E-03	+0.000000E+00	-4.370928E-03	-5.049176E-03	+1.657938E-03	+5.443977E-04	-1.657938E-03	-1.435230E-03	+0.000000E+00	+1.435230E-03	+1.657938E-03	-5.443977E-04	-2.721988E-04	+8.289692E-04	+7.176151E-04	+0.000000E+00	-7.176151E-04	-8.289692E-04	+2.721988E-04	+8.289692E-04	-2.524588E-03	-2.185464E-03	+0.000000E+00	+2.185464E-03	+2.524588E-03	-8.289692E-04	+7.176151E-04	-2.185464E-03	-1.891894E-03	+0.000000E+00	+1.891894E-03	+2.185464E-03	-7.176151E-04	+0.000000E+00	+0.000000E+00	+0.000000E+00	+0.000000E+00	+0.000000E+00	+0.000000E+00	+0.000000E+00	-7.176151E-04	+2.185464E-03	+1.891894E-03	+0.000000E+00	-1.891894E-03	-2.185464E-03	+7.176151E-04	-8.289692E-04	+2.524588E-03	+2.185464E-03	+0.000000E+00	-2.185464E-03	-2.524588E-03	+8.289692E-04	+2.721988E-04	-8.289692E-04	-7.176151E-04	+0.000000E+00	+7.176151E-04	+8.289692E-04	-2.721988E-04	+0.000000E+00	+0.000000E+00	+0.000000E+00	+0.000000E+00	+0.000000E+00	+0.000000E+00	+0.000000E+00	+0.000000E+00	+0.000000E+00	+0.000000E+00	+0.000000E+00	+0.000000E+00	+0.000000E+00	+0.000000E+00	+0.000000E+00	+0.000000E+00	+0.000000E+00	+0.000000E+00	+0.000000E+00	+0.000000E+00	+0.000000E+00	+0.000000E+00	+0.000000E+00	+0.000000E+00	+0.000000E+00
	S	-5.567703E-04	+0.000000E+00	+3.340622E-04	+4.454163E-04	+3.340622E-04	+0.000000E+00	-5.567703E-04	+1.695619E-03	+0.000000E+00	-1.017371E-03	-1.356495E-03	-1.017371E-03	+0.000000E+00	+1.695619E-03	+1.467849E-03	+0.000000E+00	-8.807094E-04	-1.174279E-03	-8.807094E-04	+0.000000E+00	+1.467849E-03	+0.000000E+00	+0.000000E+00	+0.000000E+00	+0.000000E+00	+0.000000E+00	+0.000000E+00	+0.000000E+00	-1.467849E-03	+0.000000E+00	+8.807094E-04	+1.174279E-03	+8.807094E-04	+0.000000E+00	-1.467849E-03	-1.695619E-03	+0.000000E+00	+1.017371E-03	+1.356495E-03	+1.017371E-03	+0.000000E+00	-1.695619E-03	+5.567703E-04	+0.000000E+00	-3.340622E-04	-4.454163E-04	-3.340622E-04	+0.000000E+00	+5.567703E-04	-3.711802E-04	+0.000000E+00	+2.227081E-04	+2.969442E-04	+2.227081E-04	+0.000000E+00	-3.711802E-04	+1.130412E-03	+0.000000E+00	-6.782475E-04	-9.043300E-04	-6.782475E-04	+0.000000E+00	+1.130412E-03	+9.785660E-04	+0.000000E+00	-5.871396E-04	-7.828528E-04	-5.871396E-04	+0.000000E+00	+9.785660E-04	+0.000000E+00	+0.000000E+00	+0.000000E+00	+0.000000E+00	+0.000000E+00	+0.000000E+00	+0.000000E+00	-9.785660E-04	+0.000000E+00	+5.871396E-04	+7.828528E-04	+5.871396E-04	+0.000000E+00	-9.785660E-04	-1.130412E-03	+0.000000E+00	+6.782475E-04	+9.043300E-04	+6.782475E-04	+0.000000E+00	-1.130412E-03	+3.711802E-04	+0.000000E+00	-2.227081E-04	-2.969442E-04	-2.227081E-04	+0.000000E+00	+3.711802E-04	-1.855901E-04	+0.000000E+00	+1.113541E-04	+1.484721E-04	+1.113541E-04	+0.000000E+00	-1.855901E-04	+5.652062E-04	+0.000000E+00	-3.391237E-04	-4.521650E-04	-3.391237E-04	+0.000000E+00	+5.652062E-04	+4.892830E-04	+0.000000E+00	-2.935698E-04	-3.914264E-04	-2.935698E-04	+0.000000E+00	+4.892830E-04	+0.000000E+00	+0.000000E+00	+0.000000E+00	+0.000000E+00	+0.000000E+00	+0.000000E+00	+0.000000E+00	-4.892830E-04	+0.000000E+00	+2.935698E-04	+3.914264E-04	+2.935698E-04	+0.000000E+00	-4.892830E-04	-5.652062E-04	+0.000000E+00	+3.391237E-04	+4.521650E-04	+3.391237E-04	+0.000000E+00	-5.652062E-04	+1.855901E-04	+0.000000E+00	-1.113541E-04	-1.484721E-04	-1.113541E-04	+0.000000E+00	+1.855901E-04	+0.000000E+00	+0.000000E+00	+0.000000E+00	+0.000000E+00	+0.000000E+00	+0.000000E+00	+0.000000E+00	+0.000000E+00	+0.000000E+00	+0.000000E+00	+0.000000E+00	+0.000000E+00	+0.000000E+00	+0.000000E+00	+0.000000E+00	+0.000000E+00	+0.000000E+00	+0.000000E+00	+0.000000E+00	+0.000000E+00	+0.000000E+00	+0.000000E+00	+0.000000E+00	+0.000000E+00	+0.000000E+00
	A	+2.598262E-04	-2.598262E-04	-2.598262E-04	+0.000000E+00	+2.598262E-04	+2.598262E-04	-2.598262E-04	-7.912887E-04	+7.912887E-04	+7.912887E-04	+0.000000E+00	-7.912887E-04	-7.912887E-04	+7.912887E-04	-6.849962E-04	+6.849962E-04	+6.849962E-04	+0.000000E+00	-6.849962E-04	-6.849962E-04	+6.849962E-04	+0.000000E+00	+0.000000E+00	+0.000000E+00	+0.000000E+00	+0.000000E+00	+0.000000E+00	+0.000000E+00	+6.849962E-04	-6.849962E-04	-6.849962E-04	+0.000000E+00	+6.849962E-04	+6.849962E-04	-6.849962E-04	+7.912887E-04	-7.912887E-04	-7.912887E-04	+0.000000E+00	+7.912887E-04	+7.912887E-04	-7.912887E-04	-2.598262E-04	+2.598262E-04	+2.598262E-04	+0.000000E+00	-2.598262E-04	-2.598262E-04	+2.598262E-04	+1.732174E-04	-1.732174E-04	-1.732174E-04	+0.000000E+00	+1.732174E-04	+1.732174E-04	-1.732174E-04	-5.275258E-04	+5.275258E-04	+5.275258E-04	+0.000000E+00	-5.275258E-04	-5.275258E-04	+5.275258E-04	-4.566641E-04	+4.566641E-04	+4.566641E-04	+0.000000E+00	-4.566641E-04	-4.566641E-04	+4.566641E-04	+0.000000E+00	+0.000000E+00	+0.000000E+00	+0.000000E+00	+0.000000E+00	+0.000000E+00	+0.000000E+00	+4.566641E-04	-4.566641E-04	-4.566641E-04	+0.000000E+00	+4.566641E-04	+4.566641E-04	-4.566641E-04	+5.275258E-04	-5.275258E-04	-5.275258E-04	+0.000000E+00	+5.275258E-04	+5.275258E-04	-5.275258E-04	-1.732174E-04	+1.732174E-04	+1.732174E-04	+0.000000E+00	-1.732174E-04	-1.732174E-04	+1.732174E-04	+8.660872E-05	-8.660872E-05	-8.660872E-05	+0.000000E+00	+8.660872E-05	+8.660872E-05	-8.660872E-05	-2.637629E-04	+2.637629E-04	+2.637629E-04	+0.000000E+00	-2.637629E-04	-2.637629E-04	+2.637629E-04	-2.283321E-04	+2.283321E-04	+2.283321E-04	+0.000000E+00	-2.283321E-04	-2.283321E-04	+2.283321E-04	+0.000000E+00	+0.000000E+00	+0.000000E+00	+0.000000E+00	+0.000000E+00	+0.000000E+00	+0.000000E+00	+2.283321E-04	-2.283321E-04	-2.283321E-04	+0.000000E+00	+2.283321E-04	+2.283321E-04	-2.283321E-04	+2.637629E-04	-2.637629E-04	-2.637629E-04	+0.000000E+00	+2.637629E-04	+2.637629E-04	-2.637629E-04	-8.660872E-05	+8.660872E-05	+8.660872E-05	+0.000000E+00	-8.660872E-05	-8.660872E-05	+8.660872E-05	+0.000000E+00	+0.000000E+00	+0.000000E+00	+0.000000E+00	+0.000000E+00	+0.000000E+00	+0.000000E+00	+0.000000E+00	+0.000000E+00	+0.000000E+00	+0.000000E+00	+0.000000E+00	+0.000000E+00	+0.000000E+00	+0.000000E+00	+0.000000E+00	+0.000000E+00	+0.000000E+00	+0.000000E+00	+0.000000E+00	+0.000000E+00	+0.000000E+00	+0.000000E+00	+0.000000E+00	+0.000000E+00
	A	+6.073858E-04	-9.110787E-04	-1.822157E-03	-2.125850E-03	-1.822157E-03	-9.110787E-04	+6.073858E-04	+0.000000E+00	+0.000000E+00	+0.000000E+00	+0.000000E+00	+0.000000E+00	+0.000000E+00	+0.000000E+00	-3.644315E-04	+5.466472E-04	+1.093294E-03	+1.275510E-03	+1.093294E-03	+5.466472E-04	-3.644315E-04	-4.859086E-04	+7.288630E-04	+1.457726E-03	+1.700680E-03	+1.457726E-03	+7.288630E-04	-4.859086E-04	-3.644315E-04	+5.466472E-04	+1.093294E-03	+1.275510E-03	+1.093294E-03	+5.466472E-04	-3.644315E-04	+0.000000E+00	+0.000000E+00	+0.000000E+00	+0.000000E+00	+0.000000E+00	+0.000000E+00	+0.000000E+00	+6.073858E-04	-9.110787E-04	-1.822157E-03	-2.125850E-03	-1.822157E-03	-9.110787E-04	+6.073858E-04	+4.049239E-04	-6.073858E-04	-1.214772E-03	-1.417234E-03	-1.214772E-03	-6.073858E-04	+4.049239E-04	+0.000000E+00	+0.000000E+00	+0.000000E+00	+0.000000E+00	+0.000000E+00	+0.000000E+00	+0.000000E+00	-2.429543E-04	+3.644315E-04	+7.288630E-04	+8.503401E-04	+7.288630E-04	+3.644315E-04	-2.429543E-04	-3.239391E-04	+4.859086E-04	+9.718173E-04	+1.133787E-03	+9.718173E-04	+4.859086E-04	-3.239391E-04	-2.429543E-04	+3.644315E-04	+7.288630E-04	+8.503401E-04	+7.288630E-04	+3.644315E-04	-2.429543E-04	+0.000000E+00	+0.000000E+00	+0.000000E+00	+0.000000E+00	+0.000000E+00	+0.000000E+00	+0.000000E+00	+4.049239E-04	-6.073858E-04	-1.214772E-03	-1.417234E-03	-1.214772E-03	-6.073858E-04	+4.049239E-04	+2.024619E-04	-3.036929E-04	-6.073858E-04	-7.086168E-04	-6.073858E-04	-3.036929E-04	+2.024619E-04	+0.000000E+00	+0.000000E+00	+0.000000E+00	+0.000000E+00	+0.000000E+00	+0.000000E+00	+0.000000E+00	-1.214772E-04	+1.822157E-04	+3.644315E-04	+4.251701E-04	+3.644315E-04	+1.822157E-04	-1.214772E-04	-1.619695E-04	+2.429543E-04	+4.859086E-04	+5.668934E-04	+4.859086E-04	+2.429543E-04	-1.619695E-04	-1.214772E-04	+1.822157E-04	+3.644315E-04	+4.251701E-04	+3.644315E-04	+1.822157E-04	-1.214772E-04	+0.000000E+00	+0.000000E+00	+0.000000E+00	+0.000000E+00	+0.000000E+00	+0.000000E+00	+0.000000E+00	+2.024619E-04	-3.036929E-04	-6.073858E-04	-7.086168E-04	-6.073858E-04	-3.036929E-04	+2.024619E-04	+0.000000E+00	+0.000000E+00	+0.000000E+00	+0.000000E+00	+0.000000E+00	+0.000000E+00	+0.000000E+00	+0.000000E+00	+0.000000E+00	+0.000000E+00	+0.000000E+00	+0.000000E+00	+0.000000E+00	+0.000000E+00	+0.000000E+00	+0.000000E+00	+0.000000E+00	+0.000000E+00	+0.000000E+00	+0.000000E+00	+0.000000E+00	+0.000000E+00	+0.000000E+00	+0.000000E+00	+0.000000E+00
	S	-5.567703E-04	+1.695619E-03	+1.467849E-03	+0.000000E+00	-1.467849E-03	-1.695619E-03	+5.567703E-04	+0.000000E+00	+0.000000E+00	+0.000000E+00	+0.000000E+00	+0.000000E+00	+0.000000E+00	+0.000000E+00	+3.340622E-04	-1.017371E-03	-8.807094E-04	+0.000000E+00	+8.807094E-04	+1.017371E-03	-3.340622E-04	+4.454163E-04	-1.356495E-03	-1.174279E-03	+0.000000E+00	+1.174279E-03	+1.356495E-03	-4.454163E-04	+3.340622E-04	-1.017371E-03	-8.807094E-04	+0.000000E+00	+8.807094E-04	+1.017371E-03	-3.340622E-04	+0.000000E+00	+0.000000E+00	+0.000000E+00	+0.000000E+00	+0.000000E+00	+0.000000E+00	+0.000000E+00	-5.567703E-04	+1.695619E-03	+1.467849E-03	+0.000000E+00	-1.467849E-03	-1.695619E-03	+5.567703E-04	-3.711802E-04	+1.130412E-03	+9.785660E-04	+0.000000E+00	-9.785660E-04	-1.130412E-03	+3.711802E-04	+0.000000E+00	+0.000000E+00	+0.000000E+00	+0.000000E+00	+0.000000E+00	+0.000000E+00	+0.000000E+00	+2.227081E-04	-6.782475E-04	-5.871396E-04	+0.000000E+00	+5.871396E-04	+6.782475E-04	-2.227081E-04	+2.969442E-04	-9.043300E-04	-7.828528E-04	+0.000000E+00	+7.828528E-04	+9.043300E-04	-2.969442E-04	+2.227081E-04	-6.782475E-04	-5.871396E-04	+0.000000E+00	+5.871396E-04	+6.782475E-04	-2.227081E-04	+0.000000E+00	+0.000000E+00	+0.000000E+00	+0.000000E+00	+0.000000E+00	+0.000000E+00	+0.000000E+00	-3.711802E-04	+1.130412E-03	+9.785660E-04	+0.000000E+00	-9.785660E-04	-1.130412E-03	+3.711802E-04	-1.855901E-04	+5.652062E-04	+4.892830E-04	+0.000000E+00	-4.892830E-04	-5.652062E-04	+1.855901E-04	+0.000000E+00	+0.000000E+00	+0.000000E+00	+0.000000E+00	+0.000000E+00	+0.000000E+00	+0.000000E+00	+1.113541E-04	-3.391237E-04	-2.935698E-04	+0.000000E+00	+2.935698E-04	+3.391237E-04	-1.113541E-04	+1.484721E-04	-4.521650E-04	-3.914264E-04	+0.000000E+00	+3.914264E-04	+4.521650E-04	-1.484721E-04	+1.113541E-04	-3.391237E-04	-2.935698E-04	+0.000000E+00	+2.935698E-04	+3.391237E-04	-1.113541E-04	+0.000000E+00	+0.000000E+00	+0.000000E+00	+0.000000E+00	+0.000000E+00	+0.000000E+00	+0.000000E+00	-1.855901E-04	+5.652062E-04	+4.892830E-04	+0.000000E+00	-4.892830E-04	-5.652062E-04	+1.855901E-04	+0.000000E+00	+0.000000E+00	+0.000000E+00	+0.000000E+00	+0.000000E+00	+0.000000E+00	+0.000000E+00	+0.000000E+00	+0.000000E+00	+0.000000E+00	+0.000000E+00	+0.000000E+00	+0.000000E+00	+0.000000E+00	+0.000000E+00	+0.000000E+00	+0.000000E+00	+0.000000E+00	+0.000000E+00	+0.000000E+00	+0.000000E+00	+0.000000E+00	+0.000000E+00	+0.000000E+00	+0.000000E+00
	A	-3.796161E-04	+0.000000E+00	+2.277697E-04	+3.036929E-04	+2.277697E-04	+0.000000E+00	-3.796161E-04	+0.000000E+00	+0.000000E+00	+0.000000E+00	+0.000000E+00	+0.000000E+00	+0.000000E+00	+0.000000E+00	+2.277697E-04	+0.000000E+00	-1.366618E-04	-1.822157E-04	-1.366618E-04	+0.000000E+00	+2.277697E-04	+3.036929E-04	+0.000000E+00	-1.822157E-04	-2.429543E-04	-1.822157E-04	+0.000000E+00	+3.036929E-04	+2.277697E-04	+0.000000E+00	-1.366618E-04	-1.822157E-04	-1.366618E-04	+0.000000E+00	+2.277697E-04	+0.000000E+00	+0.000000E+00	+0.000000E+00	+0.000000E+00	+0.000000E+00	+0.000000E+00	+0.000000E+00	-3.796161E-04	+0.000000E+00	+2.277697E-04	+3.036929E-04	+2.277697E-04	+0.000000E+00	-3.796161E-04	-2.530774E-04	+0.000000E+00	+1.518465E-04	+2.024619E-04	+1.518465E-04	+0.000000E+00	-2.530774E-04	+0.000000E+00	+0.000000E+00	+0.000000E+00	+0.000000E+00	+0.000000E+00	+0.000000E+00	+0.000000E+00	+1.518465E-04	+0.000000E+00	-9.110787E-05	-1.214772E-04	-9.110787E-05	+0.000000E+00	+1.518465E-04	+2.024619E-04	+0.000000E+00	-1.214772E-04	-1.619695E-04	-1.214772E-04	+0.000000E+00	+2.024619E-04	+1.518465E-04	+0.000000E+00	-9.110787E-05	-1.214772E-04	-9.110787E-05	+0.000000E+00	+1.518465E-04	+0.000000E+00	+0.000000E+00	+0.000000E+00	+0.000000E+00	+0.000000E+00	+0.000000E+00	+0.000000E+00	-2.530774E-04	+0.000000E+00	+1.518465E-04	+2.024619E-04	+1.518465E-04	+0.000000E+00	-2.530774E-04	-1.265387E-04	+0.000000E+00	+7.592323E-05	+1.012310E-04	+7.592323E-05	+0.000000E+00	-1.265387E-04	+0.000000E+00	+0.000000E+00	+0.000000E+00	+0.000000E+00	+0.000000E+00	+0.000000E+00	+0.000000E+00	+7.592323E-05	+0.000000E+00	-4.555394E-05	-6.073858E-05	-4.555394E-05	+0.000000E+00	+7.592323E-05	+1.012310E-04	+0.000000E+00	-6.073858E-05	-8.098477E-05	-6.073858E-05	+0.000000E+00	+1.012310E-04	+7.592323E-05	+0.000000E+00	-4.555394E-05	-6.073858E-05	-4.555394E-05	+0.000000E+00	+7.592323E-05	+0.000000E+00	+0.000000E+00	+0.000000E+00	+0.000000E+00	+0.000000E+00	+0.000000E+00	+0.000000E+00	-1.265387E-04	+0.000000E+00	+7.592323E-05	+1.012310E-04	+7.592323E-05	+0.000000E+00	-1.265387E-04	+0.000000E+00	+0.000000E+00	+0.000000E+00	+0.000000E+00	+0.000000E+00	+0.000000E+00	+0.000000E+00	+0.000000E+00	+0.000000E+00	+0.000000E+00	+0.000000E+00	+0.000000E+00	+0.000000E+00	+0.000000E+00	+0.000000E+00	+0.000000E+00	+0.000000E+00	+0.000000E+00	+0.000000E+00	+0.000000E+00	+0.000000E+00	+0.000000E+00	+0.000000E+00	+0.000000E+00	+0.000000E+00
	S	+1.771542E-04	-1.771542E-04	-1.771542E-04	+0.000000E+00	+1.771542E-04	+1.771542E-04	-1.771542E-04	+0.000000E+00	+0.000000E+00	+0.000000E+00	+0.000000E+00	+0.000000E+00	+0.000000E+00	+0.000000E+00	-1.062925E-04	+1.062925E-04	+1.062925E-04	+0.000000E+00	-1.062925E-04	-1.062925E-04	+1.062925E-04	-1.417234E-04	+1.417234E-04	+1.417234E-04	+0.000000E+00	-1.417234E-04	-1.417234E-04	+1.417234E-04	-1.062925E-04	+1.062925E-04	+1.062925E-04	+0.000000E+00	-1.062925E-04	-1.062925E-04	+1.062925E-04	+0.000000E+00	+0.000000E+00	+0.000000E+00	+0.000000E+00	+0.000000E+00	+0.000000E+00	+0.000000E+00	+1.771542E-04	-1.771542E-04	-1.771542E-04	+0.000000E+00	+1.771542E-04	+1.771542E-04	-1.771542E-04	+1.181028E-04	-1.181028E-04	-1.181028E-04	+0.000000E+00	+1.181028E-04	+1.181028E-04	-1.181028E-04	+0.000000E+00	+0.000000E+00	+0.000000E+00	+0.000000E+00	+0.000000E+00	+0.000000E+00	+0.000000E+00	-7.086168E-05	+7.086168E-05	+7.086168E-05	+0.000000E+00	-7.086168E-05	-7.086168E-05	+7.086168E-05	-9.448224E-05	+9.448224E-05	+9.448224E-05	+0.000000E+00	-9.448224E-05	-9.448224E-05	+9.448224E-05	-7.086168E-05	+7.086168E-05	+7.086168E-05	+0.000000E+00	-7.086168E-05	-7.086168E-05	+7.086168E-05	+0.000000E+00	+0.000000E+00	+0.000000E+00	+0.000000E+00	+0.000000E+00	+0.000000E+00	+0.000000E+00	+1.181028E-04	-1.181028E-04	-1.181028E-04	+0.000000E+00	+1.181028E-04	+1.181028E-04	-1.181028E-04	+5.905140E-05	-5.905140E-05	-5.905140E-05	+0.000000E+00	+5.905140E-05	+5.905140E-05	-5.905140E-05	+0.000000E+00	+0.000000E+00	+0.000000E+00	+0.000000E+00	+0.000000E+00	+0.000000E+00	+0.000000E+00	-3.543084E-05	+3.543084E-05	+3.543084E-05	+0.000000E+00	-3.543084E-05	-3.543084E-05	+3.543084E-05	-4.724112E-05	+4.724112E-05	+4.724112E-05	+0.000000E+00	-4.724112E-05	-4.724112E-05	+4.724112E-05	-3.543084E-05	+3.543084E-05	+3.543084E-05	+0.000000E+00	-3.543084E-05	-3.543084E-05	+3.543084E-05	+0.000000E+00	+0.000000E+00	+0.000000E+00	+0.000000E+00	+0.000000E+00	+0.000000E+00	+0.000000E+00	+5.905140E-05	-5.905140E-05	-5.905140E-05	+0.000000E+00	+5.905140E-05	+5.905140E-05	-5.905140E-05	+0.000000E+00	+0.000000E+00	+0.000000E+00	+0.000000E+00	+0.000000E+00	+0.000000E+00	+0.000000E+00	+0.000000E+00	+0.000000E+00	+0.000000E+00	+0.000000E+00	+0.000000E+00	+0.000000E+00	+0.000000E+00	+0.000000E+00	+0.000000E+00	+0.000000E+00	+0.000000E+00	+0.000000E+00	+0.000000E+00	+0.000000E+00	+0.000000E+00	+0.000000E+00	+0.000000E+00	+0.000000E+00
	S	-2.834467E-04	+4.251701E-04	+8.503401E-04	+9.920635E-04	+8.503401E-04	+4.251701E-04	-2.834467E-04	+2.834467E-04	-4.251701E-04	-8.503401E-04	-9.920635E-04	-8.503401E-04	-4.251701E-04	+2.834467E-04	+2.834467E-04	-4.251701E-04	-8.503401E-04	-9.920635E-04	-8.503401E-04	-4.251701E-04	+2.834467E-04	+0.000000E+00	+0.000000E+00	+0.000000E+00	+0.000000E+00	+0.000000E+00	+0.000000E+00	+0.000000E+00	-2.834467E-04	+4.251701E-04	+8.503401E-04	+9.920635E-04	+8.503401E-04	+4.251701E-04	-2.834467E-04	-2.834467E-04	+4.251701E-04	+8.503401E-04	+9.920635E-04	+8.503401E-04	+4.251701E-04	-2.834467E-04	+2.834467E-04	-4.251701E-04	-8.503401E-04	-9.920635E-04	-8.503401E-04	-4.251701E-04	+2.834467E-04	-1.889645E-04	+2.834467E-04	+5.668934E-04	+6.613757E-04	+5.668934E-04	+2.834467E-04	-1.889645E-04	+1.889645E-04	-2.834467E-04	-5.668934E-04	-6.613757E-04	-5.668934E-04	-2.834467E-04	+1.889645E-04	+1.889645E-04	-2.834467E-04	-5.668934E-04	-6.613757E-04	-5.668934E-04	-2.834467E-04	+1.889645E-04	+0.000000E+00	+0.000000E+00	+0.000000E+00	+0.000000E+00	+0.000000E+00	+0.000000E+00	+0.000000E+00	-1.889645E-04	+2.834467E-04	+5.668934E-04	+6.613757E-04	+5.668934E-04	+2.834467E-04	-1.889645E-04	-1.889645E-04	+2.834467E-04	+5.668934E-04	+6.613757E-04	+5.668934E-04	+2.834467E-04	-1.889645E-04	+1.889645E-04	-2.834467E-04	-5.668934E-04	-6.613757E-04	-5.668934E-04	-2.834467E-04	+1.889645E-04	-9.448224E-05	+1.417234E-04	+2.834467E-04	+3.306878E-04	+2.834467E-04	+1.417234E-04	-9.448224E-05	+9.448224E-05	-1.417234E-04	-2.834467E-04	-3.306878E-04	-2.834467E-04	-1.417234E-04	+9.448224E-05	+9.448224E-05	-1.417234E-04	-2.834467E-04	-3.306878E-04	-2.834467E-04	-1.417234E-04	+9.448224E-05	+0.000000E+00	+0.000000E+00	+0.000000E+00	+0.000000E+00	+0.000000E+00	+0.000000E+00	+0.000000E+00	-9.448224E-05	+1.417234E-04	+2.834467E-04	+3.306878E-04	+2.834467E-04	+1.417234E-04	-9.448224E-05	-9.448224E-05	+1.417234E-04	+2.834467E-04	+3.306878E-04	+2.834467E-04	+1.417234E-04	-9.448224E-05	+9.448224E-05	-1.417234E-04	-2.834467E-04	-3.306878E-04	-2.834467E-04	-1.417234E-04	+9.448224E-05	+0.000000E+00	+0.000000E+00	+0.000000E+00	+0.000000E+00	+0.000000E+00	+0.000000E+00	+0.000000E+00	+0.000000E+00	+0.000000E+00	+0.000000E+00	+0.000000E+00	+0.000000E+00	+0.000000E+00	+0.000000E+00	+0.000000E+00	+0.000000E+00	+0.000000E+00	+0.000000E+00	+0.000000E+00	+0.000000E+00	+0.000000E+00	+0.000000E+00	+0.000000E+00	+0.000000E+00	+0.000000E+00
	A	+2.598262E-04	-7.912887E-04	-6.849962E-04	+0.000000E+00	+6.849962E-04	+7.912887E-04	-2.598262E-04	-2.598262E-04	+7.912887E-04	+6.849962E-04	+0.000000E+00	-6.849962E-04	-7.912887E-04	+2.598262E-04	-2.598262E-04	+7.912887E-04	+6.849962E-04	+0.000000E+00	-6.849962E-04	-7.912887E-04	+2.598262E-04	+0.000000E+00	+0.000000E+00	+0.000000E+00	+0.000000E+00	+0.000000E+00	+0.000000E+00	+0.000000E+00	+2.598262E-04	-7.912887E-04	-6.849962E-04	+0.000000E+00	+6.849962E-04	+7.912887E-04	-2.598262E-04	+2.598262E-04	-7.912887E-04	-6.849962E-04	+0.000000E+00	+6.849962E-04	+7.912887E-04	-2.598262E-04	-2.598262E-04	+7.912887E-04	+6.849962E-04	+0.000000E+00	-6.849962E-04	-7.912887E-04	+2.598262E-04	+1.732174E-04	-5.275258E-04	-4.566641E-04	+0.000000E+00	+4.566641E-04	+5.275258E-04	-1.732174E-04	-1.732174E-04	+5.275258E-04	+4.566641E-04	+0.000000E+00	-4.566641E-04	-5.275258E-04	+1.732174E-04	-1.732174E-04	+5.275258E-04	+4.566641E-04	+0.000000E+00	-4.566641E-04	-5.275258E-04	+1.732174E-04	+0.000000E+00	+0.000000E+00	+0.000000E+00	+0.000000E+00	+0.000000E+00	+0.000000E+00	+0.000000E+00	+1.732174E-04	-5.275258E-04	-4.566641E-04	+0.000000E+00	+4.566641E-04	+5.275258E-04	-1.732174E-04	+1.732174E-04	-5.275258E-04	-4.566641E-04	+0.000000E+00	+4.566641E-04	+5.275258E-04	-1.732174E-04	-1.732174E-04	+5.275258E-04	+4.566641E-04	+0.000000E+00	-4.566641E-04	-5.275258E-04	+1.732174E-04	+8.660872E-05	-2.637629E-04	-2.283321E-04	+0.000000E+00	+2.283321E-04	+2.637629E-04	-8.660872E-05	-8.660872E-05	+2.637629E-04	+2.283321E-04	+0.000000E+00	-2.283321E-04	-2.637629E-04	+8.660872E-05	-8.660872E-05	+2.637629E-04	+2.283321E-04	+0.000000E+00	-2.283321E-04	-2.637629E-04	+8.660872E-05	+0.000000E+00	+0.000000E+00	+0.000000E+00	+0.000000E+00	+0.000000E+00	+0.000000E+00	+0.000000E+00	+8.660872E-05	-2.637629E-04	-2.283321E-04	+0.000000E+00	+2.283321E-04	+2.637629E-04	-8.660872E-05	+8.660872E-05	-2.637629E-04	-2.283321E-04	+0.000000E+00	+2.283321E-04	+2.637629E-04	-8.660872E-05	-8.660872E-05	+2.637629E-04	+2.283321E-04	+0.000000E+00	-2.283321E-04	-2.637629E-04	+8.660872E-05	+0.000000E+00	+0.000000E+00	+0.000000E+00	+0.000000E+00	+0.000000E+00	+0.000000E+00	+0.000000E+00	+0.000000E+00	+0.000000E+00	+0.000000E+00	+0.000000E+00	+0.000000E+00	+0.000000E+00	+0.000000E+00	+0.000000E+00	+0.000000E+00	+0.000000E+00	+0.000000E+00	+0.000000E+00	+0.000000E+00	+0.000000E+00	+0.000000E+00	+0.000000E+00	+0.000000E+00	+0.000000E+00
	S	+1.771542E-04	+0.000000E+00	-1.062925E-04	-1.417234E-04	-1.062925E-04	+0.000000E+00	+1.771542E-04	-1.771542E-04	+0.000000E+00	+1.062925E-04	+1.417234E-04	+1.062925E-04	+0.000000E+00	-1.771542E-04	-1.771542E-04	+0.000000E+00	+1.062925E-04	+1.417234E-04	+1.062925E-04	+0.000000E+00	-1.771542E-04	+0.000000E+00	+0.000000E+00	+0.000000E+00	+0.000000E+00	+0.000000E+00	+0.000000E+00	+0.000000E+00	+1.771542E-04	+0.000000E+00	-1.062925E-04	-1.417234E-04	-1.062925E-04	+0.000000E+00	+1.771542E-04	+1.771542E-04	+0.000000E+00	-1.062925E-04	-1.417234E-04	-1.062925E-04	+0.000000E+00	+1.771542E-04	-1.771542E-04	+0.000000E+00	+1.062925E-04	+1.417234E-04	+1.062925E-04	+0.000000E+00	-1.771542E-04	+1.181028E-04	+0.000000E+00	-7.086168E-05	-9.448224E-05	-7.086168E-05	+0.000000E+00	+1.181028E-04	-1.181028E-04	+0.000000E+00	+7.086168E-05	+9.448224E-05	+7.086168E-05	+0.000000E+00	-1.181028E-04	-1.181028E-04	+0.000000E+00	+7.086168E-05	+9.448224E-05	+7.086168E-05	+0.000000E+00	-1.181028E-04	+0.000000E+00	+0.000000E+00	+0.000000E+00	+0.000000E+00	+0.000000E+00	+0.000000E+00	+0.000000E+00	+1.181028E-04	+0.000000E+00	-7.086168E-05	-9.448224E-05	-7.086168E-05	+0.000000E+00	+1.181028E-04	+1.181028E-04	+0.000000E+00	-7.086168E-05	-9.448224E-05	-7.086168E-05	+0.000000E+00	+1.181028E-04	-1.181028E-04	+0.000000E+00	+7.086168E-05	+9.448224E-05	+7.086168E-05	+0.000000E+00	-1.181028E-04	+5.905140E-05	+0.000000E+00	-3.543084E-05	-4.724112E-05	-3.543084E-05	+0.000000E+00	+5.905140E-05	-5.905140E-05	+0.000000E+00	+3.543084E-05	+4.724112E-05	+3.543084E-05	+0.000000E+00	-5.905140E-05	-5.905140E-05	+0.000000E+00	+3.543084E-05	+4.724112E-05	+3.543084E-05	+0.000000E+00	-5.905140E-05	+0.000000E+00	+0.000000E+00	+0.000000E+00	+0.000000E+00	+0.000000E+00	+0.000000E+00	+0.000000E+00	+5.905140E-05	+0.000000E+00	-3.543084E-05	-4.724112E-05	-3.543084E-05	+0.000000E+00	+5.905140E-05	+5.905140E-05	+0.000000E+00	-3.543084E-05	-4.724112E-05	-3.543084E-05	+0.000000E+00	+5.905140E-05	-5.905140E-05	+0.000000E+00	+3.543084E-05	+4.724112E-05	+3.543084E-05	+0.000000E+00	-5.905140E-05	+0.000000E+00	+0.000000E+00	+0.000000E+00	+0.000000E+00	+0.000000E+00	+0.000000E+00	+0.000000E+00	+0.000000E+00	+0.000000E+00	+0.000000E+00	+0.000000E+00	+0.000000E+00	+0.000000E+00	+0.000000E+00	+0.000000E+00	+0.000000E+00	+0.000000E+00	+0.000000E+00	+0.000000E+00	+0.000000E+00	+0.000000E+00	+0.000000E+00	+0.000000E+00	+0.000000E+00	+0.000000E+00
	A	-8.267196E-05	+8.267196E-05	+8.267196E-05	+0.000000E+00	-8.267196E-05	-8.267196E-05	+8.267196E-05	+8.267196E-05	-8.267196E-05	-8.267196E-05	+0.000000E+00	+8.267196E-05	+8.267196E-05	-8.267196E-05	+8.267196E-05	-8.267196E-05	-8.267196E-05	+0.000000E+00	+8.267196E-05	+8.267196E-05	-8.267196E-05	+0.000000E+00	+0.000000E+00	+0.000000E+00	+0.000000E+00	+0.000000E+00	+0.000000E+00	+0.000000E+00	-8.267196E-05	+8.267196E-05	+8.267196E-05	+0.000000E+00	-8.267196E-05	-8.267196E-05	+8.267196E-05	-8.267196E-05	+8.267196E-05	+8.267196E-05	+0.000000E+00	-8.267196E-05	-8.267196E-05	+8.267196E-05	+8.267196E-05	-8.267196E-05	-8.267196E-05	+0.000000E+00	+8.267196E-05	+8.267196E-05	-8.267196E-05	-5.511464E-05	+5.511464E-05	+5.511464E-05	+0.000000E+00	-5.511464E-05	-5.511464E-05	+5.511464E-05	+5.511464E-05	-5.511464E-05	-5.511464E-05	+0.000000E+00	+5.511464E-05	+5.511464E-05	-5.511464E-05	+5.511464E-05	-5.511464E-05	-5.511464E-05	+0.000000E+00	+5.511464E-05	+5.511464E-05	-5.511464E-05	+0.000000E+00	+0.000000E+00	+0.000000E+00	+0.000000E+00	+0.000000E+00	+0.000000E+00	+0.000000E+00	-5.511464E-05	+5.511464E-05	+5.511464E-05	+0.000000E+00	-5.511464E-05	-5.511464E-05	+5.511464E-05	-5.511464E-05	+5.511464E-05	+5.511464E-05	+0.000000E+00	-5.511464E-05	-5.511464E-05	+5.511464E-05	+5.511464E-05	-5.511464E-05	-5.511464E-05	+0.000000E+00	+5.511464E-05	+5.511464E-05	-5.511464E-05	-2.755732E-05	+2.755732E-05	+2.755732E-05	+0.000000E+00	-2.755732E-05	-2.755732E-05	+2.755732E-05	+2.755732E-05	-2.755732E-05	-2.755732E-05	+0.000000E+00	+2.755732E-05	+2.755732E-05	-2.755732E-05	+2.755732E-05	-2.755732E-05	-2.755732E-05	+0.000000E+00	+2.755732E-05	+2.755732E-05	-2.755732E-05	+0.000000E+00	+0.000000E+00	+0.000000E+00	+0.000000E+00	+0.000000E+00	+0.000000E+00	+0.000000E+00	-2.755732E-05	+2.755732E-05	+2.755732E-05	+0.000000E+00	-2.755732E-05	-2.755732E-05	+2.755732E-05	-2.755732E-05	+2.755732E-05	+2.755732E-05	+0.000000E+00	-2.755732E-05	-2.755732E-05	+2.755732E-05	+2.755732E-05	-2.755732E-05	-2.755732E-05	+0.000000E+00	+2.755732E-05	+2.755732E-05	-2.755732E-05	+0.000000E+00	+0.000000E+00	+0.000000E+00	+0.000000E+00	+0.000000E+00	+0.000000E+00	+0.000000E+00	+0.000000E+00	+0.000000E+00	+0.000000E+00	+0.000000E+00	+0.000000E+00	+0.000000E+00	+0.000000E+00	+0.000000E+00	+0.000000E+00	+0.000000E+00	+0.000000E+00	+0.000000E+00	+0.000000E+00	+0.000000E+00	+0.000000E+00	+0.000000E+00	+0.000000E+00	+0.000000E+00
# Matrix ends.
#
#
# ---------------------------------- LICENSE NOTICE -----------------------------------
# THIS DATA IS RELEASED UNDER THE CREATIVE COMMONS LICENSE "CC BY-NC-SA 4.0".
#   This license lets you remix, tweak, and build upon this work non-commercially,
#   as long as you credit me and license your new creations under the terms identical
#   to the current license.
# SEE "https://creativecommons.org/licenses/by-nc-sa/4.0" FOR DETAILS.
#
# RELEASED BY: Chandra Shekhar
#      E-mail: chandraiitk[AT]yahoo[DOT]co[DOT]in
#    Homepage: https://sites.google.com/site/chandraacads
# FOR ANY QUESTION OR COMMENT, OR FOR A COMMERCIAL LICENSE, PLEASE EMAIL ME.
#
# For additional details, please visit my homepage.
#
# ==================================== End of File ====================================
