# ================================== Start of File ====================================
# Spatial dimensions = 3
# Kernel size = 11x11x11
# Polynomial order = 1x1x1
# Size of the convolution coefficient matrix = 8x1331
#
# Column# 1:
#    S/A => The left and the right halves of the row are symmetric(S)/anti-symmetric(A) about the middle column.
#           If symmetric elements on the right half, their signs are same as the corresponding elements on the left side.
#           If anti-symmetric elements, the signs are opposite.
# Column# 2~666 = the left-half columns of the row.
# Column# 667 = the middle column of the row.
# Column# 668~1332, which are the right-half columns, are not stored, because they are symmetric/anti-symmetric
#           of the elements in the column# 666~2, respectively.
# Matrix starts:
	S	+7.513148E-04	+7.513148E-04	+7.513148E-04	+7.513148E-04	+7.513148E-04	+7.513148E-04	+7.513148E-04	+7.513148E-04	+7.513148E-04	+7.513148E-04	+7.513148E-04	+7.513148E-04	+7.513148E-04	+7.513148E-04	+7.513148E-04	+7.513148E-04	+7.513148E-04	+7.513148E-04	+7.513148E-04	+7.513148E-04	+7.513148E-04	+7.513148E-04	+7.513148E-04	+7.513148E-04	+7.513148E-04	+7.513148E-04	+7.513148E-04	+7.513148E-04	+7.513148E-04	+7.513148E-04	+7.513148E-04	+7.513148E-04	+7.513148E-04	+7.513148E-04	+7.513148E-04	+7.513148E-04	+7.513148E-04	+7.513148E-04	+7.513148E-04	+7.513148E-04	+7.513148E-04	+7.513148E-04	+7.513148E-04	+7.513148E-04	+7.513148E-04	+7.513148E-04	+7.513148E-04	+7.513148E-04	+7.513148E-04	+7.513148E-04	+7.513148E-04	+7.513148E-04	+7.513148E-04	+7.513148E-04	+7.513148E-04	+7.513148E-04	+7.513148E-04	+7.513148E-04	+7.513148E-04	+7.513148E-04	+7.513148E-04	+7.513148E-04	+7.513148E-04	+7.513148E-04	+7.513148E-04	+7.513148E-04	+7.513148E-04	+7.513148E-04	+7.513148E-04	+7.513148E-04	+7.513148E-04	+7.513148E-04	+7.513148E-04	+7.513148E-04	+7.513148E-04	+7.513148E-04	+7.513148E-04	+7.513148E-04	+7.513148E-04	+7.513148E-04	+7.513148E-04	+7.513148E-04	+7.513148E-04	+7.513148E-04	+7.513148E-04	+7.513148E-04	+7.513148E-04	+7.513148E-04	+7.513148E-04	+7.513148E-04	+7.513148E-04	+7.513148E-04	+7.513148E-04	+7.513148E-04	+7.513148E-04	+7.513148E-04	+7.513148E-04	+7.513148E-04	+7.513148E-04	+7.513148E-04	+7.513148E-04	+7.513148E-04	+7.513148E-04	+7.513148E-04	+7.513148E-04	+7.513148E-04	+7.513148E-04	+7.513148E-04	+7.513148E-04	+7.513148E-04	+7.513148E-04	+7.513148E-04	+7.513148E-04	+7.513148E-04	+7.513148E-04	+7.513148E-04	+7.513148E-04	+7.513148E-04	+7.513148E-04	+7.513148E-04	+7.513148E-04	+7.513148E-04	+7.513148E-04	+7.513148E-04	+7.513148E-04	+7.513148E-04	+7.513148E-04	+7.513148E-04	+7.513148E-04	+7.513148E-04	+7.513148E-04	+7.513148E-04	+7.513148E-04	+7.513148E-04	+7.513148E-04	+7.513148E-04	+7.513148E-04	+7.513148E-04	+7.513148E-04	+7.513148E-04	+7.513148E-04	+7.513148E-04	+7.513148E-04	+7.513148E-04	+7.513148E-04	+7.513148E-04	+7.513148E-04	+7.513148E-04	+7.513148E-04	+7.513148E-04	+7.513148E-04	+7.513148E-04	+7.513148E-04	+7.513148E-04	+7.513148E-04	+7.513148E-04	+7.513148E-04	+7.513148E-04	+7.513148E-04	+7.513148E-04	+7.513148E-04	+7.513148E-04	+7.513148E-04	+7.513148E-04	+7.513148E-04	+7.513148E-04	+7.513148E-04	+7.513148E-04	+7.513148E-04	+7.513148E-04	+7.513148E-04	+7.513148E-04	+7.513148E-04	+7.513148E-04	+7.513148E-04	+7.513148E-04	+7.513148E-04	+7.513148E-04	+7.513148E-04	+7.513148E-04	+7.513148E-04	+7.513148E-04	+7.513148E-04	+7.513148E-04	+7.513148E-04	+7.513148E-04	+7.513148E-04	+7.513148E-04	+7.513148E-04	+7.513148E-04	+7.513148E-04	+7.513148E-04	+7.513148E-04	+7.513148E-04	+7.513148E-04	+7.513148E-04	+7.513148E-04	+7.513148E-04	+7.513148E-04	+7.513148E-04	+7.513148E-04	+7.513148E-04	+7.513148E-04	+7.513148E-04	+7.513148E-04	+7.513148E-04	+7.513148E-04	+7.513148E-04	+7.513148E-04	+7.513148E-04	+7.513148E-04	+7.513148E-04	+7.513148E-04	+7.513148E-04	+7.513148E-04	+7.513148E-04	+7.513148E-04	+7.513148E-04	+7.513148E-04	+7.513148E-04	+7.513148E-04	+7.513148E-04	+7.513148E-04	+7.513148E-04	+7.513148E-04	+7.513148E-04	+7.513148E-04	+7.513148E-04	+7.513148E-04	+7.513148E-04	+7.513148E-04	+7.513148E-04	+7.513148E-04	+7.513148E-04	+7.513148E-04	+7.513148E-04	+7.513148E-04	+7.513148E-04	+7.513148E-04	+7.513148E-04	+7.513148E-04	+7.513148E-04	+7.513148E-04	+7.513148E-04	+7.513148E-04	+7.513148E-04	+7.513148E-04	+7.513148E-04	+7.513148E-04	+7.513148E-04	+7.513148E-04	+7.513148E-04	+7.513148E-04	+7.513148E-04	+7.513148E-04	+7.513148E-04	+7.513148E-04	+7.513148E-04	+7.513148E-04	+7.513148E-04	+7.513148E-04	+7.513148E-04	+7.513148E-04	+7.513148E-04	+7.513148E-04	+7.513148E-04	+7.513148E-04	+7.513148E-04	+7.513148E-04	+7.513148E-04	+7.513148E-04	+7.513148E-04	+7.513148E-04	+7.513148E-04	+7.513148E-04	+7.513148E-04	+7.513148E-04	+7.513148E-04	+7.513148E-04	+7.513148E-04	+7.513148E-04	+7.513148E-04	+7.513148E-04	+7.513148E-04	+7.513148E-04	+7.513148E-04	+7.513148E-04	+7.513148E-04	+7.513148E-04	+7.513148E-04	+7.513148E-04	+7.513148E-04	+7.513148E-04	+7.513148E-04	+7.513148E-04	+7.513148E-04	+7.513148E-04	+7.513148E-04	+7.513148E-04	+7.513148E-04	+7.513148E-04	+7.513148E-04	+7.513148E-04	+7.513148E-04	+7.513148E-04	+7.513148E-04	+7.513148E-04	+7.513148E-04	+7.513148E-04	+7.513148E-04	+7.513148E-04	+7.513148E-04	+7.513148E-04	+7.513148E-04	+7.513148E-04	+7.513148E-04	+7.513148E-04	+7.513148E-04	+7.513148E-04	+7.513148E-04	+7.513148E-04	+7.513148E-04	+7.513148E-04	+7.513148E-04	+7.513148E-04	+7.513148E-04	+7.513148E-04	+7.513148E-04	+7.513148E-04	+7.513148E-04	+7.513148E-04	+7.513148E-04	+7.513148E-04	+7.513148E-04	+7.513148E-04	+7.513148E-04	+7.513148E-04	+7.513148E-04	+7.513148E-04	+7.513148E-04	+7.513148E-04	+7.513148E-04	+7.513148E-04	+7.513148E-04	+7.513148E-04	+7.513148E-04	+7.513148E-04	+7.513148E-04	+7.513148E-04	+7.513148E-04	+7.513148E-04	+7.513148E-04	+7.513148E-04	+7.513148E-04	+7.513148E-04	+7.513148E-04	+7.513148E-04	+7.513148E-04	+7.513148E-04	+7.513148E-04	+7.513148E-04	+7.513148E-04	+7.513148E-04	+7.513148E-04	+7.513148E-04	+7.513148E-04	+7.513148E-04	+7.513148E-04	+7.513148E-04	+7.513148E-04	+7.513148E-04	+7.513148E-04	+7.513148E-04	+7.513148E-04	+7.513148E-04	+7.513148E-04	+7.513148E-04	+7.513148E-04	+7.513148E-04	+7.513148E-04	+7.513148E-04	+7.513148E-04	+7.513148E-04	+7.513148E-04	+7.513148E-04	+7.513148E-04	+7.513148E-04	+7.513148E-04	+7.513148E-04	+7.513148E-04	+7.513148E-04	+7.513148E-04	+7.513148E-04	+7.513148E-04	+7.513148E-04	+7.513148E-04	+7.513148E-04	+7.513148E-04	+7.513148E-04	+7.513148E-04	+7.513148E-04	+7.513148E-04	+7.513148E-04	+7.513148E-04	+7.513148E-04	+7.513148E-04	+7.513148E-04	+7.513148E-04	+7.513148E-04	+7.513148E-04	+7.513148E-04	+7.513148E-04	+7.513148E-04	+7.513148E-04	+7.513148E-04	+7.513148E-04	+7.513148E-04	+7.513148E-04	+7.513148E-04	+7.513148E-04	+7.513148E-04	+7.513148E-04	+7.513148E-04	+7.513148E-04	+7.513148E-04	+7.513148E-04	+7.513148E-04	+7.513148E-04	+7.513148E-04	+7.513148E-04	+7.513148E-04	+7.513148E-04	+7.513148E-04	+7.513148E-04	+7.513148E-04	+7.513148E-04	+7.513148E-04	+7.513148E-04	+7.513148E-04	+7.513148E-04	+7.513148E-04	+7.513148E-04	+7.513148E-04	+7.513148E-04	+7.513148E-04	+7.513148E-04	+7.513148E-04	+7.513148E-04	+7.513148E-04	+7.513148E-04	+7.513148E-04	+7.513148E-04	+7.513148E-04	+7.513148E-04	+7.513148E-04	+7.513148E-04	+7.513148E-04	+7.513148E-04	+7.513148E-04	+7.513148E-04	+7.513148E-04	+7.513148E-04	+7.513148E-04	+7.513148E-04	+7.513148E-04	+7.513148E-04	+7.513148E-04	+7.513148E-04	+7.513148E-04	+7.513148E-04	+7.513148E-04	+7.513148E-04	+7.513148E-04	+7.513148E-04	+7.513148E-04	+7.513148E-04	+7.513148E-04	+7.513148E-04	+7.513148E-04	+7.513148E-04	+7.513148E-04	+7.513148E-04	+7.513148E-04	+7.513148E-04	+7.513148E-04	+7.513148E-04	+7.513148E-04	+7.513148E-04	+7.513148E-04	+7.513148E-04	+7.513148E-04	+7.513148E-04	+7.513148E-04	+7.513148E-04	+7.513148E-04	+7.513148E-04	+7.513148E-04	+7.513148E-04	+7.513148E-04	+7.513148E-04	+7.513148E-04	+7.513148E-04	+7.513148E-04	+7.513148E-04	+7.513148E-04	+7.513148E-04	+7.513148E-04	+7.513148E-04	+7.513148E-04	+7.513148E-04	+7.513148E-04	+7.513148E-04	+7.513148E-04	+7.513148E-04	+7.513148E-04	+7.513148E-04	+7.513148E-04	+7.513148E-04	+7.513148E-04	+7.513148E-04	+7.513148E-04	+7.513148E-04	+7.513148E-04	+7.513148E-04	+7.513148E-04	+7.513148E-04	+7.513148E-04	+7.513148E-04	+7.513148E-04	+7.513148E-04	+7.513148E-04	+7.513148E-04	+7.513148E-04	+7.513148E-04	+7.513148E-04	+7.513148E-04	+7.513148E-04	+7.513148E-04	+7.513148E-04	+7.513148E-04	+7.513148E-04	+7.513148E-04	+7.513148E-04	+7.513148E-04	+7.513148E-04	+7.513148E-04	+7.513148E-04	+7.513148E-04	+7.513148E-04	+7.513148E-04	+7.513148E-04	+7.513148E-04	+7.513148E-04	+7.513148E-04	+7.513148E-04	+7.513148E-04	+7.513148E-04	+7.513148E-04	+7.513148E-04	+7.513148E-04	+7.513148E-04	+7.513148E-04	+7.513148E-04	+7.513148E-04	+7.513148E-04	+7.513148E-04	+7.513148E-04	+7.513148E-04	+7.513148E-04	+7.513148E-04	+7.513148E-04	+7.513148E-04	+7.513148E-04	+7.513148E-04	+7.513148E-04	+7.513148E-04	+7.513148E-04	+7.513148E-04	+7.513148E-04	+7.513148E-04	+7.513148E-04	+7.513148E-04	+7.513148E-04	+7.513148E-04	+7.513148E-04	+7.513148E-04	+7.513148E-04	+7.513148E-04	+7.513148E-04	+7.513148E-04	+7.513148E-04	+7.513148E-04	+7.513148E-04	+7.513148E-04	+7.513148E-04	+7.513148E-04	+7.513148E-04	+7.513148E-04	+7.513148E-04	+7.513148E-04	+7.513148E-04	+7.513148E-04	+7.513148E-04	+7.513148E-04	+7.513148E-04	+7.513148E-04	+7.513148E-04	+7.513148E-04	+7.513148E-04	+7.513148E-04	+7.513148E-04	+7.513148E-04	+7.513148E-04	+7.513148E-04	+7.513148E-04	+7.513148E-04	+7.513148E-04	+7.513148E-04	+7.513148E-04	+7.513148E-04	+7.513148E-04	+7.513148E-04	+7.513148E-04	+7.513148E-04	+7.513148E-04	+7.513148E-04	+7.513148E-04	+7.513148E-04	+7.513148E-04	+7.513148E-04	+7.513148E-04	+7.513148E-04	+7.513148E-04	+7.513148E-04	+7.513148E-04	+7.513148E-04	+7.513148E-04	+7.513148E-04	+7.513148E-04	+7.513148E-04	+7.513148E-04	+7.513148E-04	+7.513148E-04	+7.513148E-04	+7.513148E-04	+7.513148E-04	+7.513148E-04	+7.513148E-04	+7.513148E-04	+7.513148E-04	+7.513148E-04	+7.513148E-04	+7.513148E-04	+7.513148E-04	+7.513148E-04	+7.513148E-04	+7.513148E-04	+7.513148E-04	+7.513148E-04	+7.513148E-04	+7.513148E-04	+7.513148E-04	+7.513148E-04	+7.513148E-04	+7.513148E-04	+7.513148E-04
	A	-3.756574E-04	-3.005259E-04	-2.253944E-04	-1.502630E-04	-7.513148E-05	+0.000000E+00	+7.513148E-05	+1.502630E-04	+2.253944E-04	+3.005259E-04	+3.756574E-04	-3.756574E-04	-3.005259E-04	-2.253944E-04	-1.502630E-04	-7.513148E-05	+0.000000E+00	+7.513148E-05	+1.502630E-04	+2.253944E-04	+3.005259E-04	+3.756574E-04	-3.756574E-04	-3.005259E-04	-2.253944E-04	-1.502630E-04	-7.513148E-05	+0.000000E+00	+7.513148E-05	+1.502630E-04	+2.253944E-04	+3.005259E-04	+3.756574E-04	-3.756574E-04	-3.005259E-04	-2.253944E-04	-1.502630E-04	-7.513148E-05	+0.000000E+00	+7.513148E-05	+1.502630E-04	+2.253944E-04	+3.005259E-04	+3.756574E-04	-3.756574E-04	-3.005259E-04	-2.253944E-04	-1.502630E-04	-7.513148E-05	+0.000000E+00	+7.513148E-05	+1.502630E-04	+2.253944E-04	+3.005259E-04	+3.756574E-04	-3.756574E-04	-3.005259E-04	-2.253944E-04	-1.502630E-04	-7.513148E-05	+0.000000E+00	+7.513148E-05	+1.502630E-04	+2.253944E-04	+3.005259E-04	+3.756574E-04	-3.756574E-04	-3.005259E-04	-2.253944E-04	-1.502630E-04	-7.513148E-05	+0.000000E+00	+7.513148E-05	+1.502630E-04	+2.253944E-04	+3.005259E-04	+3.756574E-04	-3.756574E-04	-3.005259E-04	-2.253944E-04	-1.502630E-04	-7.513148E-05	+0.000000E+00	+7.513148E-05	+1.502630E-04	+2.253944E-04	+3.005259E-04	+3.756574E-04	-3.756574E-04	-3.005259E-04	-2.253944E-04	-1.502630E-04	-7.513148E-05	+0.000000E+00	+7.513148E-05	+1.502630E-04	+2.253944E-04	+3.005259E-04	+3.756574E-04	-3.756574E-04	-3.005259E-04	-2.253944E-04	-1.502630E-04	-7.513148E-05	+0.000000E+00	+7.513148E-05	+1.502630E-04	+2.253944E-04	+3.005259E-04	+3.756574E-04	-3.756574E-04	-3.005259E-04	-2.253944E-04	-1.502630E-04	-7.513148E-05	+0.000000E+00	+7.513148E-05	+1.502630E-04	+2.253944E-04	+3.005259E-04	+3.756574E-04	-3.756574E-04	-3.005259E-04	-2.253944E-04	-1.502630E-04	-7.513148E-05	+0.000000E+00	+7.513148E-05	+1.502630E-04	+2.253944E-04	+3.005259E-04	+3.756574E-04	-3.756574E-04	-3.005259E-04	-2.253944E-04	-1.502630E-04	-7.513148E-05	+0.000000E+00	+7.513148E-05	+1.502630E-04	+2.253944E-04	+3.005259E-04	+3.756574E-04	-3.756574E-04	-3.005259E-04	-2.253944E-04	-1.502630E-04	-7.513148E-05	+0.000000E+00	+7.513148E-05	+1.502630E-04	+2.253944E-04	+3.005259E-04	+3.756574E-04	-3.756574E-04	-3.005259E-04	-2.253944E-04	-1.502630E-04	-7.513148E-05	+0.000000E+00	+7.513148E-05	+1.502630E-04	+2.253944E-04	+3.005259E-04	+3.756574E-04	-3.756574E-04	-3.005259E-04	-2.253944E-04	-1.502630E-04	-7.513148E-05	+0.000000E+00	+7.513148E-05	+1.502630E-04	+2.253944E-04	+3.005259E-04	+3.756574E-04	-3.756574E-04	-3.005259E-04	-2.253944E-04	-1.502630E-04	-7.513148E-05	+0.000000E+00	+7.513148E-05	+1.502630E-04	+2.253944E-04	+3.005259E-04	+3.756574E-04	-3.756574E-04	-3.005259E-04	-2.253944E-04	-1.502630E-04	-7.513148E-05	+0.000000E+00	+7.513148E-05	+1.502630E-04	+2.253944E-04	+3.005259E-04	+3.756574E-04	-3.756574E-04	-3.005259E-04	-2.253944E-04	-1.502630E-04	-7.513148E-05	+0.000000E+00	+7.513148E-05	+1.502630E-04	+2.253944E-04	+3.005259E-04	+3.756574E-04	-3.756574E-04	-3.005259E-04	-2.253944E-04	-1.502630E-04	-7.513148E-05	+0.000000E+00	+7.513148E-05	+1.502630E-04	+2.253944E-04	+3.005259E-04	+3.756574E-04	-3.756574E-04	-3.005259E-04	-2.253944E-04	-1.502630E-04	-7.513148E-05	+0.000000E+00	+7.513148E-05	+1.502630E-04	+2.253944E-04	+3.005259E-04	+3.756574E-04	-3.756574E-04	-3.005259E-04	-2.253944E-04	-1.502630E-04	-7.513148E-05	+0.000000E+00	+7.513148E-05	+1.502630E-04	+2.253944E-04	+3.005259E-04	+3.756574E-04	-3.756574E-04	-3.005259E-04	-2.253944E-04	-1.502630E-04	-7.513148E-05	+0.000000E+00	+7.513148E-05	+1.502630E-04	+2.253944E-04	+3.005259E-04	+3.756574E-04	-3.756574E-04	-3.005259E-04	-2.253944E-04	-1.502630E-04	-7.513148E-05	+0.000000E+00	+7.513148E-05	+1.502630E-04	+2.253944E-04	+3.005259E-04	+3.756574E-04	-3.756574E-04	-3.005259E-04	-2.253944E-04	-1.502630E-04	-7.513148E-05	+0.000000E+00	+7.513148E-05	+1.502630E-04	+2.253944E-04	+3.005259E-04	+3.756574E-04	-3.756574E-04	-3.005259E-04	-2.253944E-04	-1.502630E-04	-7.513148E-05	+0.000000E+00	+7.513148E-05	+1.502630E-04	+2.253944E-04	+3.005259E-04	+3.756574E-04	-3.756574E-04	-3.005259E-04	-2.253944E-04	-1.502630E-04	-7.513148E-05	+0.000000E+00	+7.513148E-05	+1.502630E-04	+2.253944E-04	+3.005259E-04	+3.756574E-04	-3.756574E-04	-3.005259E-04	-2.253944E-04	-1.502630E-04	-7.513148E-05	+0.000000E+00	+7.513148E-05	+1.502630E-04	+2.253944E-04	+3.005259E-04	+3.756574E-04	-3.756574E-04	-3.005259E-04	-2.253944E-04	-1.502630E-04	-7.513148E-05	+0.000000E+00	+7.513148E-05	+1.502630E-04	+2.253944E-04	+3.005259E-04	+3.756574E-04	-3.756574E-04	-3.005259E-04	-2.253944E-04	-1.502630E-04	-7.513148E-05	+0.000000E+00	+7.513148E-05	+1.502630E-04	+2.253944E-04	+3.005259E-04	+3.756574E-04	-3.756574E-04	-3.005259E-04	-2.253944E-04	-1.502630E-04	-7.513148E-05	+0.000000E+00	+7.513148E-05	+1.502630E-04	+2.253944E-04	+3.005259E-04	+3.756574E-04	-3.756574E-04	-3.005259E-04	-2.253944E-04	-1.502630E-04	-7.513148E-05	+0.000000E+00	+7.513148E-05	+1.502630E-04	+2.253944E-04	+3.005259E-04	+3.756574E-04	-3.756574E-04	-3.005259E-04	-2.253944E-04	-1.502630E-04	-7.513148E-05	+0.000000E+00	+7.513148E-05	+1.502630E-04	+2.253944E-04	+3.005259E-04	+3.756574E-04	-3.756574E-04	-3.005259E-04	-2.253944E-04	-1.502630E-04	-7.513148E-05	+0.000000E+00	+7.513148E-05	+1.502630E-04	+2.253944E-04	+3.005259E-04	+3.756574E-04	-3.756574E-04	-3.005259E-04	-2.253944E-04	-1.502630E-04	-7.513148E-05	+0.000000E+00	+7.513148E-05	+1.502630E-04	+2.253944E-04	+3.005259E-04	+3.756574E-04	-3.756574E-04	-3.005259E-04	-2.253944E-04	-1.502630E-04	-7.513148E-05	+0.000000E+00	+7.513148E-05	+1.502630E-04	+2.253944E-04	+3.005259E-04	+3.756574E-04	-3.756574E-04	-3.005259E-04	-2.253944E-04	-1.502630E-04	-7.513148E-05	+0.000000E+00	+7.513148E-05	+1.502630E-04	+2.253944E-04	+3.005259E-04	+3.756574E-04	-3.756574E-04	-3.005259E-04	-2.253944E-04	-1.502630E-04	-7.513148E-05	+0.000000E+00	+7.513148E-05	+1.502630E-04	+2.253944E-04	+3.005259E-04	+3.756574E-04	-3.756574E-04	-3.005259E-04	-2.253944E-04	-1.502630E-04	-7.513148E-05	+0.000000E+00	+7.513148E-05	+1.502630E-04	+2.253944E-04	+3.005259E-04	+3.756574E-04	-3.756574E-04	-3.005259E-04	-2.253944E-04	-1.502630E-04	-7.513148E-05	+0.000000E+00	+7.513148E-05	+1.502630E-04	+2.253944E-04	+3.005259E-04	+3.756574E-04	-3.756574E-04	-3.005259E-04	-2.253944E-04	-1.502630E-04	-7.513148E-05	+0.000000E+00	+7.513148E-05	+1.502630E-04	+2.253944E-04	+3.005259E-04	+3.756574E-04	-3.756574E-04	-3.005259E-04	-2.253944E-04	-1.502630E-04	-7.513148E-05	+0.000000E+00	+7.513148E-05	+1.502630E-04	+2.253944E-04	+3.005259E-04	+3.756574E-04	-3.756574E-04	-3.005259E-04	-2.253944E-04	-1.502630E-04	-7.513148E-05	+0.000000E+00	+7.513148E-05	+1.502630E-04	+2.253944E-04	+3.005259E-04	+3.756574E-04	-3.756574E-04	-3.005259E-04	-2.253944E-04	-1.502630E-04	-7.513148E-05	+0.000000E+00	+7.513148E-05	+1.502630E-04	+2.253944E-04	+3.005259E-04	+3.756574E-04	-3.756574E-04	-3.005259E-04	-2.253944E-04	-1.502630E-04	-7.513148E-05	+0.000000E+00	+7.513148E-05	+1.502630E-04	+2.253944E-04	+3.005259E-04	+3.756574E-04	-3.756574E-04	-3.005259E-04	-2.253944E-04	-1.502630E-04	-7.513148E-05	+0.000000E+00	+7.513148E-05	+1.502630E-04	+2.253944E-04	+3.005259E-04	+3.756574E-04	-3.756574E-04	-3.005259E-04	-2.253944E-04	-1.502630E-04	-7.513148E-05	+0.000000E+00	+7.513148E-05	+1.502630E-04	+2.253944E-04	+3.005259E-04	+3.756574E-04	-3.756574E-04	-3.005259E-04	-2.253944E-04	-1.502630E-04	-7.513148E-05	+0.000000E+00	+7.513148E-05	+1.502630E-04	+2.253944E-04	+3.005259E-04	+3.756574E-04	-3.756574E-04	-3.005259E-04	-2.253944E-04	-1.502630E-04	-7.513148E-05	+0.000000E+00	+7.513148E-05	+1.502630E-04	+2.253944E-04	+3.005259E-04	+3.756574E-04	-3.756574E-04	-3.005259E-04	-2.253944E-04	-1.502630E-04	-7.513148E-05	+0.000000E+00	+7.513148E-05	+1.502630E-04	+2.253944E-04	+3.005259E-04	+3.756574E-04	-3.756574E-04	-3.005259E-04	-2.253944E-04	-1.502630E-04	-7.513148E-05	+0.000000E+00	+7.513148E-05	+1.502630E-04	+2.253944E-04	+3.005259E-04	+3.756574E-04	-3.756574E-04	-3.005259E-04	-2.253944E-04	-1.502630E-04	-7.513148E-05	+0.000000E+00	+7.513148E-05	+1.502630E-04	+2.253944E-04	+3.005259E-04	+3.756574E-04	-3.756574E-04	-3.005259E-04	-2.253944E-04	-1.502630E-04	-7.513148E-05	+0.000000E+00	+7.513148E-05	+1.502630E-04	+2.253944E-04	+3.005259E-04	+3.756574E-04	-3.756574E-04	-3.005259E-04	-2.253944E-04	-1.502630E-04	-7.513148E-05	+0.000000E+00	+7.513148E-05	+1.502630E-04	+2.253944E-04	+3.005259E-04	+3.756574E-04	-3.756574E-04	-3.005259E-04	-2.253944E-04	-1.502630E-04	-7.513148E-05	+0.000000E+00	+7.513148E-05	+1.502630E-04	+2.253944E-04	+3.005259E-04	+3.756574E-04	-3.756574E-04	-3.005259E-04	-2.253944E-04	-1.502630E-04	-7.513148E-05	+0.000000E+00	+7.513148E-05	+1.502630E-04	+2.253944E-04	+3.005259E-04	+3.756574E-04	-3.756574E-04	-3.005259E-04	-2.253944E-04	-1.502630E-04	-7.513148E-05	+0.000000E+00	+7.513148E-05	+1.502630E-04	+2.253944E-04	+3.005259E-04	+3.756574E-04	-3.756574E-04	-3.005259E-04	-2.253944E-04	-1.502630E-04	-7.513148E-05	+0.000000E+00	+7.513148E-05	+1.502630E-04	+2.253944E-04	+3.005259E-04	+3.756574E-04	-3.756574E-04	-3.005259E-04	-2.253944E-04	-1.502630E-04	-7.513148E-05	+0.000000E+00	+7.513148E-05	+1.502630E-04	+2.253944E-04	+3.005259E-04	+3.756574E-04	-3.756574E-04	-3.005259E-04	-2.253944E-04	-1.502630E-04	-7.513148E-05	+0.000000E+00	+7.513148E-05	+1.502630E-04	+2.253944E-04	+3.005259E-04	+3.756574E-04	-3.756574E-04	-3.005259E-04	-2.253944E-04	-1.502630E-04	-7.513148E-05	+0.000000E+00
	A	-3.756574E-04	-3.756574E-04	-3.756574E-04	-3.756574E-04	-3.756574E-04	-3.756574E-04	-3.756574E-04	-3.756574E-04	-3.756574E-04	-3.756574E-04	-3.756574E-04	-3.005259E-04	-3.005259E-04	-3.005259E-04	-3.005259E-04	-3.005259E-04	-3.005259E-04	-3.005259E-04	-3.005259E-04	-3.005259E-04	-3.005259E-04	-3.005259E-04	-2.253944E-04	-2.253944E-04	-2.253944E-04	-2.253944E-04	-2.253944E-04	-2.253944E-04	-2.253944E-04	-2.253944E-04	-2.253944E-04	-2.253944E-04	-2.253944E-04	-1.502630E-04	-1.502630E-04	-1.502630E-04	-1.502630E-04	-1.502630E-04	-1.502630E-04	-1.502630E-04	-1.502630E-04	-1.502630E-04	-1.502630E-04	-1.502630E-04	-7.513148E-05	-7.513148E-05	-7.513148E-05	-7.513148E-05	-7.513148E-05	-7.513148E-05	-7.513148E-05	-7.513148E-05	-7.513148E-05	-7.513148E-05	-7.513148E-05	+0.000000E+00	+0.000000E+00	+0.000000E+00	+0.000000E+00	+0.000000E+00	+0.000000E+00	+0.000000E+00	+0.000000E+00	+0.000000E+00	+0.000000E+00	+0.000000E+00	+7.513148E-05	+7.513148E-05	+7.513148E-05	+7.513148E-05	+7.513148E-05	+7.513148E-05	+7.513148E-05	+7.513148E-05	+7.513148E-05	+7.513148E-05	+7.513148E-05	+1.502630E-04	+1.502630E-04	+1.502630E-04	+1.502630E-04	+1.502630E-04	+1.502630E-04	+1.502630E-04	+1.502630E-04	+1.502630E-04	+1.502630E-04	+1.502630E-04	+2.253944E-04	+2.253944E-04	+2.253944E-04	+2.253944E-04	+2.253944E-04	+2.253944E-04	+2.253944E-04	+2.253944E-04	+2.253944E-04	+2.253944E-04	+2.253944E-04	+3.005259E-04	+3.005259E-04	+3.005259E-04	+3.005259E-04	+3.005259E-04	+3.005259E-04	+3.005259E-04	+3.005259E-04	+3.005259E-04	+3.005259E-04	+3.005259E-04	+3.756574E-04	+3.756574E-04	+3.756574E-04	+3.756574E-04	+3.756574E-04	+3.756574E-04	+3.756574E-04	+3.756574E-04	+3.756574E-04	+3.756574E-04	+3.756574E-04	-3.756574E-04	-3.756574E-04	-3.756574E-04	-3.756574E-04	-3.756574E-04	-3.756574E-04	-3.756574E-04	-3.756574E-04	-3.756574E-04	-3.756574E-04	-3.756574E-04	-3.005259E-04	-3.005259E-04	-3.005259E-04	-3.005259E-04	-3.005259E-04	-3.005259E-04	-3.005259E-04	-3.005259E-04	-3.005259E-04	-3.005259E-04	-3.005259E-04	-2.253944E-04	-2.253944E-04	-2.253944E-04	-2.253944E-04	-2.253944E-04	-2.253944E-04	-2.253944E-04	-2.253944E-04	-2.253944E-04	-2.253944E-04	-2.253944E-04	-1.502630E-04	-1.502630E-04	-1.502630E-04	-1.502630E-04	-1.502630E-04	-1.502630E-04	-1.502630E-04	-1.502630E-04	-1.502630E-04	-1.502630E-04	-1.502630E-04	-7.513148E-05	-7.513148E-05	-7.513148E-05	-7.513148E-05	-7.513148E-05	-7.513148E-05	-7.513148E-05	-7.513148E-05	-7.513148E-05	-7.513148E-05	-7.513148E-05	+0.000000E+00	+0.000000E+00	+0.000000E+00	+0.000000E+00	+0.000000E+00	+0.000000E+00	+0.000000E+00	+0.000000E+00	+0.000000E+00	+0.000000E+00	+0.000000E+00	+7.513148E-05	+7.513148E-05	+7.513148E-05	+7.513148E-05	+7.513148E-05	+7.513148E-05	+7.513148E-05	+7.513148E-05	+7.513148E-05	+7.513148E-05	+7.513148E-05	+1.502630E-04	+1.502630E-04	+1.502630E-04	+1.502630E-04	+1.502630E-04	+1.502630E-04	+1.502630E-04	+1.502630E-04	+1.502630E-04	+1.502630E-04	+1.502630E-04	+2.253944E-04	+2.253944E-04	+2.253944E-04	+2.253944E-04	+2.253944E-04	+2.253944E-04	+2.253944E-04	+2.253944E-04	+2.253944E-04	+2.253944E-04	+2.253944E-04	+3.005259E-04	+3.005259E-04	+3.005259E-04	+3.005259E-04	+3.005259E-04	+3.005259E-04	+3.005259E-04	+3.005259E-04	+3.005259E-04	+3.005259E-04	+3.005259E-04	+3.756574E-04	+3.756574E-04	+3.756574E-04	+3.756574E-04	+3.756574E-04	+3.756574E-04	+3.756574E-04	+3.756574E-04	+3.756574E-04	+3.756574E-04	+3.756574E-04	-3.756574E-04	-3.756574E-04	-3.756574E-04	-3.756574E-04	-3.756574E-04	-3.756574E-04	-3.756574E-04	-3.756574E-04	-3.756574E-04	-3.756574E-04	-3.756574E-04	-3.005259E-04	-3.005259E-04	-3.005259E-04	-3.005259E-04	-3.005259E-04	-3.005259E-04	-3.005259E-04	-3.005259E-04	-3.005259E-04	-3.005259E-04	-3.005259E-04	-2.253944E-04	-2.253944E-04	-2.253944E-04	-2.253944E-04	-2.253944E-04	-2.253944E-04	-2.253944E-04	-2.253944E-04	-2.253944E-04	-2.253944E-04	-2.253944E-04	-1.502630E-04	-1.502630E-04	-1.502630E-04	-1.502630E-04	-1.502630E-04	-1.502630E-04	-1.502630E-04	-1.502630E-04	-1.502630E-04	-1.502630E-04	-1.502630E-04	-7.513148E-05	-7.513148E-05	-7.513148E-05	-7.513148E-05	-7.513148E-05	-7.513148E-05	-7.513148E-05	-7.513148E-05	-7.513148E-05	-7.513148E-05	-7.513148E-05	+0.000000E+00	+0.000000E+00	+0.000000E+00	+0.000000E+00	+0.000000E+00	+0.000000E+00	+0.000000E+00	+0.000000E+00	+0.000000E+00	+0.000000E+00	+0.000000E+00	+7.513148E-05	+7.513148E-05	+7.513148E-05	+7.513148E-05	+7.513148E-05	+7.513148E-05	+7.513148E-05	+7.513148E-05	+7.513148E-05	+7.513148E-05	+7.513148E-05	+1.502630E-04	+1.502630E-04	+1.502630E-04	+1.502630E-04	+1.502630E-04	+1.502630E-04	+1.502630E-04	+1.502630E-04	+1.502630E-04	+1.502630E-04	+1.502630E-04	+2.253944E-04	+2.253944E-04	+2.253944E-04	+2.253944E-04	+2.253944E-04	+2.253944E-04	+2.253944E-04	+2.253944E-04	+2.253944E-04	+2.253944E-04	+2.253944E-04	+3.005259E-04	+3.005259E-04	+3.005259E-04	+3.005259E-04	+3.005259E-04	+3.005259E-04	+3.005259E-04	+3.005259E-04	+3.005259E-04	+3.005259E-04	+3.005259E-04	+3.756574E-04	+3.756574E-04	+3.756574E-04	+3.756574E-04	+3.756574E-04	+3.756574E-04	+3.756574E-04	+3.756574E-04	+3.756574E-04	+3.756574E-04	+3.756574E-04	-3.756574E-04	-3.756574E-04	-3.756574E-04	-3.756574E-04	-3.756574E-04	-3.756574E-04	-3.756574E-04	-3.756574E-04	-3.756574E-04	-3.756574E-04	-3.756574E-04	-3.005259E-04	-3.005259E-04	-3.005259E-04	-3.005259E-04	-3.005259E-04	-3.005259E-04	-3.005259E-04	-3.005259E-04	-3.005259E-04	-3.005259E-04	-3.005259E-04	-2.253944E-04	-2.253944E-04	-2.253944E-04	-2.253944E-04	-2.253944E-04	-2.253944E-04	-2.253944E-04	-2.253944E-04	-2.253944E-04	-2.253944E-04	-2.253944E-04	-1.502630E-04	-1.502630E-04	-1.502630E-04	-1.502630E-04	-1.502630E-04	-1.502630E-04	-1.502630E-04	-1.502630E-04	-1.502630E-04	-1.502630E-04	-1.502630E-04	-7.513148E-05	-7.513148E-05	-7.513148E-05	-7.513148E-05	-7.513148E-05	-7.513148E-05	-7.513148E-05	-7.513148E-05	-7.513148E-05	-7.513148E-05	-7.513148E-05	+0.000000E+00	+0.000000E+00	+0.000000E+00	+0.000000E+00	+0.000000E+00	+0.000000E+00	+0.000000E+00	+0.000000E+00	+0.000000E+00	+0.000000E+00	+0.000000E+00	+7.513148E-05	+7.513148E-05	+7.513148E-05	+7.513148E-05	+7.513148E-05	+7.513148E-05	+7.513148E-05	+7.513148E-05	+7.513148E-05	+7.513148E-05	+7.513148E-05	+1.502630E-04	+1.502630E-04	+1.502630E-04	+1.502630E-04	+1.502630E-04	+1.502630E-04	+1.502630E-04	+1.502630E-04	+1.502630E-04	+1.502630E-04	+1.502630E-04	+2.253944E-04	+2.253944E-04	+2.253944E-04	+2.253944E-04	+2.253944E-04	+2.253944E-04	+2.253944E-04	+2.253944E-04	+2.253944E-04	+2.253944E-04	+2.253944E-04	+3.005259E-04	+3.005259E-04	+3.005259E-04	+3.005259E-04	+3.005259E-04	+3.005259E-04	+3.005259E-04	+3.005259E-04	+3.005259E-04	+3.005259E-04	+3.005259E-04	+3.756574E-04	+3.756574E-04	+3.756574E-04	+3.756574E-04	+3.756574E-04	+3.756574E-04	+3.756574E-04	+3.756574E-04	+3.756574E-04	+3.756574E-04	+3.756574E-04	-3.756574E-04	-3.756574E-04	-3.756574E-04	-3.756574E-04	-3.756574E-04	-3.756574E-04	-3.756574E-04	-3.756574E-04	-3.756574E-04	-3.756574E-04	-3.756574E-04	-3.005259E-04	-3.005259E-04	-3.005259E-04	-3.005259E-04	-3.005259E-04	-3.005259E-04	-3.005259E-04	-3.005259E-04	-3.005259E-04	-3.005259E-04	-3.005259E-04	-2.253944E-04	-2.253944E-04	-2.253944E-04	-2.253944E-04	-2.253944E-04	-2.253944E-04	-2.253944E-04	-2.253944E-04	-2.253944E-04	-2.253944E-04	-2.253944E-04	-1.502630E-04	-1.502630E-04	-1.502630E-04	-1.502630E-04	-1.502630E-04	-1.502630E-04	-1.502630E-04	-1.502630E-04	-1.502630E-04	-1.502630E-04	-1.502630E-04	-7.513148E-05	-7.513148E-05	-7.513148E-05	-7.513148E-05	-7.513148E-05	-7.513148E-05	-7.513148E-05	-7.513148E-05	-7.513148E-05	-7.513148E-05	-7.513148E-05	+0.000000E+00	+0.000000E+00	+0.000000E+00	+0.000000E+00	+0.000000E+00	+0.000000E+00	+0.000000E+00	+0.000000E+00	+0.000000E+00	+0.000000E+00	+0.000000E+00	+7.513148E-05	+7.513148E-05	+7.513148E-05	+7.513148E-05	+7.513148E-05	+7.513148E-05	+7.513148E-05	+7.513148E-05	+7.513148E-05	+7.513148E-05	+7.513148E-05	+1.502630E-04	+1.502630E-04	+1.502630E-04	+1.502630E-04	+1.502630E-04	+1.502630E-04	+1.502630E-04	+1.502630E-04	+1.502630E-04	+1.502630E-04	+1.502630E-04	+2.253944E-04	+2.253944E-04	+2.253944E-04	+2.253944E-04	+2.253944E-04	+2.253944E-04	+2.253944E-04	+2.253944E-04	+2.253944E-04	+2.253944E-04	+2.253944E-04	+3.005259E-04	+3.005259E-04	+3.005259E-04	+3.005259E-04	+3.005259E-04	+3.005259E-04	+3.005259E-04	+3.005259E-04	+3.005259E-04	+3.005259E-04	+3.005259E-04	+3.756574E-04	+3.756574E-04	+3.756574E-04	+3.756574E-04	+3.756574E-04	+3.756574E-04	+3.756574E-04	+3.756574E-04	+3.756574E-04	+3.756574E-04	+3.756574E-04	-3.756574E-04	-3.756574E-04	-3.756574E-04	-3.756574E-04	-3.756574E-04	-3.756574E-04	-3.756574E-04	-3.756574E-04	-3.756574E-04	-3.756574E-04	-3.756574E-04	-3.005259E-04	-3.005259E-04	-3.005259E-04	-3.005259E-04	-3.005259E-04	-3.005259E-04	-3.005259E-04	-3.005259E-04	-3.005259E-04	-3.005259E-04	-3.005259E-04	-2.253944E-04	-2.253944E-04	-2.253944E-04	-2.253944E-04	-2.253944E-04	-2.253944E-04	-2.253944E-04	-2.253944E-04	-2.253944E-04	-2.253944E-04	-2.253944E-04	-1.502630E-04	-1.502630E-04	-1.502630E-04	-1.502630E-04	-1.502630E-04	-1.502630E-04	-1.502630E-04	-1.502630E-04	-1.502630E-04	-1.502630E-04	-1.502630E-04	-7.513148E-05	-7.513148E-05	-7.513148E-05	-7.513148E-05	-7.513148E-05	-7.513148E-05	-7.513148E-05	-7.513148E-05	-7.513148E-05	-7.513148E-05	-7.513148E-05	+0.000000E+00	+0.000000E+00	+0.000000E+00	+0.000000E+00	+0.000000E+00	+0.000000E+00
	S	+1.878287E-04	+1.502630E-04	+1.126972E-04	+7.513148E-05	+3.756574E-05	+0.000000E+00	-3.756574E-05	-7.513148E-05	-1.126972E-04	-1.502630E-04	-1.878287E-04	+1.502630E-04	+1.202104E-04	+9.015778E-05	+6.010518E-05	+3.005259E-05	+0.000000E+00	-3.005259E-05	-6.010518E-05	-9.015778E-05	-1.202104E-04	-1.502630E-04	+1.126972E-04	+9.015778E-05	+6.761833E-05	+4.507889E-05	+2.253944E-05	+0.000000E+00	-2.253944E-05	-4.507889E-05	-6.761833E-05	-9.015778E-05	-1.126972E-04	+7.513148E-05	+6.010518E-05	+4.507889E-05	+3.005259E-05	+1.502630E-05	+0.000000E+00	-1.502630E-05	-3.005259E-05	-4.507889E-05	-6.010518E-05	-7.513148E-05	+3.756574E-05	+3.005259E-05	+2.253944E-05	+1.502630E-05	+7.513148E-06	+0.000000E+00	-7.513148E-06	-1.502630E-05	-2.253944E-05	-3.005259E-05	-3.756574E-05	+0.000000E+00	+0.000000E+00	+0.000000E+00	+0.000000E+00	+0.000000E+00	+0.000000E+00	+0.000000E+00	+0.000000E+00	+0.000000E+00	+0.000000E+00	+0.000000E+00	-3.756574E-05	-3.005259E-05	-2.253944E-05	-1.502630E-05	-7.513148E-06	+0.000000E+00	+7.513148E-06	+1.502630E-05	+2.253944E-05	+3.005259E-05	+3.756574E-05	-7.513148E-05	-6.010518E-05	-4.507889E-05	-3.005259E-05	-1.502630E-05	+0.000000E+00	+1.502630E-05	+3.005259E-05	+4.507889E-05	+6.010518E-05	+7.513148E-05	-1.126972E-04	-9.015778E-05	-6.761833E-05	-4.507889E-05	-2.253944E-05	+0.000000E+00	+2.253944E-05	+4.507889E-05	+6.761833E-05	+9.015778E-05	+1.126972E-04	-1.502630E-04	-1.202104E-04	-9.015778E-05	-6.010518E-05	-3.005259E-05	+0.000000E+00	+3.005259E-05	+6.010518E-05	+9.015778E-05	+1.202104E-04	+1.502630E-04	-1.878287E-04	-1.502630E-04	-1.126972E-04	-7.513148E-05	-3.756574E-05	+0.000000E+00	+3.756574E-05	+7.513148E-05	+1.126972E-04	+1.502630E-04	+1.878287E-04	+1.878287E-04	+1.502630E-04	+1.126972E-04	+7.513148E-05	+3.756574E-05	+0.000000E+00	-3.756574E-05	-7.513148E-05	-1.126972E-04	-1.502630E-04	-1.878287E-04	+1.502630E-04	+1.202104E-04	+9.015778E-05	+6.010518E-05	+3.005259E-05	+0.000000E+00	-3.005259E-05	-6.010518E-05	-9.015778E-05	-1.202104E-04	-1.502630E-04	+1.126972E-04	+9.015778E-05	+6.761833E-05	+4.507889E-05	+2.253944E-05	+0.000000E+00	-2.253944E-05	-4.507889E-05	-6.761833E-05	-9.015778E-05	-1.126972E-04	+7.513148E-05	+6.010518E-05	+4.507889E-05	+3.005259E-05	+1.502630E-05	+0.000000E+00	-1.502630E-05	-3.005259E-05	-4.507889E-05	-6.010518E-05	-7.513148E-05	+3.756574E-05	+3.005259E-05	+2.253944E-05	+1.502630E-05	+7.513148E-06	+0.000000E+00	-7.513148E-06	-1.502630E-05	-2.253944E-05	-3.005259E-05	-3.756574E-05	+0.000000E+00	+0.000000E+00	+0.000000E+00	+0.000000E+00	+0.000000E+00	+0.000000E+00	+0.000000E+00	+0.000000E+00	+0.000000E+00	+0.000000E+00	+0.000000E+00	-3.756574E-05	-3.005259E-05	-2.253944E-05	-1.502630E-05	-7.513148E-06	+0.000000E+00	+7.513148E-06	+1.502630E-05	+2.253944E-05	+3.005259E-05	+3.756574E-05	-7.513148E-05	-6.010518E-05	-4.507889E-05	-3.005259E-05	-1.502630E-05	+0.000000E+00	+1.502630E-05	+3.005259E-05	+4.507889E-05	+6.010518E-05	+7.513148E-05	-1.126972E-04	-9.015778E-05	-6.761833E-05	-4.507889E-05	-2.253944E-05	+0.000000E+00	+2.253944E-05	+4.507889E-05	+6.761833E-05	+9.015778E-05	+1.126972E-04	-1.502630E-04	-1.202104E-04	-9.015778E-05	-6.010518E-05	-3.005259E-05	+0.000000E+00	+3.005259E-05	+6.010518E-05	+9.015778E-05	+1.202104E-04	+1.502630E-04	-1.878287E-04	-1.502630E-04	-1.126972E-04	-7.513148E-05	-3.756574E-05	+0.000000E+00	+3.756574E-05	+7.513148E-05	+1.126972E-04	+1.502630E-04	+1.878287E-04	+1.878287E-04	+1.502630E-04	+1.126972E-04	+7.513148E-05	+3.756574E-05	+0.000000E+00	-3.756574E-05	-7.513148E-05	-1.126972E-04	-1.502630E-04	-1.878287E-04	+1.502630E-04	+1.202104E-04	+9.015778E-05	+6.010518E-05	+3.005259E-05	+0.000000E+00	-3.005259E-05	-6.010518E-05	-9.015778E-05	-1.202104E-04	-1.502630E-04	+1.126972E-04	+9.015778E-05	+6.761833E-05	+4.507889E-05	+2.253944E-05	+0.000000E+00	-2.253944E-05	-4.507889E-05	-6.761833E-05	-9.015778E-05	-1.126972E-04	+7.513148E-05	+6.010518E-05	+4.507889E-05	+3.005259E-05	+1.502630E-05	+0.000000E+00	-1.502630E-05	-3.005259E-05	-4.507889E-05	-6.010518E-05	-7.513148E-05	+3.756574E-05	+3.005259E-05	+2.253944E-05	+1.502630E-05	+7.513148E-06	+0.000000E+00	-7.513148E-06	-1.502630E-05	-2.253944E-05	-3.005259E-05	-3.756574E-05	+0.000000E+00	+0.000000E+00	+0.000000E+00	+0.000000E+00	+0.000000E+00	+0.000000E+00	+0.000000E+00	+0.000000E+00	+0.000000E+00	+0.000000E+00	+0.000000E+00	-3.756574E-05	-3.005259E-05	-2.253944E-05	-1.502630E-05	-7.513148E-06	+0.000000E+00	+7.513148E-06	+1.502630E-05	+2.253944E-05	+3.005259E-05	+3.756574E-05	-7.513148E-05	-6.010518E-05	-4.507889E-05	-3.005259E-05	-1.502630E-05	+0.000000E+00	+1.502630E-05	+3.005259E-05	+4.507889E-05	+6.010518E-05	+7.513148E-05	-1.126972E-04	-9.015778E-05	-6.761833E-05	-4.507889E-05	-2.253944E-05	+0.000000E+00	+2.253944E-05	+4.507889E-05	+6.761833E-05	+9.015778E-05	+1.126972E-04	-1.502630E-04	-1.202104E-04	-9.015778E-05	-6.010518E-05	-3.005259E-05	+0.000000E+00	+3.005259E-05	+6.010518E-05	+9.015778E-05	+1.202104E-04	+1.502630E-04	-1.878287E-04	-1.502630E-04	-1.126972E-04	-7.513148E-05	-3.756574E-05	+0.000000E+00	+3.756574E-05	+7.513148E-05	+1.126972E-04	+1.502630E-04	+1.878287E-04	+1.878287E-04	+1.502630E-04	+1.126972E-04	+7.513148E-05	+3.756574E-05	+0.000000E+00	-3.756574E-05	-7.513148E-05	-1.126972E-04	-1.502630E-04	-1.878287E-04	+1.502630E-04	+1.202104E-04	+9.015778E-05	+6.010518E-05	+3.005259E-05	+0.000000E+00	-3.005259E-05	-6.010518E-05	-9.015778E-05	-1.202104E-04	-1.502630E-04	+1.126972E-04	+9.015778E-05	+6.761833E-05	+4.507889E-05	+2.253944E-05	+0.000000E+00	-2.253944E-05	-4.507889E-05	-6.761833E-05	-9.015778E-05	-1.126972E-04	+7.513148E-05	+6.010518E-05	+4.507889E-05	+3.005259E-05	+1.502630E-05	+0.000000E+00	-1.502630E-05	-3.005259E-05	-4.507889E-05	-6.010518E-05	-7.513148E-05	+3.756574E-05	+3.005259E-05	+2.253944E-05	+1.502630E-05	+7.513148E-06	+0.000000E+00	-7.513148E-06	-1.502630E-05	-2.253944E-05	-3.005259E-05	-3.756574E-05	+0.000000E+00	+0.000000E+00	+0.000000E+00	+0.000000E+00	+0.000000E+00	+0.000000E+00	+0.000000E+00	+0.000000E+00	+0.000000E+00	+0.000000E+00	+0.000000E+00	-3.756574E-05	-3.005259E-05	-2.253944E-05	-1.502630E-05	-7.513148E-06	+0.000000E+00	+7.513148E-06	+1.502630E-05	+2.253944E-05	+3.005259E-05	+3.756574E-05	-7.513148E-05	-6.010518E-05	-4.507889E-05	-3.005259E-05	-1.502630E-05	+0.000000E+00	+1.502630E-05	+3.005259E-05	+4.507889E-05	+6.010518E-05	+7.513148E-05	-1.126972E-04	-9.015778E-05	-6.761833E-05	-4.507889E-05	-2.253944E-05	+0.000000E+00	+2.253944E-05	+4.507889E-05	+6.761833E-05	+9.015778E-05	+1.126972E-04	-1.502630E-04	-1.202104E-04	-9.015778E-05	-6.010518E-05	-3.005259E-05	+0.000000E+00	+3.005259E-05	+6.010518E-05	+9.015778E-05	+1.202104E-04	+1.502630E-04	-1.878287E-04	-1.502630E-04	-1.126972E-04	-7.513148E-05	-3.756574E-05	+0.000000E+00	+3.756574E-05	+7.513148E-05	+1.126972E-04	+1.502630E-04	+1.878287E-04	+1.878287E-04	+1.502630E-04	+1.126972E-04	+7.513148E-05	+3.756574E-05	+0.000000E+00	-3.756574E-05	-7.513148E-05	-1.126972E-04	-1.502630E-04	-1.878287E-04	+1.502630E-04	+1.202104E-04	+9.015778E-05	+6.010518E-05	+3.005259E-05	+0.000000E+00	-3.005259E-05	-6.010518E-05	-9.015778E-05	-1.202104E-04	-1.502630E-04	+1.126972E-04	+9.015778E-05	+6.761833E-05	+4.507889E-05	+2.253944E-05	+0.000000E+00	-2.253944E-05	-4.507889E-05	-6.761833E-05	-9.015778E-05	-1.126972E-04	+7.513148E-05	+6.010518E-05	+4.507889E-05	+3.005259E-05	+1.502630E-05	+0.000000E+00	-1.502630E-05	-3.005259E-05	-4.507889E-05	-6.010518E-05	-7.513148E-05	+3.756574E-05	+3.005259E-05	+2.253944E-05	+1.502630E-05	+7.513148E-06	+0.000000E+00	-7.513148E-06	-1.502630E-05	-2.253944E-05	-3.005259E-05	-3.756574E-05	+0.000000E+00	+0.000000E+00	+0.000000E+00	+0.000000E+00	+0.000000E+00	+0.000000E+00	+0.000000E+00	+0.000000E+00	+0.000000E+00	+0.000000E+00	+0.000000E+00	-3.756574E-05	-3.005259E-05	-2.253944E-05	-1.502630E-05	-7.513148E-06	+0.000000E+00	+7.513148E-06	+1.502630E-05	+2.253944E-05	+3.005259E-05	+3.756574E-05	-7.513148E-05	-6.010518E-05	-4.507889E-05	-3.005259E-05	-1.502630E-05	+0.000000E+00	+1.502630E-05	+3.005259E-05	+4.507889E-05	+6.010518E-05	+7.513148E-05	-1.126972E-04	-9.015778E-05	-6.761833E-05	-4.507889E-05	-2.253944E-05	+0.000000E+00	+2.253944E-05	+4.507889E-05	+6.761833E-05	+9.015778E-05	+1.126972E-04	-1.502630E-04	-1.202104E-04	-9.015778E-05	-6.010518E-05	-3.005259E-05	+0.000000E+00	+3.005259E-05	+6.010518E-05	+9.015778E-05	+1.202104E-04	+1.502630E-04	-1.878287E-04	-1.502630E-04	-1.126972E-04	-7.513148E-05	-3.756574E-05	+0.000000E+00	+3.756574E-05	+7.513148E-05	+1.126972E-04	+1.502630E-04	+1.878287E-04	+1.878287E-04	+1.502630E-04	+1.126972E-04	+7.513148E-05	+3.756574E-05	+0.000000E+00	-3.756574E-05	-7.513148E-05	-1.126972E-04	-1.502630E-04	-1.878287E-04	+1.502630E-04	+1.202104E-04	+9.015778E-05	+6.010518E-05	+3.005259E-05	+0.000000E+00	-3.005259E-05	-6.010518E-05	-9.015778E-05	-1.202104E-04	-1.502630E-04	+1.126972E-04	+9.015778E-05	+6.761833E-05	+4.507889E-05	+2.253944E-05	+0.000000E+00	-2.253944E-05	-4.507889E-05	-6.761833E-05	-9.015778E-05	-1.126972E-04	+7.513148E-05	+6.010518E-05	+4.507889E-05	+3.005259E-05	+1.502630E-05	+0.000000E+00	-1.502630E-05	-3.005259E-05	-4.507889E-05	-6.010518E-05	-7.513148E-05	+3.756574E-05	+3.005259E-05	+2.253944E-05	+1.502630E-05	+7.513148E-06	+0.000000E+00	-7.513148E-06	-1.502630E-05	-2.253944E-05	-3.005259E-05	-3.756574E-05	+0.000000E+00	+0.000000E+00	+0.000000E+00	+0.000000E+00	+0.000000E+00	+0.000000E+00
	A	-3.756574E-04	-3.756574E-04	-3.756574E-04	-3.756574E-04	-3.756574E-04	-3.756574E-04	-3.756574E-04	-3.756574E-04	-3.756574E-04	-3.756574E-04	-3.756574E-04	-3.756574E-04	-3.756574E-04	-3.756574E-04	-3.756574E-04	-3.756574E-04	-3.756574E-04	-3.756574E-04	-3.756574E-04	-3.756574E-04	-3.756574E-04	-3.756574E-04	-3.756574E-04	-3.756574E-04	-3.756574E-04	-3.756574E-04	-3.756574E-04	-3.756574E-04	-3.756574E-04	-3.756574E-04	-3.756574E-04	-3.756574E-04	-3.756574E-04	-3.756574E-04	-3.756574E-04	-3.756574E-04	-3.756574E-04	-3.756574E-04	-3.756574E-04	-3.756574E-04	-3.756574E-04	-3.756574E-04	-3.756574E-04	-3.756574E-04	-3.756574E-04	-3.756574E-04	-3.756574E-04	-3.756574E-04	-3.756574E-04	-3.756574E-04	-3.756574E-04	-3.756574E-04	-3.756574E-04	-3.756574E-04	-3.756574E-04	-3.756574E-04	-3.756574E-04	-3.756574E-04	-3.756574E-04	-3.756574E-04	-3.756574E-04	-3.756574E-04	-3.756574E-04	-3.756574E-04	-3.756574E-04	-3.756574E-04	-3.756574E-04	-3.756574E-04	-3.756574E-04	-3.756574E-04	-3.756574E-04	-3.756574E-04	-3.756574E-04	-3.756574E-04	-3.756574E-04	-3.756574E-04	-3.756574E-04	-3.756574E-04	-3.756574E-04	-3.756574E-04	-3.756574E-04	-3.756574E-04	-3.756574E-04	-3.756574E-04	-3.756574E-04	-3.756574E-04	-3.756574E-04	-3.756574E-04	-3.756574E-04	-3.756574E-04	-3.756574E-04	-3.756574E-04	-3.756574E-04	-3.756574E-04	-3.756574E-04	-3.756574E-04	-3.756574E-04	-3.756574E-04	-3.756574E-04	-3.756574E-04	-3.756574E-04	-3.756574E-04	-3.756574E-04	-3.756574E-04	-3.756574E-04	-3.756574E-04	-3.756574E-04	-3.756574E-04	-3.756574E-04	-3.756574E-04	-3.756574E-04	-3.756574E-04	-3.756574E-04	-3.756574E-04	-3.756574E-04	-3.756574E-04	-3.756574E-04	-3.756574E-04	-3.756574E-04	-3.756574E-04	-3.756574E-04	-3.005259E-04	-3.005259E-04	-3.005259E-04	-3.005259E-04	-3.005259E-04	-3.005259E-04	-3.005259E-04	-3.005259E-04	-3.005259E-04	-3.005259E-04	-3.005259E-04	-3.005259E-04	-3.005259E-04	-3.005259E-04	-3.005259E-04	-3.005259E-04	-3.005259E-04	-3.005259E-04	-3.005259E-04	-3.005259E-04	-3.005259E-04	-3.005259E-04	-3.005259E-04	-3.005259E-04	-3.005259E-04	-3.005259E-04	-3.005259E-04	-3.005259E-04	-3.005259E-04	-3.005259E-04	-3.005259E-04	-3.005259E-04	-3.005259E-04	-3.005259E-04	-3.005259E-04	-3.005259E-04	-3.005259E-04	-3.005259E-04	-3.005259E-04	-3.005259E-04	-3.005259E-04	-3.005259E-04	-3.005259E-04	-3.005259E-04	-3.005259E-04	-3.005259E-04	-3.005259E-04	-3.005259E-04	-3.005259E-04	-3.005259E-04	-3.005259E-04	-3.005259E-04	-3.005259E-04	-3.005259E-04	-3.005259E-04	-3.005259E-04	-3.005259E-04	-3.005259E-04	-3.005259E-04	-3.005259E-04	-3.005259E-04	-3.005259E-04	-3.005259E-04	-3.005259E-04	-3.005259E-04	-3.005259E-04	-3.005259E-04	-3.005259E-04	-3.005259E-04	-3.005259E-04	-3.005259E-04	-3.005259E-04	-3.005259E-04	-3.005259E-04	-3.005259E-04	-3.005259E-04	-3.005259E-04	-3.005259E-04	-3.005259E-04	-3.005259E-04	-3.005259E-04	-3.005259E-04	-3.005259E-04	-3.005259E-04	-3.005259E-04	-3.005259E-04	-3.005259E-04	-3.005259E-04	-3.005259E-04	-3.005259E-04	-3.005259E-04	-3.005259E-04	-3.005259E-04	-3.005259E-04	-3.005259E-04	-3.005259E-04	-3.005259E-04	-3.005259E-04	-3.005259E-04	-3.005259E-04	-3.005259E-04	-3.005259E-04	-3.005259E-04	-3.005259E-04	-3.005259E-04	-3.005259E-04	-3.005259E-04	-3.005259E-04	-3.005259E-04	-3.005259E-04	-3.005259E-04	-3.005259E-04	-3.005259E-04	-3.005259E-04	-3.005259E-04	-3.005259E-04	-3.005259E-04	-3.005259E-04	-3.005259E-04	-3.005259E-04	-3.005259E-04	-2.253944E-04	-2.253944E-04	-2.253944E-04	-2.253944E-04	-2.253944E-04	-2.253944E-04	-2.253944E-04	-2.253944E-04	-2.253944E-04	-2.253944E-04	-2.253944E-04	-2.253944E-04	-2.253944E-04	-2.253944E-04	-2.253944E-04	-2.253944E-04	-2.253944E-04	-2.253944E-04	-2.253944E-04	-2.253944E-04	-2.253944E-04	-2.253944E-04	-2.253944E-04	-2.253944E-04	-2.253944E-04	-2.253944E-04	-2.253944E-04	-2.253944E-04	-2.253944E-04	-2.253944E-04	-2.253944E-04	-2.253944E-04	-2.253944E-04	-2.253944E-04	-2.253944E-04	-2.253944E-04	-2.253944E-04	-2.253944E-04	-2.253944E-04	-2.253944E-04	-2.253944E-04	-2.253944E-04	-2.253944E-04	-2.253944E-04	-2.253944E-04	-2.253944E-04	-2.253944E-04	-2.253944E-04	-2.253944E-04	-2.253944E-04	-2.253944E-04	-2.253944E-04	-2.253944E-04	-2.253944E-04	-2.253944E-04	-2.253944E-04	-2.253944E-04	-2.253944E-04	-2.253944E-04	-2.253944E-04	-2.253944E-04	-2.253944E-04	-2.253944E-04	-2.253944E-04	-2.253944E-04	-2.253944E-04	-2.253944E-04	-2.253944E-04	-2.253944E-04	-2.253944E-04	-2.253944E-04	-2.253944E-04	-2.253944E-04	-2.253944E-04	-2.253944E-04	-2.253944E-04	-2.253944E-04	-2.253944E-04	-2.253944E-04	-2.253944E-04	-2.253944E-04	-2.253944E-04	-2.253944E-04	-2.253944E-04	-2.253944E-04	-2.253944E-04	-2.253944E-04	-2.253944E-04	-2.253944E-04	-2.253944E-04	-2.253944E-04	-2.253944E-04	-2.253944E-04	-2.253944E-04	-2.253944E-04	-2.253944E-04	-2.253944E-04	-2.253944E-04	-2.253944E-04	-2.253944E-04	-2.253944E-04	-2.253944E-04	-2.253944E-04	-2.253944E-04	-2.253944E-04	-2.253944E-04	-2.253944E-04	-2.253944E-04	-2.253944E-04	-2.253944E-04	-2.253944E-04	-2.253944E-04	-2.253944E-04	-2.253944E-04	-2.253944E-04	-2.253944E-04	-2.253944E-04	-2.253944E-04	-2.253944E-04	-2.253944E-04	-2.253944E-04	-1.502630E-04	-1.502630E-04	-1.502630E-04	-1.502630E-04	-1.502630E-04	-1.502630E-04	-1.502630E-04	-1.502630E-04	-1.502630E-04	-1.502630E-04	-1.502630E-04	-1.502630E-04	-1.502630E-04	-1.502630E-04	-1.502630E-04	-1.502630E-04	-1.502630E-04	-1.502630E-04	-1.502630E-04	-1.502630E-04	-1.502630E-04	-1.502630E-04	-1.502630E-04	-1.502630E-04	-1.502630E-04	-1.502630E-04	-1.502630E-04	-1.502630E-04	-1.502630E-04	-1.502630E-04	-1.502630E-04	-1.502630E-04	-1.502630E-04	-1.502630E-04	-1.502630E-04	-1.502630E-04	-1.502630E-04	-1.502630E-04	-1.502630E-04	-1.502630E-04	-1.502630E-04	-1.502630E-04	-1.502630E-04	-1.502630E-04	-1.502630E-04	-1.502630E-04	-1.502630E-04	-1.502630E-04	-1.502630E-04	-1.502630E-04	-1.502630E-04	-1.502630E-04	-1.502630E-04	-1.502630E-04	-1.502630E-04	-1.502630E-04	-1.502630E-04	-1.502630E-04	-1.502630E-04	-1.502630E-04	-1.502630E-04	-1.502630E-04	-1.502630E-04	-1.502630E-04	-1.502630E-04	-1.502630E-04	-1.502630E-04	-1.502630E-04	-1.502630E-04	-1.502630E-04	-1.502630E-04	-1.502630E-04	-1.502630E-04	-1.502630E-04	-1.502630E-04	-1.502630E-04	-1.502630E-04	-1.502630E-04	-1.502630E-04	-1.502630E-04	-1.502630E-04	-1.502630E-04	-1.502630E-04	-1.502630E-04	-1.502630E-04	-1.502630E-04	-1.502630E-04	-1.502630E-04	-1.502630E-04	-1.502630E-04	-1.502630E-04	-1.502630E-04	-1.502630E-04	-1.502630E-04	-1.502630E-04	-1.502630E-04	-1.502630E-04	-1.502630E-04	-1.502630E-04	-1.502630E-04	-1.502630E-04	-1.502630E-04	-1.502630E-04	-1.502630E-04	-1.502630E-04	-1.502630E-04	-1.502630E-04	-1.502630E-04	-1.502630E-04	-1.502630E-04	-1.502630E-04	-1.502630E-04	-1.502630E-04	-1.502630E-04	-1.502630E-04	-1.502630E-04	-1.502630E-04	-1.502630E-04	-1.502630E-04	-1.502630E-04	-1.502630E-04	-7.513148E-05	-7.513148E-05	-7.513148E-05	-7.513148E-05	-7.513148E-05	-7.513148E-05	-7.513148E-05	-7.513148E-05	-7.513148E-05	-7.513148E-05	-7.513148E-05	-7.513148E-05	-7.513148E-05	-7.513148E-05	-7.513148E-05	-7.513148E-05	-7.513148E-05	-7.513148E-05	-7.513148E-05	-7.513148E-05	-7.513148E-05	-7.513148E-05	-7.513148E-05	-7.513148E-05	-7.513148E-05	-7.513148E-05	-7.513148E-05	-7.513148E-05	-7.513148E-05	-7.513148E-05	-7.513148E-05	-7.513148E-05	-7.513148E-05	-7.513148E-05	-7.513148E-05	-7.513148E-05	-7.513148E-05	-7.513148E-05	-7.513148E-05	-7.513148E-05	-7.513148E-05	-7.513148E-05	-7.513148E-05	-7.513148E-05	-7.513148E-05	-7.513148E-05	-7.513148E-05	-7.513148E-05	-7.513148E-05	-7.513148E-05	-7.513148E-05	-7.513148E-05	-7.513148E-05	-7.513148E-05	-7.513148E-05	-7.513148E-05	-7.513148E-05	-7.513148E-05	-7.513148E-05	-7.513148E-05	-7.513148E-05	-7.513148E-05	-7.513148E-05	-7.513148E-05	-7.513148E-05	-7.513148E-05	-7.513148E-05	-7.513148E-05	-7.513148E-05	-7.513148E-05	-7.513148E-05	-7.513148E-05	-7.513148E-05	-7.513148E-05	-7.513148E-05	-7.513148E-05	-7.513148E-05	-7.513148E-05	-7.513148E-05	-7.513148E-05	-7.513148E-05	-7.513148E-05	-7.513148E-05	-7.513148E-05	-7.513148E-05	-7.513148E-05	-7.513148E-05	-7.513148E-05	-7.513148E-05	-7.513148E-05	-7.513148E-05	-7.513148E-05	-7.513148E-05	-7.513148E-05	-7.513148E-05	-7.513148E-05	-7.513148E-05	-7.513148E-05	-7.513148E-05	-7.513148E-05	-7.513148E-05	-7.513148E-05	-7.513148E-05	-7.513148E-05	-7.513148E-05	-7.513148E-05	-7.513148E-05	-7.513148E-05	-7.513148E-05	-7.513148E-05	-7.513148E-05	-7.513148E-05	-7.513148E-05	-7.513148E-05	-7.513148E-05	-7.513148E-05	-7.513148E-05	-7.513148E-05	-7.513148E-05	-7.513148E-05	-7.513148E-05	+0.000000E+00	+0.000000E+00	+0.000000E+00	+0.000000E+00	+0.000000E+00	+0.000000E+00	+0.000000E+00	+0.000000E+00	+0.000000E+00	+0.000000E+00	+0.000000E+00	+0.000000E+00	+0.000000E+00	+0.000000E+00	+0.000000E+00	+0.000000E+00	+0.000000E+00	+0.000000E+00	+0.000000E+00	+0.000000E+00	+0.000000E+00	+0.000000E+00	+0.000000E+00	+0.000000E+00	+0.000000E+00	+0.000000E+00	+0.000000E+00	+0.000000E+00	+0.000000E+00	+0.000000E+00	+0.000000E+00	+0.000000E+00	+0.000000E+00	+0.000000E+00	+0.000000E+00	+0.000000E+00	+0.000000E+00	+0.000000E+00	+0.000000E+00	+0.000000E+00	+0.000000E+00	+0.000000E+00	+0.000000E+00	+0.000000E+00	+0.000000E+00	+0.000000E+00	+0.000000E+00	+0.000000E+00	+0.000000E+00	+0.000000E+00	+0.000000E+00	+0.000000E+00	+0.000000E+00	+0.000000E+00	+0.000000E+00	+0.000000E+00	+0.000000E+00	+0.000000E+00	+0.000000E+00	+0.000000E+00	+0.000000E+00
	S	+1.878287E-04	+1.502630E-04	+1.126972E-04	+7.513148E-05	+3.756574E-05	+0.000000E+00	-3.756574E-05	-7.513148E-05	-1.126972E-04	-1.502630E-04	-1.878287E-04	+1.878287E-04	+1.502630E-04	+1.126972E-04	+7.513148E-05	+3.756574E-05	+0.000000E+00	-3.756574E-05	-7.513148E-05	-1.126972E-04	-1.502630E-04	-1.878287E-04	+1.878287E-04	+1.502630E-04	+1.126972E-04	+7.513148E-05	+3.756574E-05	+0.000000E+00	-3.756574E-05	-7.513148E-05	-1.126972E-04	-1.502630E-04	-1.878287E-04	+1.878287E-04	+1.502630E-04	+1.126972E-04	+7.513148E-05	+3.756574E-05	+0.000000E+00	-3.756574E-05	-7.513148E-05	-1.126972E-04	-1.502630E-04	-1.878287E-04	+1.878287E-04	+1.502630E-04	+1.126972E-04	+7.513148E-05	+3.756574E-05	+0.000000E+00	-3.756574E-05	-7.513148E-05	-1.126972E-04	-1.502630E-04	-1.878287E-04	+1.878287E-04	+1.502630E-04	+1.126972E-04	+7.513148E-05	+3.756574E-05	+0.000000E+00	-3.756574E-05	-7.513148E-05	-1.126972E-04	-1.502630E-04	-1.878287E-04	+1.878287E-04	+1.502630E-04	+1.126972E-04	+7.513148E-05	+3.756574E-05	+0.000000E+00	-3.756574E-05	-7.513148E-05	-1.126972E-04	-1.502630E-04	-1.878287E-04	+1.878287E-04	+1.502630E-04	+1.126972E-04	+7.513148E-05	+3.756574E-05	+0.000000E+00	-3.756574E-05	-7.513148E-05	-1.126972E-04	-1.502630E-04	-1.878287E-04	+1.878287E-04	+1.502630E-04	+1.126972E-04	+7.513148E-05	+3.756574E-05	+0.000000E+00	-3.756574E-05	-7.513148E-05	-1.126972E-04	-1.502630E-04	-1.878287E-04	+1.878287E-04	+1.502630E-04	+1.126972E-04	+7.513148E-05	+3.756574E-05	+0.000000E+00	-3.756574E-05	-7.513148E-05	-1.126972E-04	-1.502630E-04	-1.878287E-04	+1.878287E-04	+1.502630E-04	+1.126972E-04	+7.513148E-05	+3.756574E-05	+0.000000E+00	-3.756574E-05	-7.513148E-05	-1.126972E-04	-1.502630E-04	-1.878287E-04	+1.502630E-04	+1.202104E-04	+9.015778E-05	+6.010518E-05	+3.005259E-05	+0.000000E+00	-3.005259E-05	-6.010518E-05	-9.015778E-05	-1.202104E-04	-1.502630E-04	+1.502630E-04	+1.202104E-04	+9.015778E-05	+6.010518E-05	+3.005259E-05	+0.000000E+00	-3.005259E-05	-6.010518E-05	-9.015778E-05	-1.202104E-04	-1.502630E-04	+1.502630E-04	+1.202104E-04	+9.015778E-05	+6.010518E-05	+3.005259E-05	+0.000000E+00	-3.005259E-05	-6.010518E-05	-9.015778E-05	-1.202104E-04	-1.502630E-04	+1.502630E-04	+1.202104E-04	+9.015778E-05	+6.010518E-05	+3.005259E-05	+0.000000E+00	-3.005259E-05	-6.010518E-05	-9.015778E-05	-1.202104E-04	-1.502630E-04	+1.502630E-04	+1.202104E-04	+9.015778E-05	+6.010518E-05	+3.005259E-05	+0.000000E+00	-3.005259E-05	-6.010518E-05	-9.015778E-05	-1.202104E-04	-1.502630E-04	+1.502630E-04	+1.202104E-04	+9.015778E-05	+6.010518E-05	+3.005259E-05	+0.000000E+00	-3.005259E-05	-6.010518E-05	-9.015778E-05	-1.202104E-04	-1.502630E-04	+1.502630E-04	+1.202104E-04	+9.015778E-05	+6.010518E-05	+3.005259E-05	+0.000000E+00	-3.005259E-05	-6.010518E-05	-9.015778E-05	-1.202104E-04	-1.502630E-04	+1.502630E-04	+1.202104E-04	+9.015778E-05	+6.010518E-05	+3.005259E-05	+0.000000E+00	-3.005259E-05	-6.010518E-05	-9.015778E-05	-1.202104E-04	-1.502630E-04	+1.502630E-04	+1.202104E-04	+9.015778E-05	+6.010518E-05	+3.005259E-05	+0.000000E+00	-3.005259E-05	-6.010518E-05	-9.015778E-05	-1.202104E-04	-1.502630E-04	+1.502630E-04	+1.202104E-04	+9.015778E-05	+6.010518E-05	+3.005259E-05	+0.000000E+00	-3.005259E-05	-6.010518E-05	-9.015778E-05	-1.202104E-04	-1.502630E-04	+1.502630E-04	+1.202104E-04	+9.015778E-05	+6.010518E-05	+3.005259E-05	+0.000000E+00	-3.005259E-05	-6.010518E-05	-9.015778E-05	-1.202104E-04	-1.502630E-04	+1.126972E-04	+9.015778E-05	+6.761833E-05	+4.507889E-05	+2.253944E-05	+0.000000E+00	-2.253944E-05	-4.507889E-05	-6.761833E-05	-9.015778E-05	-1.126972E-04	+1.126972E-04	+9.015778E-05	+6.761833E-05	+4.507889E-05	+2.253944E-05	+0.000000E+00	-2.253944E-05	-4.507889E-05	-6.761833E-05	-9.015778E-05	-1.126972E-04	+1.126972E-04	+9.015778E-05	+6.761833E-05	+4.507889E-05	+2.253944E-05	+0.000000E+00	-2.253944E-05	-4.507889E-05	-6.761833E-05	-9.015778E-05	-1.126972E-04	+1.126972E-04	+9.015778E-05	+6.761833E-05	+4.507889E-05	+2.253944E-05	+0.000000E+00	-2.253944E-05	-4.507889E-05	-6.761833E-05	-9.015778E-05	-1.126972E-04	+1.126972E-04	+9.015778E-05	+6.761833E-05	+4.507889E-05	+2.253944E-05	+0.000000E+00	-2.253944E-05	-4.507889E-05	-6.761833E-05	-9.015778E-05	-1.126972E-04	+1.126972E-04	+9.015778E-05	+6.761833E-05	+4.507889E-05	+2.253944E-05	+0.000000E+00	-2.253944E-05	-4.507889E-05	-6.761833E-05	-9.015778E-05	-1.126972E-04	+1.126972E-04	+9.015778E-05	+6.761833E-05	+4.507889E-05	+2.253944E-05	+0.000000E+00	-2.253944E-05	-4.507889E-05	-6.761833E-05	-9.015778E-05	-1.126972E-04	+1.126972E-04	+9.015778E-05	+6.761833E-05	+4.507889E-05	+2.253944E-05	+0.000000E+00	-2.253944E-05	-4.507889E-05	-6.761833E-05	-9.015778E-05	-1.126972E-04	+1.126972E-04	+9.015778E-05	+6.761833E-05	+4.507889E-05	+2.253944E-05	+0.000000E+00	-2.253944E-05	-4.507889E-05	-6.761833E-05	-9.015778E-05	-1.126972E-04	+1.126972E-04	+9.015778E-05	+6.761833E-05	+4.507889E-05	+2.253944E-05	+0.000000E+00	-2.253944E-05	-4.507889E-05	-6.761833E-05	-9.015778E-05	-1.126972E-04	+1.126972E-04	+9.015778E-05	+6.761833E-05	+4.507889E-05	+2.253944E-05	+0.000000E+00	-2.253944E-05	-4.507889E-05	-6.761833E-05	-9.015778E-05	-1.126972E-04	+7.513148E-05	+6.010518E-05	+4.507889E-05	+3.005259E-05	+1.502630E-05	+0.000000E+00	-1.502630E-05	-3.005259E-05	-4.507889E-05	-6.010518E-05	-7.513148E-05	+7.513148E-05	+6.010518E-05	+4.507889E-05	+3.005259E-05	+1.502630E-05	+0.000000E+00	-1.502630E-05	-3.005259E-05	-4.507889E-05	-6.010518E-05	-7.513148E-05	+7.513148E-05	+6.010518E-05	+4.507889E-05	+3.005259E-05	+1.502630E-05	+0.000000E+00	-1.502630E-05	-3.005259E-05	-4.507889E-05	-6.010518E-05	-7.513148E-05	+7.513148E-05	+6.010518E-05	+4.507889E-05	+3.005259E-05	+1.502630E-05	+0.000000E+00	-1.502630E-05	-3.005259E-05	-4.507889E-05	-6.010518E-05	-7.513148E-05	+7.513148E-05	+6.010518E-05	+4.507889E-05	+3.005259E-05	+1.502630E-05	+0.000000E+00	-1.502630E-05	-3.005259E-05	-4.507889E-05	-6.010518E-05	-7.513148E-05	+7.513148E-05	+6.010518E-05	+4.507889E-05	+3.005259E-05	+1.502630E-05	+0.000000E+00	-1.502630E-05	-3.005259E-05	-4.507889E-05	-6.010518E-05	-7.513148E-05	+7.513148E-05	+6.010518E-05	+4.507889E-05	+3.005259E-05	+1.502630E-05	+0.000000E+00	-1.502630E-05	-3.005259E-05	-4.507889E-05	-6.010518E-05	-7.513148E-05	+7.513148E-05	+6.010518E-05	+4.507889E-05	+3.005259E-05	+1.502630E-05	+0.000000E+00	-1.502630E-05	-3.005259E-05	-4.507889E-05	-6.010518E-05	-7.513148E-05	+7.513148E-05	+6.010518E-05	+4.507889E-05	+3.005259E-05	+1.502630E-05	+0.000000E+00	-1.502630E-05	-3.005259E-05	-4.507889E-05	-6.010518E-05	-7.513148E-05	+7.513148E-05	+6.010518E-05	+4.507889E-05	+3.005259E-05	+1.502630E-05	+0.000000E+00	-1.502630E-05	-3.005259E-05	-4.507889E-05	-6.010518E-05	-7.513148E-05	+7.513148E-05	+6.010518E-05	+4.507889E-05	+3.005259E-05	+1.502630E-05	+0.000000E+00	-1.502630E-05	-3.005259E-05	-4.507889E-05	-6.010518E-05	-7.513148E-05	+3.756574E-05	+3.005259E-05	+2.253944E-05	+1.502630E-05	+7.513148E-06	+0.000000E+00	-7.513148E-06	-1.502630E-05	-2.253944E-05	-3.005259E-05	-3.756574E-05	+3.756574E-05	+3.005259E-05	+2.253944E-05	+1.502630E-05	+7.513148E-06	+0.000000E+00	-7.513148E-06	-1.502630E-05	-2.253944E-05	-3.005259E-05	-3.756574E-05	+3.756574E-05	+3.005259E-05	+2.253944E-05	+1.502630E-05	+7.513148E-06	+0.000000E+00	-7.513148E-06	-1.502630E-05	-2.253944E-05	-3.005259E-05	-3.756574E-05	+3.756574E-05	+3.005259E-05	+2.253944E-05	+1.502630E-05	+7.513148E-06	+0.000000E+00	-7.513148E-06	-1.502630E-05	-2.253944E-05	-3.005259E-05	-3.756574E-05	+3.756574E-05	+3.005259E-05	+2.253944E-05	+1.502630E-05	+7.513148E-06	+0.000000E+00	-7.513148E-06	-1.502630E-05	-2.253944E-05	-3.005259E-05	-3.756574E-05	+3.756574E-05	+3.005259E-05	+2.253944E-05	+1.502630E-05	+7.513148E-06	+0.000000E+00	-7.513148E-06	-1.502630E-05	-2.253944E-05	-3.005259E-05	-3.756574E-05	+3.756574E-05	+3.005259E-05	+2.253944E-05	+1.502630E-05	+7.513148E-06	+0.000000E+00	-7.513148E-06	-1.502630E-05	-2.253944E-05	-3.005259E-05	-3.756574E-05	+3.756574E-05	+3.005259E-05	+2.253944E-05	+1.502630E-05	+7.513148E-06	+0.000000E+00	-7.513148E-06	-1.502630E-05	-2.253944E-05	-3.005259E-05	-3.756574E-05	+3.756574E-05	+3.005259E-05	+2.253944E-05	+1.502630E-05	+7.513148E-06	+0.000000E+00	-7.513148E-06	-1.502630E-05	-2.253944E-05	-3.005259E-05	-3.756574E-05	+3.756574E-05	+3.005259E-05	+2.253944E-05	+1.502630E-05	+7.513148E-06	+0.000000E+00	-7.513148E-06	-1.502630E-05	-2.253944E-05	-3.005259E-05	-3.756574E-05	+3.756574E-05	+3.005259E-05	+2.253944E-05	+1.502630E-05	+7.513148E-06	+0.000000E+00	-7.513148E-06	-1.502630E-05	-2.253944E-05	-3.005259E-05	-3.756574E-05	+0.000000E+00	+0.000000E+00	+0.000000E+00	+0.000000E+00	+0.000000E+00	+0.000000E+00	+0.000000E+00	+0.000000E+00	+0.000000E+00	+0.000000E+00	+0.000000E+00	+0.000000E+00	+0.000000E+00	+0.000000E+00	+0.000000E+00	+0.000000E+00	+0.000000E+00	+0.000000E+00	+0.000000E+00	+0.000000E+00	+0.000000E+00	+0.000000E+00	+0.000000E+00	+0.000000E+00	+0.000000E+00	+0.000000E+00	+0.000000E+00	+0.000000E+00	+0.000000E+00	+0.000000E+00	+0.000000E+00	+0.000000E+00	+0.000000E+00	+0.000000E+00	+0.000000E+00	+0.000000E+00	+0.000000E+00	+0.000000E+00	+0.000000E+00	+0.000000E+00	+0.000000E+00	+0.000000E+00	+0.000000E+00	+0.000000E+00	+0.000000E+00	+0.000000E+00	+0.000000E+00	+0.000000E+00	+0.000000E+00	+0.000000E+00	+0.000000E+00	+0.000000E+00	+0.000000E+00	+0.000000E+00	+0.000000E+00	+0.000000E+00	+0.000000E+00	+0.000000E+00	+0.000000E+00	+0.000000E+00	+0.000000E+00
	S	+1.878287E-04	+1.878287E-04	+1.878287E-04	+1.878287E-04	+1.878287E-04	+1.878287E-04	+1.878287E-04	+1.878287E-04	+1.878287E-04	+1.878287E-04	+1.878287E-04	+1.502630E-04	+1.502630E-04	+1.502630E-04	+1.502630E-04	+1.502630E-04	+1.502630E-04	+1.502630E-04	+1.502630E-04	+1.502630E-04	+1.502630E-04	+1.502630E-04	+1.126972E-04	+1.126972E-04	+1.126972E-04	+1.126972E-04	+1.126972E-04	+1.126972E-04	+1.126972E-04	+1.126972E-04	+1.126972E-04	+1.126972E-04	+1.126972E-04	+7.513148E-05	+7.513148E-05	+7.513148E-05	+7.513148E-05	+7.513148E-05	+7.513148E-05	+7.513148E-05	+7.513148E-05	+7.513148E-05	+7.513148E-05	+7.513148E-05	+3.756574E-05	+3.756574E-05	+3.756574E-05	+3.756574E-05	+3.756574E-05	+3.756574E-05	+3.756574E-05	+3.756574E-05	+3.756574E-05	+3.756574E-05	+3.756574E-05	+0.000000E+00	+0.000000E+00	+0.000000E+00	+0.000000E+00	+0.000000E+00	+0.000000E+00	+0.000000E+00	+0.000000E+00	+0.000000E+00	+0.000000E+00	+0.000000E+00	-3.756574E-05	-3.756574E-05	-3.756574E-05	-3.756574E-05	-3.756574E-05	-3.756574E-05	-3.756574E-05	-3.756574E-05	-3.756574E-05	-3.756574E-05	-3.756574E-05	-7.513148E-05	-7.513148E-05	-7.513148E-05	-7.513148E-05	-7.513148E-05	-7.513148E-05	-7.513148E-05	-7.513148E-05	-7.513148E-05	-7.513148E-05	-7.513148E-05	-1.126972E-04	-1.126972E-04	-1.126972E-04	-1.126972E-04	-1.126972E-04	-1.126972E-04	-1.126972E-04	-1.126972E-04	-1.126972E-04	-1.126972E-04	-1.126972E-04	-1.502630E-04	-1.502630E-04	-1.502630E-04	-1.502630E-04	-1.502630E-04	-1.502630E-04	-1.502630E-04	-1.502630E-04	-1.502630E-04	-1.502630E-04	-1.502630E-04	-1.878287E-04	-1.878287E-04	-1.878287E-04	-1.878287E-04	-1.878287E-04	-1.878287E-04	-1.878287E-04	-1.878287E-04	-1.878287E-04	-1.878287E-04	-1.878287E-04	+1.502630E-04	+1.502630E-04	+1.502630E-04	+1.502630E-04	+1.502630E-04	+1.502630E-04	+1.502630E-04	+1.502630E-04	+1.502630E-04	+1.502630E-04	+1.502630E-04	+1.202104E-04	+1.202104E-04	+1.202104E-04	+1.202104E-04	+1.202104E-04	+1.202104E-04	+1.202104E-04	+1.202104E-04	+1.202104E-04	+1.202104E-04	+1.202104E-04	+9.015778E-05	+9.015778E-05	+9.015778E-05	+9.015778E-05	+9.015778E-05	+9.015778E-05	+9.015778E-05	+9.015778E-05	+9.015778E-05	+9.015778E-05	+9.015778E-05	+6.010518E-05	+6.010518E-05	+6.010518E-05	+6.010518E-05	+6.010518E-05	+6.010518E-05	+6.010518E-05	+6.010518E-05	+6.010518E-05	+6.010518E-05	+6.010518E-05	+3.005259E-05	+3.005259E-05	+3.005259E-05	+3.005259E-05	+3.005259E-05	+3.005259E-05	+3.005259E-05	+3.005259E-05	+3.005259E-05	+3.005259E-05	+3.005259E-05	+0.000000E+00	+0.000000E+00	+0.000000E+00	+0.000000E+00	+0.000000E+00	+0.000000E+00	+0.000000E+00	+0.000000E+00	+0.000000E+00	+0.000000E+00	+0.000000E+00	-3.005259E-05	-3.005259E-05	-3.005259E-05	-3.005259E-05	-3.005259E-05	-3.005259E-05	-3.005259E-05	-3.005259E-05	-3.005259E-05	-3.005259E-05	-3.005259E-05	-6.010518E-05	-6.010518E-05	-6.010518E-05	-6.010518E-05	-6.010518E-05	-6.010518E-05	-6.010518E-05	-6.010518E-05	-6.010518E-05	-6.010518E-05	-6.010518E-05	-9.015778E-05	-9.015778E-05	-9.015778E-05	-9.015778E-05	-9.015778E-05	-9.015778E-05	-9.015778E-05	-9.015778E-05	-9.015778E-05	-9.015778E-05	-9.015778E-05	-1.202104E-04	-1.202104E-04	-1.202104E-04	-1.202104E-04	-1.202104E-04	-1.202104E-04	-1.202104E-04	-1.202104E-04	-1.202104E-04	-1.202104E-04	-1.202104E-04	-1.502630E-04	-1.502630E-04	-1.502630E-04	-1.502630E-04	-1.502630E-04	-1.502630E-04	-1.502630E-04	-1.502630E-04	-1.502630E-04	-1.502630E-04	-1.502630E-04	+1.126972E-04	+1.126972E-04	+1.126972E-04	+1.126972E-04	+1.126972E-04	+1.126972E-04	+1.126972E-04	+1.126972E-04	+1.126972E-04	+1.126972E-04	+1.126972E-04	+9.015778E-05	+9.015778E-05	+9.015778E-05	+9.015778E-05	+9.015778E-05	+9.015778E-05	+9.015778E-05	+9.015778E-05	+9.015778E-05	+9.015778E-05	+9.015778E-05	+6.761833E-05	+6.761833E-05	+6.761833E-05	+6.761833E-05	+6.761833E-05	+6.761833E-05	+6.761833E-05	+6.761833E-05	+6.761833E-05	+6.761833E-05	+6.761833E-05	+4.507889E-05	+4.507889E-05	+4.507889E-05	+4.507889E-05	+4.507889E-05	+4.507889E-05	+4.507889E-05	+4.507889E-05	+4.507889E-05	+4.507889E-05	+4.507889E-05	+2.253944E-05	+2.253944E-05	+2.253944E-05	+2.253944E-05	+2.253944E-05	+2.253944E-05	+2.253944E-05	+2.253944E-05	+2.253944E-05	+2.253944E-05	+2.253944E-05	+0.000000E+00	+0.000000E+00	+0.000000E+00	+0.000000E+00	+0.000000E+00	+0.000000E+00	+0.000000E+00	+0.000000E+00	+0.000000E+00	+0.000000E+00	+0.000000E+00	-2.253944E-05	-2.253944E-05	-2.253944E-05	-2.253944E-05	-2.253944E-05	-2.253944E-05	-2.253944E-05	-2.253944E-05	-2.253944E-05	-2.253944E-05	-2.253944E-05	-4.507889E-05	-4.507889E-05	-4.507889E-05	-4.507889E-05	-4.507889E-05	-4.507889E-05	-4.507889E-05	-4.507889E-05	-4.507889E-05	-4.507889E-05	-4.507889E-05	-6.761833E-05	-6.761833E-05	-6.761833E-05	-6.761833E-05	-6.761833E-05	-6.761833E-05	-6.761833E-05	-6.761833E-05	-6.761833E-05	-6.761833E-05	-6.761833E-05	-9.015778E-05	-9.015778E-05	-9.015778E-05	-9.015778E-05	-9.015778E-05	-9.015778E-05	-9.015778E-05	-9.015778E-05	-9.015778E-05	-9.015778E-05	-9.015778E-05	-1.126972E-04	-1.126972E-04	-1.126972E-04	-1.126972E-04	-1.126972E-04	-1.126972E-04	-1.126972E-04	-1.126972E-04	-1.126972E-04	-1.126972E-04	-1.126972E-04	+7.513148E-05	+7.513148E-05	+7.513148E-05	+7.513148E-05	+7.513148E-05	+7.513148E-05	+7.513148E-05	+7.513148E-05	+7.513148E-05	+7.513148E-05	+7.513148E-05	+6.010518E-05	+6.010518E-05	+6.010518E-05	+6.010518E-05	+6.010518E-05	+6.010518E-05	+6.010518E-05	+6.010518E-05	+6.010518E-05	+6.010518E-05	+6.010518E-05	+4.507889E-05	+4.507889E-05	+4.507889E-05	+4.507889E-05	+4.507889E-05	+4.507889E-05	+4.507889E-05	+4.507889E-05	+4.507889E-05	+4.507889E-05	+4.507889E-05	+3.005259E-05	+3.005259E-05	+3.005259E-05	+3.005259E-05	+3.005259E-05	+3.005259E-05	+3.005259E-05	+3.005259E-05	+3.005259E-05	+3.005259E-05	+3.005259E-05	+1.502630E-05	+1.502630E-05	+1.502630E-05	+1.502630E-05	+1.502630E-05	+1.502630E-05	+1.502630E-05	+1.502630E-05	+1.502630E-05	+1.502630E-05	+1.502630E-05	+0.000000E+00	+0.000000E+00	+0.000000E+00	+0.000000E+00	+0.000000E+00	+0.000000E+00	+0.000000E+00	+0.000000E+00	+0.000000E+00	+0.000000E+00	+0.000000E+00	-1.502630E-05	-1.502630E-05	-1.502630E-05	-1.502630E-05	-1.502630E-05	-1.502630E-05	-1.502630E-05	-1.502630E-05	-1.502630E-05	-1.502630E-05	-1.502630E-05	-3.005259E-05	-3.005259E-05	-3.005259E-05	-3.005259E-05	-3.005259E-05	-3.005259E-05	-3.005259E-05	-3.005259E-05	-3.005259E-05	-3.005259E-05	-3.005259E-05	-4.507889E-05	-4.507889E-05	-4.507889E-05	-4.507889E-05	-4.507889E-05	-4.507889E-05	-4.507889E-05	-4.507889E-05	-4.507889E-05	-4.507889E-05	-4.507889E-05	-6.010518E-05	-6.010518E-05	-6.010518E-05	-6.010518E-05	-6.010518E-05	-6.010518E-05	-6.010518E-05	-6.010518E-05	-6.010518E-05	-6.010518E-05	-6.010518E-05	-7.513148E-05	-7.513148E-05	-7.513148E-05	-7.513148E-05	-7.513148E-05	-7.513148E-05	-7.513148E-05	-7.513148E-05	-7.513148E-05	-7.513148E-05	-7.513148E-05	+3.756574E-05	+3.756574E-05	+3.756574E-05	+3.756574E-05	+3.756574E-05	+3.756574E-05	+3.756574E-05	+3.756574E-05	+3.756574E-05	+3.756574E-05	+3.756574E-05	+3.005259E-05	+3.005259E-05	+3.005259E-05	+3.005259E-05	+3.005259E-05	+3.005259E-05	+3.005259E-05	+3.005259E-05	+3.005259E-05	+3.005259E-05	+3.005259E-05	+2.253944E-05	+2.253944E-05	+2.253944E-05	+2.253944E-05	+2.253944E-05	+2.253944E-05	+2.253944E-05	+2.253944E-05	+2.253944E-05	+2.253944E-05	+2.253944E-05	+1.502630E-05	+1.502630E-05	+1.502630E-05	+1.502630E-05	+1.502630E-05	+1.502630E-05	+1.502630E-05	+1.502630E-05	+1.502630E-05	+1.502630E-05	+1.502630E-05	+7.513148E-06	+7.513148E-06	+7.513148E-06	+7.513148E-06	+7.513148E-06	+7.513148E-06	+7.513148E-06	+7.513148E-06	+7.513148E-06	+7.513148E-06	+7.513148E-06	+0.000000E+00	+0.000000E+00	+0.000000E+00	+0.000000E+00	+0.000000E+00	+0.000000E+00	+0.000000E+00	+0.000000E+00	+0.000000E+00	+0.000000E+00	+0.000000E+00	-7.513148E-06	-7.513148E-06	-7.513148E-06	-7.513148E-06	-7.513148E-06	-7.513148E-06	-7.513148E-06	-7.513148E-06	-7.513148E-06	-7.513148E-06	-7.513148E-06	-1.502630E-05	-1.502630E-05	-1.502630E-05	-1.502630E-05	-1.502630E-05	-1.502630E-05	-1.502630E-05	-1.502630E-05	-1.502630E-05	-1.502630E-05	-1.502630E-05	-2.253944E-05	-2.253944E-05	-2.253944E-05	-2.253944E-05	-2.253944E-05	-2.253944E-05	-2.253944E-05	-2.253944E-05	-2.253944E-05	-2.253944E-05	-2.253944E-05	-3.005259E-05	-3.005259E-05	-3.005259E-05	-3.005259E-05	-3.005259E-05	-3.005259E-05	-3.005259E-05	-3.005259E-05	-3.005259E-05	-3.005259E-05	-3.005259E-05	-3.756574E-05	-3.756574E-05	-3.756574E-05	-3.756574E-05	-3.756574E-05	-3.756574E-05	-3.756574E-05	-3.756574E-05	-3.756574E-05	-3.756574E-05	-3.756574E-05	+0.000000E+00	+0.000000E+00	+0.000000E+00	+0.000000E+00	+0.000000E+00	+0.000000E+00	+0.000000E+00	+0.000000E+00	+0.000000E+00	+0.000000E+00	+0.000000E+00	+0.000000E+00	+0.000000E+00	+0.000000E+00	+0.000000E+00	+0.000000E+00	+0.000000E+00	+0.000000E+00	+0.000000E+00	+0.000000E+00	+0.000000E+00	+0.000000E+00	+0.000000E+00	+0.000000E+00	+0.000000E+00	+0.000000E+00	+0.000000E+00	+0.000000E+00	+0.000000E+00	+0.000000E+00	+0.000000E+00	+0.000000E+00	+0.000000E+00	+0.000000E+00	+0.000000E+00	+0.000000E+00	+0.000000E+00	+0.000000E+00	+0.000000E+00	+0.000000E+00	+0.000000E+00	+0.000000E+00	+0.000000E+00	+0.000000E+00	+0.000000E+00	+0.000000E+00	+0.000000E+00	+0.000000E+00	+0.000000E+00	+0.000000E+00	+0.000000E+00	+0.000000E+00	+0.000000E+00	+0.000000E+00	+0.000000E+00	+0.000000E+00	+0.000000E+00	+0.000000E+00	+0.000000E+00	+0.000000E+00	+0.000000E+00
	A	-9.391435E-05	-7.513148E-05	-5.634861E-05	-3.756574E-05	-1.878287E-05	+0.000000E+00	+1.878287E-05	+3.756574E-05	+5.634861E-05	+7.513148E-05	+9.391435E-05	-7.513148E-05	-6.010518E-05	-4.507889E-05	-3.005259E-05	-1.502630E-05	+0.000000E+00	+1.502630E-05	+3.005259E-05	+4.507889E-05	+6.010518E-05	+7.513148E-05	-5.634861E-05	-4.507889E-05	-3.380917E-05	-2.253944E-05	-1.126972E-05	+0.000000E+00	+1.126972E-05	+2.253944E-05	+3.380917E-05	+4.507889E-05	+5.634861E-05	-3.756574E-05	-3.005259E-05	-2.253944E-05	-1.502630E-05	-7.513148E-06	+0.000000E+00	+7.513148E-06	+1.502630E-05	+2.253944E-05	+3.005259E-05	+3.756574E-05	-1.878287E-05	-1.502630E-05	-1.126972E-05	-7.513148E-06	-3.756574E-06	+0.000000E+00	+3.756574E-06	+7.513148E-06	+1.126972E-05	+1.502630E-05	+1.878287E-05	+0.000000E+00	+0.000000E+00	+0.000000E+00	+0.000000E+00	+0.000000E+00	+0.000000E+00	+0.000000E+00	+0.000000E+00	+0.000000E+00	+0.000000E+00	+0.000000E+00	+1.878287E-05	+1.502630E-05	+1.126972E-05	+7.513148E-06	+3.756574E-06	+0.000000E+00	-3.756574E-06	-7.513148E-06	-1.126972E-05	-1.502630E-05	-1.878287E-05	+3.756574E-05	+3.005259E-05	+2.253944E-05	+1.502630E-05	+7.513148E-06	+0.000000E+00	-7.513148E-06	-1.502630E-05	-2.253944E-05	-3.005259E-05	-3.756574E-05	+5.634861E-05	+4.507889E-05	+3.380917E-05	+2.253944E-05	+1.126972E-05	+0.000000E+00	-1.126972E-05	-2.253944E-05	-3.380917E-05	-4.507889E-05	-5.634861E-05	+7.513148E-05	+6.010518E-05	+4.507889E-05	+3.005259E-05	+1.502630E-05	+0.000000E+00	-1.502630E-05	-3.005259E-05	-4.507889E-05	-6.010518E-05	-7.513148E-05	+9.391435E-05	+7.513148E-05	+5.634861E-05	+3.756574E-05	+1.878287E-05	+0.000000E+00	-1.878287E-05	-3.756574E-05	-5.634861E-05	-7.513148E-05	-9.391435E-05	-7.513148E-05	-6.010518E-05	-4.507889E-05	-3.005259E-05	-1.502630E-05	+0.000000E+00	+1.502630E-05	+3.005259E-05	+4.507889E-05	+6.010518E-05	+7.513148E-05	-6.010518E-05	-4.808415E-05	-3.606311E-05	-2.404207E-05	-1.202104E-05	+0.000000E+00	+1.202104E-05	+2.404207E-05	+3.606311E-05	+4.808415E-05	+6.010518E-05	-4.507889E-05	-3.606311E-05	-2.704733E-05	-1.803156E-05	-9.015778E-06	+0.000000E+00	+9.015778E-06	+1.803156E-05	+2.704733E-05	+3.606311E-05	+4.507889E-05	-3.005259E-05	-2.404207E-05	-1.803156E-05	-1.202104E-05	-6.010518E-06	+0.000000E+00	+6.010518E-06	+1.202104E-05	+1.803156E-05	+2.404207E-05	+3.005259E-05	-1.502630E-05	-1.202104E-05	-9.015778E-06	-6.010518E-06	-3.005259E-06	+0.000000E+00	+3.005259E-06	+6.010518E-06	+9.015778E-06	+1.202104E-05	+1.502630E-05	+0.000000E+00	+0.000000E+00	+0.000000E+00	+0.000000E+00	+0.000000E+00	+0.000000E+00	+0.000000E+00	+0.000000E+00	+0.000000E+00	+0.000000E+00	+0.000000E+00	+1.502630E-05	+1.202104E-05	+9.015778E-06	+6.010518E-06	+3.005259E-06	+0.000000E+00	-3.005259E-06	-6.010518E-06	-9.015778E-06	-1.202104E-05	-1.502630E-05	+3.005259E-05	+2.404207E-05	+1.803156E-05	+1.202104E-05	+6.010518E-06	+0.000000E+00	-6.010518E-06	-1.202104E-05	-1.803156E-05	-2.404207E-05	-3.005259E-05	+4.507889E-05	+3.606311E-05	+2.704733E-05	+1.803156E-05	+9.015778E-06	+0.000000E+00	-9.015778E-06	-1.803156E-05	-2.704733E-05	-3.606311E-05	-4.507889E-05	+6.010518E-05	+4.808415E-05	+3.606311E-05	+2.404207E-05	+1.202104E-05	+0.000000E+00	-1.202104E-05	-2.404207E-05	-3.606311E-05	-4.808415E-05	-6.010518E-05	+7.513148E-05	+6.010518E-05	+4.507889E-05	+3.005259E-05	+1.502630E-05	+0.000000E+00	-1.502630E-05	-3.005259E-05	-4.507889E-05	-6.010518E-05	-7.513148E-05	-5.634861E-05	-4.507889E-05	-3.380917E-05	-2.253944E-05	-1.126972E-05	+0.000000E+00	+1.126972E-05	+2.253944E-05	+3.380917E-05	+4.507889E-05	+5.634861E-05	-4.507889E-05	-3.606311E-05	-2.704733E-05	-1.803156E-05	-9.015778E-06	+0.000000E+00	+9.015778E-06	+1.803156E-05	+2.704733E-05	+3.606311E-05	+4.507889E-05	-3.380917E-05	-2.704733E-05	-2.028550E-05	-1.352367E-05	-6.761833E-06	+0.000000E+00	+6.761833E-06	+1.352367E-05	+2.028550E-05	+2.704733E-05	+3.380917E-05	-2.253944E-05	-1.803156E-05	-1.352367E-05	-9.015778E-06	-4.507889E-06	+0.000000E+00	+4.507889E-06	+9.015778E-06	+1.352367E-05	+1.803156E-05	+2.253944E-05	-1.126972E-05	-9.015778E-06	-6.761833E-06	-4.507889E-06	-2.253944E-06	+0.000000E+00	+2.253944E-06	+4.507889E-06	+6.761833E-06	+9.015778E-06	+1.126972E-05	+0.000000E+00	+0.000000E+00	+0.000000E+00	+0.000000E+00	+0.000000E+00	+0.000000E+00	+0.000000E+00	+0.000000E+00	+0.000000E+00	+0.000000E+00	+0.000000E+00	+1.126972E-05	+9.015778E-06	+6.761833E-06	+4.507889E-06	+2.253944E-06	+0.000000E+00	-2.253944E-06	-4.507889E-06	-6.761833E-06	-9.015778E-06	-1.126972E-05	+2.253944E-05	+1.803156E-05	+1.352367E-05	+9.015778E-06	+4.507889E-06	+0.000000E+00	-4.507889E-06	-9.015778E-06	-1.352367E-05	-1.803156E-05	-2.253944E-05	+3.380917E-05	+2.704733E-05	+2.028550E-05	+1.352367E-05	+6.761833E-06	+0.000000E+00	-6.761833E-06	-1.352367E-05	-2.028550E-05	-2.704733E-05	-3.380917E-05	+4.507889E-05	+3.606311E-05	+2.704733E-05	+1.803156E-05	+9.015778E-06	+0.000000E+00	-9.015778E-06	-1.803156E-05	-2.704733E-05	-3.606311E-05	-4.507889E-05	+5.634861E-05	+4.507889E-05	+3.380917E-05	+2.253944E-05	+1.126972E-05	+0.000000E+00	-1.126972E-05	-2.253944E-05	-3.380917E-05	-4.507889E-05	-5.634861E-05	-3.756574E-05	-3.005259E-05	-2.253944E-05	-1.502630E-05	-7.513148E-06	+0.000000E+00	+7.513148E-06	+1.502630E-05	+2.253944E-05	+3.005259E-05	+3.756574E-05	-3.005259E-05	-2.404207E-05	-1.803156E-05	-1.202104E-05	-6.010518E-06	+0.000000E+00	+6.010518E-06	+1.202104E-05	+1.803156E-05	+2.404207E-05	+3.005259E-05	-2.253944E-05	-1.803156E-05	-1.352367E-05	-9.015778E-06	-4.507889E-06	+0.000000E+00	+4.507889E-06	+9.015778E-06	+1.352367E-05	+1.803156E-05	+2.253944E-05	-1.502630E-05	-1.202104E-05	-9.015778E-06	-6.010518E-06	-3.005259E-06	+0.000000E+00	+3.005259E-06	+6.010518E-06	+9.015778E-06	+1.202104E-05	+1.502630E-05	-7.513148E-06	-6.010518E-06	-4.507889E-06	-3.005259E-06	-1.502630E-06	+0.000000E+00	+1.502630E-06	+3.005259E-06	+4.507889E-06	+6.010518E-06	+7.513148E-06	+0.000000E+00	+0.000000E+00	+0.000000E+00	+0.000000E+00	+0.000000E+00	+0.000000E+00	+0.000000E+00	+0.000000E+00	+0.000000E+00	+0.000000E+00	+0.000000E+00	+7.513148E-06	+6.010518E-06	+4.507889E-06	+3.005259E-06	+1.502630E-06	+0.000000E+00	-1.502630E-06	-3.005259E-06	-4.507889E-06	-6.010518E-06	-7.513148E-06	+1.502630E-05	+1.202104E-05	+9.015778E-06	+6.010518E-06	+3.005259E-06	+0.000000E+00	-3.005259E-06	-6.010518E-06	-9.015778E-06	-1.202104E-05	-1.502630E-05	+2.253944E-05	+1.803156E-05	+1.352367E-05	+9.015778E-06	+4.507889E-06	+0.000000E+00	-4.507889E-06	-9.015778E-06	-1.352367E-05	-1.803156E-05	-2.253944E-05	+3.005259E-05	+2.404207E-05	+1.803156E-05	+1.202104E-05	+6.010518E-06	+0.000000E+00	-6.010518E-06	-1.202104E-05	-1.803156E-05	-2.404207E-05	-3.005259E-05	+3.756574E-05	+3.005259E-05	+2.253944E-05	+1.502630E-05	+7.513148E-06	+0.000000E+00	-7.513148E-06	-1.502630E-05	-2.253944E-05	-3.005259E-05	-3.756574E-05	-1.878287E-05	-1.502630E-05	-1.126972E-05	-7.513148E-06	-3.756574E-06	+0.000000E+00	+3.756574E-06	+7.513148E-06	+1.126972E-05	+1.502630E-05	+1.878287E-05	-1.502630E-05	-1.202104E-05	-9.015778E-06	-6.010518E-06	-3.005259E-06	+0.000000E+00	+3.005259E-06	+6.010518E-06	+9.015778E-06	+1.202104E-05	+1.502630E-05	-1.126972E-05	-9.015778E-06	-6.761833E-06	-4.507889E-06	-2.253944E-06	+0.000000E+00	+2.253944E-06	+4.507889E-06	+6.761833E-06	+9.015778E-06	+1.126972E-05	-7.513148E-06	-6.010518E-06	-4.507889E-06	-3.005259E-06	-1.502630E-06	+0.000000E+00	+1.502630E-06	+3.005259E-06	+4.507889E-06	+6.010518E-06	+7.513148E-06	-3.756574E-06	-3.005259E-06	-2.253944E-06	-1.502630E-06	-7.513148E-07	+0.000000E+00	+7.513148E-07	+1.502630E-06	+2.253944E-06	+3.005259E-06	+3.756574E-06	+0.000000E+00	+0.000000E+00	+0.000000E+00	+0.000000E+00	+0.000000E+00	+0.000000E+00	+0.000000E+00	+0.000000E+00	+0.000000E+00	+0.000000E+00	+0.000000E+00	+3.756574E-06	+3.005259E-06	+2.253944E-06	+1.502630E-06	+7.513148E-07	+0.000000E+00	-7.513148E-07	-1.502630E-06	-2.253944E-06	-3.005259E-06	-3.756574E-06	+7.513148E-06	+6.010518E-06	+4.507889E-06	+3.005259E-06	+1.502630E-06	+0.000000E+00	-1.502630E-06	-3.005259E-06	-4.507889E-06	-6.010518E-06	-7.513148E-06	+1.126972E-05	+9.015778E-06	+6.761833E-06	+4.507889E-06	+2.253944E-06	+0.000000E+00	-2.253944E-06	-4.507889E-06	-6.761833E-06	-9.015778E-06	-1.126972E-05	+1.502630E-05	+1.202104E-05	+9.015778E-06	+6.010518E-06	+3.005259E-06	+0.000000E+00	-3.005259E-06	-6.010518E-06	-9.015778E-06	-1.202104E-05	-1.502630E-05	+1.878287E-05	+1.502630E-05	+1.126972E-05	+7.513148E-06	+3.756574E-06	+0.000000E+00	-3.756574E-06	-7.513148E-06	-1.126972E-05	-1.502630E-05	-1.878287E-05	+0.000000E+00	+0.000000E+00	+0.000000E+00	+0.000000E+00	+0.000000E+00	+0.000000E+00	+0.000000E+00	+0.000000E+00	+0.000000E+00	+0.000000E+00	+0.000000E+00	+0.000000E+00	+0.000000E+00	+0.000000E+00	+0.000000E+00	+0.000000E+00	+0.000000E+00	+0.000000E+00	+0.000000E+00	+0.000000E+00	+0.000000E+00	+0.000000E+00	+0.000000E+00	+0.000000E+00	+0.000000E+00	+0.000000E+00	+0.000000E+00	+0.000000E+00	+0.000000E+00	+0.000000E+00	+0.000000E+00	+0.000000E+00	+0.000000E+00	+0.000000E+00	+0.000000E+00	+0.000000E+00	+0.000000E+00	+0.000000E+00	+0.000000E+00	+0.000000E+00	+0.000000E+00	+0.000000E+00	+0.000000E+00	+0.000000E+00	+0.000000E+00	+0.000000E+00	+0.000000E+00	+0.000000E+00	+0.000000E+00	+0.000000E+00	+0.000000E+00	+0.000000E+00	+0.000000E+00	+0.000000E+00	+0.000000E+00	+0.000000E+00	+0.000000E+00	+0.000000E+00	+0.000000E+00	+0.000000E+00	+0.000000E+00
# Matrix ends.
#
#
# ---------------------------------- LICENSE NOTICE -----------------------------------
# THIS DATA IS RELEASED UNDER THE CREATIVE COMMONS LICENSE "CC BY-NC-SA 4.0".
#   This license lets you remix, tweak, and build upon this work non-commercially,
#   as long as you credit me and license your new creations under the terms identical
#   to the current license.
# SEE "https://creativecommons.org/licenses/by-nc-sa/4.0" FOR DETAILS.
#
# RELEASED BY: Chandra Shekhar
#      E-mail: chandraiitk[AT]yahoo[DOT]co[DOT]in
#    Homepage: https://sites.google.com/site/chandraacads
# FOR ANY QUESTION OR COMMENT, OR FOR A COMMERCIAL LICENSE, PLEASE EMAIL ME.
#
# For additional details, please visit my homepage.
#
# ==================================== End of File ====================================
