# ================================== Start of File ====================================
# Spatial dimensions = 2
# Kernel size = 47x47
# Polynomial order = 1x1
# Size of the convolution coefficient matrix = 4x2209
#
# Column# 1:
#    S/A => The left and the right halves of the row are symmetric(S)/anti-symmetric(A) about the middle column.
#           If symmetric elements on the right half, their signs are same as the corresponding elements on the left side.
#           If anti-symmetric elements, the signs are opposite.
# Column# 2~1105 = the left-half columns of the row.
# Column# 1106 = the middle column of the row.
# Column# 1107~2210, which are the right-half columns, are not stored, because they are symmetric/anti-symmetric
#           of the elements in the column# 1105~2, respectively.
# Matrix starts:
	S	+4.526935E-04	+4.526935E-04	+4.526935E-04	+4.526935E-04	+4.526935E-04	+4.526935E-04	+4.526935E-04	+4.526935E-04	+4.526935E-04	+4.526935E-04	+4.526935E-04	+4.526935E-04	+4.526935E-04	+4.526935E-04	+4.526935E-04	+4.526935E-04	+4.526935E-04	+4.526935E-04	+4.526935E-04	+4.526935E-04	+4.526935E-04	+4.526935E-04	+4.526935E-04	+4.526935E-04	+4.526935E-04	+4.526935E-04	+4.526935E-04	+4.526935E-04	+4.526935E-04	+4.526935E-04	+4.526935E-04	+4.526935E-04	+4.526935E-04	+4.526935E-04	+4.526935E-04	+4.526935E-04	+4.526935E-04	+4.526935E-04	+4.526935E-04	+4.526935E-04	+4.526935E-04	+4.526935E-04	+4.526935E-04	+4.526935E-04	+4.526935E-04	+4.526935E-04	+4.526935E-04	+4.526935E-04	+4.526935E-04	+4.526935E-04	+4.526935E-04	+4.526935E-04	+4.526935E-04	+4.526935E-04	+4.526935E-04	+4.526935E-04	+4.526935E-04	+4.526935E-04	+4.526935E-04	+4.526935E-04	+4.526935E-04	+4.526935E-04	+4.526935E-04	+4.526935E-04	+4.526935E-04	+4.526935E-04	+4.526935E-04	+4.526935E-04	+4.526935E-04	+4.526935E-04	+4.526935E-04	+4.526935E-04	+4.526935E-04	+4.526935E-04	+4.526935E-04	+4.526935E-04	+4.526935E-04	+4.526935E-04	+4.526935E-04	+4.526935E-04	+4.526935E-04	+4.526935E-04	+4.526935E-04	+4.526935E-04	+4.526935E-04	+4.526935E-04	+4.526935E-04	+4.526935E-04	+4.526935E-04	+4.526935E-04	+4.526935E-04	+4.526935E-04	+4.526935E-04	+4.526935E-04	+4.526935E-04	+4.526935E-04	+4.526935E-04	+4.526935E-04	+4.526935E-04	+4.526935E-04	+4.526935E-04	+4.526935E-04	+4.526935E-04	+4.526935E-04	+4.526935E-04	+4.526935E-04	+4.526935E-04	+4.526935E-04	+4.526935E-04	+4.526935E-04	+4.526935E-04	+4.526935E-04	+4.526935E-04	+4.526935E-04	+4.526935E-04	+4.526935E-04	+4.526935E-04	+4.526935E-04	+4.526935E-04	+4.526935E-04	+4.526935E-04	+4.526935E-04	+4.526935E-04	+4.526935E-04	+4.526935E-04	+4.526935E-04	+4.526935E-04	+4.526935E-04	+4.526935E-04	+4.526935E-04	+4.526935E-04	+4.526935E-04	+4.526935E-04	+4.526935E-04	+4.526935E-04	+4.526935E-04	+4.526935E-04	+4.526935E-04	+4.526935E-04	+4.526935E-04	+4.526935E-04	+4.526935E-04	+4.526935E-04	+4.526935E-04	+4.526935E-04	+4.526935E-04	+4.526935E-04	+4.526935E-04	+4.526935E-04	+4.526935E-04	+4.526935E-04	+4.526935E-04	+4.526935E-04	+4.526935E-04	+4.526935E-04	+4.526935E-04	+4.526935E-04	+4.526935E-04	+4.526935E-04	+4.526935E-04	+4.526935E-04	+4.526935E-04	+4.526935E-04	+4.526935E-04	+4.526935E-04	+4.526935E-04	+4.526935E-04	+4.526935E-04	+4.526935E-04	+4.526935E-04	+4.526935E-04	+4.526935E-04	+4.526935E-04	+4.526935E-04	+4.526935E-04	+4.526935E-04	+4.526935E-04	+4.526935E-04	+4.526935E-04	+4.526935E-04	+4.526935E-04	+4.526935E-04	+4.526935E-04	+4.526935E-04	+4.526935E-04	+4.526935E-04	+4.526935E-04	+4.526935E-04	+4.526935E-04	+4.526935E-04	+4.526935E-04	+4.526935E-04	+4.526935E-04	+4.526935E-04	+4.526935E-04	+4.526935E-04	+4.526935E-04	+4.526935E-04	+4.526935E-04	+4.526935E-04	+4.526935E-04	+4.526935E-04	+4.526935E-04	+4.526935E-04	+4.526935E-04	+4.526935E-04	+4.526935E-04	+4.526935E-04	+4.526935E-04	+4.526935E-04	+4.526935E-04	+4.526935E-04	+4.526935E-04	+4.526935E-04	+4.526935E-04	+4.526935E-04	+4.526935E-04	+4.526935E-04	+4.526935E-04	+4.526935E-04	+4.526935E-04	+4.526935E-04	+4.526935E-04	+4.526935E-04	+4.526935E-04	+4.526935E-04	+4.526935E-04	+4.526935E-04	+4.526935E-04	+4.526935E-04	+4.526935E-04	+4.526935E-04	+4.526935E-04	+4.526935E-04	+4.526935E-04	+4.526935E-04	+4.526935E-04	+4.526935E-04	+4.526935E-04	+4.526935E-04	+4.526935E-04	+4.526935E-04	+4.526935E-04	+4.526935E-04	+4.526935E-04	+4.526935E-04	+4.526935E-04	+4.526935E-04	+4.526935E-04	+4.526935E-04	+4.526935E-04	+4.526935E-04	+4.526935E-04	+4.526935E-04	+4.526935E-04	+4.526935E-04	+4.526935E-04	+4.526935E-04	+4.526935E-04	+4.526935E-04	+4.526935E-04	+4.526935E-04	+4.526935E-04	+4.526935E-04	+4.526935E-04	+4.526935E-04	+4.526935E-04	+4.526935E-04	+4.526935E-04	+4.526935E-04	+4.526935E-04	+4.526935E-04	+4.526935E-04	+4.526935E-04	+4.526935E-04	+4.526935E-04	+4.526935E-04	+4.526935E-04	+4.526935E-04	+4.526935E-04	+4.526935E-04	+4.526935E-04	+4.526935E-04	+4.526935E-04	+4.526935E-04	+4.526935E-04	+4.526935E-04	+4.526935E-04	+4.526935E-04	+4.526935E-04	+4.526935E-04	+4.526935E-04	+4.526935E-04	+4.526935E-04	+4.526935E-04	+4.526935E-04	+4.526935E-04	+4.526935E-04	+4.526935E-04	+4.526935E-04	+4.526935E-04	+4.526935E-04	+4.526935E-04	+4.526935E-04	+4.526935E-04	+4.526935E-04	+4.526935E-04	+4.526935E-04	+4.526935E-04	+4.526935E-04	+4.526935E-04	+4.526935E-04	+4.526935E-04	+4.526935E-04	+4.526935E-04	+4.526935E-04	+4.526935E-04	+4.526935E-04	+4.526935E-04	+4.526935E-04	+4.526935E-04	+4.526935E-04	+4.526935E-04	+4.526935E-04	+4.526935E-04	+4.526935E-04	+4.526935E-04	+4.526935E-04	+4.526935E-04	+4.526935E-04	+4.526935E-04	+4.526935E-04	+4.526935E-04	+4.526935E-04	+4.526935E-04	+4.526935E-04	+4.526935E-04	+4.526935E-04	+4.526935E-04	+4.526935E-04	+4.526935E-04	+4.526935E-04	+4.526935E-04	+4.526935E-04	+4.526935E-04	+4.526935E-04	+4.526935E-04	+4.526935E-04	+4.526935E-04	+4.526935E-04	+4.526935E-04	+4.526935E-04	+4.526935E-04	+4.526935E-04	+4.526935E-04	+4.526935E-04	+4.526935E-04	+4.526935E-04	+4.526935E-04	+4.526935E-04	+4.526935E-04	+4.526935E-04	+4.526935E-04	+4.526935E-04	+4.526935E-04	+4.526935E-04	+4.526935E-04	+4.526935E-04	+4.526935E-04	+4.526935E-04	+4.526935E-04	+4.526935E-04	+4.526935E-04	+4.526935E-04	+4.526935E-04	+4.526935E-04	+4.526935E-04	+4.526935E-04	+4.526935E-04	+4.526935E-04	+4.526935E-04	+4.526935E-04	+4.526935E-04	+4.526935E-04	+4.526935E-04	+4.526935E-04	+4.526935E-04	+4.526935E-04	+4.526935E-04	+4.526935E-04	+4.526935E-04	+4.526935E-04	+4.526935E-04	+4.526935E-04	+4.526935E-04	+4.526935E-04	+4.526935E-04	+4.526935E-04	+4.526935E-04	+4.526935E-04	+4.526935E-04	+4.526935E-04	+4.526935E-04	+4.526935E-04	+4.526935E-04	+4.526935E-04	+4.526935E-04	+4.526935E-04	+4.526935E-04	+4.526935E-04	+4.526935E-04	+4.526935E-04	+4.526935E-04	+4.526935E-04	+4.526935E-04	+4.526935E-04	+4.526935E-04	+4.526935E-04	+4.526935E-04	+4.526935E-04	+4.526935E-04	+4.526935E-04	+4.526935E-04	+4.526935E-04	+4.526935E-04	+4.526935E-04	+4.526935E-04	+4.526935E-04	+4.526935E-04	+4.526935E-04	+4.526935E-04	+4.526935E-04	+4.526935E-04	+4.526935E-04	+4.526935E-04	+4.526935E-04	+4.526935E-04	+4.526935E-04	+4.526935E-04	+4.526935E-04	+4.526935E-04	+4.526935E-04	+4.526935E-04	+4.526935E-04	+4.526935E-04	+4.526935E-04	+4.526935E-04	+4.526935E-04	+4.526935E-04	+4.526935E-04	+4.526935E-04	+4.526935E-04	+4.526935E-04	+4.526935E-04	+4.526935E-04	+4.526935E-04	+4.526935E-04	+4.526935E-04	+4.526935E-04	+4.526935E-04	+4.526935E-04	+4.526935E-04	+4.526935E-04	+4.526935E-04	+4.526935E-04	+4.526935E-04	+4.526935E-04	+4.526935E-04	+4.526935E-04	+4.526935E-04	+4.526935E-04	+4.526935E-04	+4.526935E-04	+4.526935E-04	+4.526935E-04	+4.526935E-04	+4.526935E-04	+4.526935E-04	+4.526935E-04	+4.526935E-04	+4.526935E-04	+4.526935E-04	+4.526935E-04	+4.526935E-04	+4.526935E-04	+4.526935E-04	+4.526935E-04	+4.526935E-04	+4.526935E-04	+4.526935E-04	+4.526935E-04	+4.526935E-04	+4.526935E-04	+4.526935E-04	+4.526935E-04	+4.526935E-04	+4.526935E-04	+4.526935E-04	+4.526935E-04	+4.526935E-04	+4.526935E-04	+4.526935E-04	+4.526935E-04	+4.526935E-04	+4.526935E-04	+4.526935E-04	+4.526935E-04	+4.526935E-04	+4.526935E-04	+4.526935E-04	+4.526935E-04	+4.526935E-04	+4.526935E-04	+4.526935E-04	+4.526935E-04	+4.526935E-04	+4.526935E-04	+4.526935E-04	+4.526935E-04	+4.526935E-04	+4.526935E-04	+4.526935E-04	+4.526935E-04	+4.526935E-04	+4.526935E-04	+4.526935E-04	+4.526935E-04	+4.526935E-04	+4.526935E-04	+4.526935E-04	+4.526935E-04	+4.526935E-04	+4.526935E-04	+4.526935E-04	+4.526935E-04	+4.526935E-04	+4.526935E-04	+4.526935E-04	+4.526935E-04	+4.526935E-04	+4.526935E-04	+4.526935E-04	+4.526935E-04	+4.526935E-04	+4.526935E-04	+4.526935E-04	+4.526935E-04	+4.526935E-04	+4.526935E-04	+4.526935E-04	+4.526935E-04	+4.526935E-04	+4.526935E-04	+4.526935E-04	+4.526935E-04	+4.526935E-04	+4.526935E-04	+4.526935E-04	+4.526935E-04	+4.526935E-04	+4.526935E-04	+4.526935E-04	+4.526935E-04	+4.526935E-04	+4.526935E-04	+4.526935E-04	+4.526935E-04	+4.526935E-04	+4.526935E-04	+4.526935E-04	+4.526935E-04	+4.526935E-04	+4.526935E-04	+4.526935E-04	+4.526935E-04	+4.526935E-04	+4.526935E-04	+4.526935E-04	+4.526935E-04	+4.526935E-04	+4.526935E-04	+4.526935E-04	+4.526935E-04	+4.526935E-04	+4.526935E-04	+4.526935E-04	+4.526935E-04	+4.526935E-04	+4.526935E-04	+4.526935E-04	+4.526935E-04	+4.526935E-04	+4.526935E-04	+4.526935E-04	+4.526935E-04	+4.526935E-04	+4.526935E-04	+4.526935E-04	+4.526935E-04	+4.526935E-04	+4.526935E-04	+4.526935E-04	+4.526935E-04	+4.526935E-04	+4.526935E-04	+4.526935E-04	+4.526935E-04	+4.526935E-04	+4.526935E-04	+4.526935E-04	+4.526935E-04	+4.526935E-04	+4.526935E-04	+4.526935E-04	+4.526935E-04	+4.526935E-04	+4.526935E-04	+4.526935E-04	+4.526935E-04	+4.526935E-04	+4.526935E-04	+4.526935E-04	+4.526935E-04	+4.526935E-04	+4.526935E-04	+4.526935E-04	+4.526935E-04	+4.526935E-04	+4.526935E-04	+4.526935E-04	+4.526935E-04	+4.526935E-04	+4.526935E-04	+4.526935E-04	+4.526935E-04	+4.526935E-04	+4.526935E-04	+4.526935E-04	+4.526935E-04	+4.526935E-04	+4.526935E-04	+4.526935E-04	+4.526935E-04	+4.526935E-04	+4.526935E-04	+4.526935E-04	+4.526935E-04	+4.526935E-04	+4.526935E-04	+4.526935E-04	+4.526935E-04	+4.526935E-04	+4.526935E-04	+4.526935E-04	+4.526935E-04	+4.526935E-04	+4.526935E-04	+4.526935E-04	+4.526935E-04	+4.526935E-04	+4.526935E-04	+4.526935E-04	+4.526935E-04	+4.526935E-04	+4.526935E-04	+4.526935E-04	+4.526935E-04	+4.526935E-04	+4.526935E-04	+4.526935E-04	+4.526935E-04	+4.526935E-04	+4.526935E-04	+4.526935E-04	+4.526935E-04	+4.526935E-04	+4.526935E-04	+4.526935E-04	+4.526935E-04	+4.526935E-04	+4.526935E-04	+4.526935E-04	+4.526935E-04	+4.526935E-04	+4.526935E-04	+4.526935E-04	+4.526935E-04	+4.526935E-04	+4.526935E-04	+4.526935E-04	+4.526935E-04	+4.526935E-04	+4.526935E-04	+4.526935E-04	+4.526935E-04	+4.526935E-04	+4.526935E-04	+4.526935E-04	+4.526935E-04	+4.526935E-04	+4.526935E-04	+4.526935E-04	+4.526935E-04	+4.526935E-04	+4.526935E-04	+4.526935E-04	+4.526935E-04	+4.526935E-04	+4.526935E-04	+4.526935E-04	+4.526935E-04	+4.526935E-04	+4.526935E-04	+4.526935E-04	+4.526935E-04	+4.526935E-04	+4.526935E-04	+4.526935E-04	+4.526935E-04	+4.526935E-04	+4.526935E-04	+4.526935E-04	+4.526935E-04	+4.526935E-04	+4.526935E-04	+4.526935E-04	+4.526935E-04	+4.526935E-04	+4.526935E-04	+4.526935E-04	+4.526935E-04	+4.526935E-04	+4.526935E-04	+4.526935E-04	+4.526935E-04	+4.526935E-04	+4.526935E-04	+4.526935E-04	+4.526935E-04	+4.526935E-04	+4.526935E-04	+4.526935E-04	+4.526935E-04	+4.526935E-04	+4.526935E-04	+4.526935E-04	+4.526935E-04	+4.526935E-04	+4.526935E-04	+4.526935E-04	+4.526935E-04	+4.526935E-04	+4.526935E-04	+4.526935E-04	+4.526935E-04	+4.526935E-04	+4.526935E-04	+4.526935E-04	+4.526935E-04	+4.526935E-04	+4.526935E-04	+4.526935E-04	+4.526935E-04	+4.526935E-04	+4.526935E-04	+4.526935E-04	+4.526935E-04	+4.526935E-04	+4.526935E-04	+4.526935E-04	+4.526935E-04	+4.526935E-04	+4.526935E-04	+4.526935E-04	+4.526935E-04	+4.526935E-04	+4.526935E-04	+4.526935E-04	+4.526935E-04	+4.526935E-04	+4.526935E-04	+4.526935E-04	+4.526935E-04	+4.526935E-04	+4.526935E-04	+4.526935E-04	+4.526935E-04	+4.526935E-04	+4.526935E-04	+4.526935E-04	+4.526935E-04	+4.526935E-04	+4.526935E-04	+4.526935E-04	+4.526935E-04	+4.526935E-04	+4.526935E-04	+4.526935E-04	+4.526935E-04	+4.526935E-04	+4.526935E-04	+4.526935E-04	+4.526935E-04	+4.526935E-04	+4.526935E-04	+4.526935E-04	+4.526935E-04	+4.526935E-04	+4.526935E-04	+4.526935E-04	+4.526935E-04	+4.526935E-04	+4.526935E-04	+4.526935E-04	+4.526935E-04	+4.526935E-04	+4.526935E-04	+4.526935E-04	+4.526935E-04	+4.526935E-04	+4.526935E-04	+4.526935E-04	+4.526935E-04	+4.526935E-04	+4.526935E-04	+4.526935E-04	+4.526935E-04	+4.526935E-04	+4.526935E-04	+4.526935E-04	+4.526935E-04	+4.526935E-04	+4.526935E-04	+4.526935E-04	+4.526935E-04	+4.526935E-04	+4.526935E-04	+4.526935E-04	+4.526935E-04	+4.526935E-04	+4.526935E-04	+4.526935E-04	+4.526935E-04	+4.526935E-04	+4.526935E-04	+4.526935E-04	+4.526935E-04	+4.526935E-04	+4.526935E-04	+4.526935E-04	+4.526935E-04	+4.526935E-04	+4.526935E-04	+4.526935E-04	+4.526935E-04	+4.526935E-04	+4.526935E-04	+4.526935E-04	+4.526935E-04	+4.526935E-04	+4.526935E-04	+4.526935E-04	+4.526935E-04	+4.526935E-04	+4.526935E-04	+4.526935E-04	+4.526935E-04	+4.526935E-04	+4.526935E-04	+4.526935E-04	+4.526935E-04	+4.526935E-04	+4.526935E-04	+4.526935E-04	+4.526935E-04	+4.526935E-04	+4.526935E-04	+4.526935E-04	+4.526935E-04	+4.526935E-04	+4.526935E-04	+4.526935E-04	+4.526935E-04	+4.526935E-04	+4.526935E-04	+4.526935E-04	+4.526935E-04	+4.526935E-04	+4.526935E-04	+4.526935E-04	+4.526935E-04	+4.526935E-04	+4.526935E-04	+4.526935E-04	+4.526935E-04	+4.526935E-04	+4.526935E-04	+4.526935E-04	+4.526935E-04	+4.526935E-04	+4.526935E-04	+4.526935E-04	+4.526935E-04	+4.526935E-04	+4.526935E-04	+4.526935E-04	+4.526935E-04	+4.526935E-04	+4.526935E-04	+4.526935E-04	+4.526935E-04	+4.526935E-04	+4.526935E-04	+4.526935E-04	+4.526935E-04	+4.526935E-04	+4.526935E-04	+4.526935E-04	+4.526935E-04	+4.526935E-04	+4.526935E-04	+4.526935E-04	+4.526935E-04	+4.526935E-04	+4.526935E-04	+4.526935E-04	+4.526935E-04	+4.526935E-04	+4.526935E-04	+4.526935E-04	+4.526935E-04	+4.526935E-04	+4.526935E-04	+4.526935E-04	+4.526935E-04	+4.526935E-04	+4.526935E-04	+4.526935E-04	+4.526935E-04	+4.526935E-04	+4.526935E-04	+4.526935E-04	+4.526935E-04	+4.526935E-04	+4.526935E-04	+4.526935E-04	+4.526935E-04	+4.526935E-04	+4.526935E-04	+4.526935E-04	+4.526935E-04	+4.526935E-04	+4.526935E-04	+4.526935E-04	+4.526935E-04	+4.526935E-04	+4.526935E-04	+4.526935E-04	+4.526935E-04	+4.526935E-04	+4.526935E-04	+4.526935E-04	+4.526935E-04	+4.526935E-04	+4.526935E-04	+4.526935E-04	+4.526935E-04	+4.526935E-04	+4.526935E-04	+4.526935E-04	+4.526935E-04	+4.526935E-04	+4.526935E-04	+4.526935E-04	+4.526935E-04	+4.526935E-04	+4.526935E-04	+4.526935E-04	+4.526935E-04	+4.526935E-04	+4.526935E-04	+4.526935E-04	+4.526935E-04	+4.526935E-04	+4.526935E-04	+4.526935E-04	+4.526935E-04	+4.526935E-04	+4.526935E-04	+4.526935E-04	+4.526935E-04	+4.526935E-04	+4.526935E-04	+4.526935E-04	+4.526935E-04	+4.526935E-04	+4.526935E-04	+4.526935E-04	+4.526935E-04	+4.526935E-04	+4.526935E-04	+4.526935E-04	+4.526935E-04	+4.526935E-04	+4.526935E-04	+4.526935E-04	+4.526935E-04	+4.526935E-04	+4.526935E-04	+4.526935E-04	+4.526935E-04	+4.526935E-04	+4.526935E-04	+4.526935E-04	+4.526935E-04	+4.526935E-04	+4.526935E-04	+4.526935E-04	+4.526935E-04	+4.526935E-04	+4.526935E-04	+4.526935E-04	+4.526935E-04	+4.526935E-04	+4.526935E-04	+4.526935E-04	+4.526935E-04	+4.526935E-04	+4.526935E-04	+4.526935E-04	+4.526935E-04	+4.526935E-04	+4.526935E-04	+4.526935E-04	+4.526935E-04	+4.526935E-04	+4.526935E-04	+4.526935E-04	+4.526935E-04	+4.526935E-04	+4.526935E-04	+4.526935E-04	+4.526935E-04	+4.526935E-04	+4.526935E-04	+4.526935E-04	+4.526935E-04	+4.526935E-04	+4.526935E-04	+4.526935E-04	+4.526935E-04	+4.526935E-04	+4.526935E-04	+4.526935E-04	+4.526935E-04	+4.526935E-04	+4.526935E-04	+4.526935E-04	+4.526935E-04	+4.526935E-04	+4.526935E-04	+4.526935E-04	+4.526935E-04	+4.526935E-04	+4.526935E-04	+4.526935E-04	+4.526935E-04	+4.526935E-04	+4.526935E-04	+4.526935E-04	+4.526935E-04	+4.526935E-04	+4.526935E-04	+4.526935E-04	+4.526935E-04	+4.526935E-04	+4.526935E-04	+4.526935E-04	+4.526935E-04	+4.526935E-04	+4.526935E-04	+4.526935E-04	+4.526935E-04	+4.526935E-04	+4.526935E-04	+4.526935E-04	+4.526935E-04	+4.526935E-04	+4.526935E-04	+4.526935E-04	+4.526935E-04	+4.526935E-04	+4.526935E-04	+4.526935E-04	+4.526935E-04	+4.526935E-04	+4.526935E-04	+4.526935E-04	+4.526935E-04	+4.526935E-04	+4.526935E-04	+4.526935E-04	+4.526935E-04	+4.526935E-04	+4.526935E-04
	A	-5.658669E-05	-5.412640E-05	-5.166611E-05	-4.920582E-05	-4.674553E-05	-4.428524E-05	-4.182495E-05	-3.936465E-05	-3.690436E-05	-3.444407E-05	-3.198378E-05	-2.952349E-05	-2.706320E-05	-2.460291E-05	-2.214262E-05	-1.968233E-05	-1.722204E-05	-1.476175E-05	-1.230145E-05	-9.841164E-06	-7.380873E-06	-4.920582E-06	-2.460291E-06	+0.000000E+00	+2.460291E-06	+4.920582E-06	+7.380873E-06	+9.841164E-06	+1.230145E-05	+1.476175E-05	+1.722204E-05	+1.968233E-05	+2.214262E-05	+2.460291E-05	+2.706320E-05	+2.952349E-05	+3.198378E-05	+3.444407E-05	+3.690436E-05	+3.936465E-05	+4.182495E-05	+4.428524E-05	+4.674553E-05	+4.920582E-05	+5.166611E-05	+5.412640E-05	+5.658669E-05	-5.658669E-05	-5.412640E-05	-5.166611E-05	-4.920582E-05	-4.674553E-05	-4.428524E-05	-4.182495E-05	-3.936465E-05	-3.690436E-05	-3.444407E-05	-3.198378E-05	-2.952349E-05	-2.706320E-05	-2.460291E-05	-2.214262E-05	-1.968233E-05	-1.722204E-05	-1.476175E-05	-1.230145E-05	-9.841164E-06	-7.380873E-06	-4.920582E-06	-2.460291E-06	+0.000000E+00	+2.460291E-06	+4.920582E-06	+7.380873E-06	+9.841164E-06	+1.230145E-05	+1.476175E-05	+1.722204E-05	+1.968233E-05	+2.214262E-05	+2.460291E-05	+2.706320E-05	+2.952349E-05	+3.198378E-05	+3.444407E-05	+3.690436E-05	+3.936465E-05	+4.182495E-05	+4.428524E-05	+4.674553E-05	+4.920582E-05	+5.166611E-05	+5.412640E-05	+5.658669E-05	-5.658669E-05	-5.412640E-05	-5.166611E-05	-4.920582E-05	-4.674553E-05	-4.428524E-05	-4.182495E-05	-3.936465E-05	-3.690436E-05	-3.444407E-05	-3.198378E-05	-2.952349E-05	-2.706320E-05	-2.460291E-05	-2.214262E-05	-1.968233E-05	-1.722204E-05	-1.476175E-05	-1.230145E-05	-9.841164E-06	-7.380873E-06	-4.920582E-06	-2.460291E-06	+0.000000E+00	+2.460291E-06	+4.920582E-06	+7.380873E-06	+9.841164E-06	+1.230145E-05	+1.476175E-05	+1.722204E-05	+1.968233E-05	+2.214262E-05	+2.460291E-05	+2.706320E-05	+2.952349E-05	+3.198378E-05	+3.444407E-05	+3.690436E-05	+3.936465E-05	+4.182495E-05	+4.428524E-05	+4.674553E-05	+4.920582E-05	+5.166611E-05	+5.412640E-05	+5.658669E-05	-5.658669E-05	-5.412640E-05	-5.166611E-05	-4.920582E-05	-4.674553E-05	-4.428524E-05	-4.182495E-05	-3.936465E-05	-3.690436E-05	-3.444407E-05	-3.198378E-05	-2.952349E-05	-2.706320E-05	-2.460291E-05	-2.214262E-05	-1.968233E-05	-1.722204E-05	-1.476175E-05	-1.230145E-05	-9.841164E-06	-7.380873E-06	-4.920582E-06	-2.460291E-06	+0.000000E+00	+2.460291E-06	+4.920582E-06	+7.380873E-06	+9.841164E-06	+1.230145E-05	+1.476175E-05	+1.722204E-05	+1.968233E-05	+2.214262E-05	+2.460291E-05	+2.706320E-05	+2.952349E-05	+3.198378E-05	+3.444407E-05	+3.690436E-05	+3.936465E-05	+4.182495E-05	+4.428524E-05	+4.674553E-05	+4.920582E-05	+5.166611E-05	+5.412640E-05	+5.658669E-05	-5.658669E-05	-5.412640E-05	-5.166611E-05	-4.920582E-05	-4.674553E-05	-4.428524E-05	-4.182495E-05	-3.936465E-05	-3.690436E-05	-3.444407E-05	-3.198378E-05	-2.952349E-05	-2.706320E-05	-2.460291E-05	-2.214262E-05	-1.968233E-05	-1.722204E-05	-1.476175E-05	-1.230145E-05	-9.841164E-06	-7.380873E-06	-4.920582E-06	-2.460291E-06	+0.000000E+00	+2.460291E-06	+4.920582E-06	+7.380873E-06	+9.841164E-06	+1.230145E-05	+1.476175E-05	+1.722204E-05	+1.968233E-05	+2.214262E-05	+2.460291E-05	+2.706320E-05	+2.952349E-05	+3.198378E-05	+3.444407E-05	+3.690436E-05	+3.936465E-05	+4.182495E-05	+4.428524E-05	+4.674553E-05	+4.920582E-05	+5.166611E-05	+5.412640E-05	+5.658669E-05	-5.658669E-05	-5.412640E-05	-5.166611E-05	-4.920582E-05	-4.674553E-05	-4.428524E-05	-4.182495E-05	-3.936465E-05	-3.690436E-05	-3.444407E-05	-3.198378E-05	-2.952349E-05	-2.706320E-05	-2.460291E-05	-2.214262E-05	-1.968233E-05	-1.722204E-05	-1.476175E-05	-1.230145E-05	-9.841164E-06	-7.380873E-06	-4.920582E-06	-2.460291E-06	+0.000000E+00	+2.460291E-06	+4.920582E-06	+7.380873E-06	+9.841164E-06	+1.230145E-05	+1.476175E-05	+1.722204E-05	+1.968233E-05	+2.214262E-05	+2.460291E-05	+2.706320E-05	+2.952349E-05	+3.198378E-05	+3.444407E-05	+3.690436E-05	+3.936465E-05	+4.182495E-05	+4.428524E-05	+4.674553E-05	+4.920582E-05	+5.166611E-05	+5.412640E-05	+5.658669E-05	-5.658669E-05	-5.412640E-05	-5.166611E-05	-4.920582E-05	-4.674553E-05	-4.428524E-05	-4.182495E-05	-3.936465E-05	-3.690436E-05	-3.444407E-05	-3.198378E-05	-2.952349E-05	-2.706320E-05	-2.460291E-05	-2.214262E-05	-1.968233E-05	-1.722204E-05	-1.476175E-05	-1.230145E-05	-9.841164E-06	-7.380873E-06	-4.920582E-06	-2.460291E-06	+0.000000E+00	+2.460291E-06	+4.920582E-06	+7.380873E-06	+9.841164E-06	+1.230145E-05	+1.476175E-05	+1.722204E-05	+1.968233E-05	+2.214262E-05	+2.460291E-05	+2.706320E-05	+2.952349E-05	+3.198378E-05	+3.444407E-05	+3.690436E-05	+3.936465E-05	+4.182495E-05	+4.428524E-05	+4.674553E-05	+4.920582E-05	+5.166611E-05	+5.412640E-05	+5.658669E-05	-5.658669E-05	-5.412640E-05	-5.166611E-05	-4.920582E-05	-4.674553E-05	-4.428524E-05	-4.182495E-05	-3.936465E-05	-3.690436E-05	-3.444407E-05	-3.198378E-05	-2.952349E-05	-2.706320E-05	-2.460291E-05	-2.214262E-05	-1.968233E-05	-1.722204E-05	-1.476175E-05	-1.230145E-05	-9.841164E-06	-7.380873E-06	-4.920582E-06	-2.460291E-06	+0.000000E+00	+2.460291E-06	+4.920582E-06	+7.380873E-06	+9.841164E-06	+1.230145E-05	+1.476175E-05	+1.722204E-05	+1.968233E-05	+2.214262E-05	+2.460291E-05	+2.706320E-05	+2.952349E-05	+3.198378E-05	+3.444407E-05	+3.690436E-05	+3.936465E-05	+4.182495E-05	+4.428524E-05	+4.674553E-05	+4.920582E-05	+5.166611E-05	+5.412640E-05	+5.658669E-05	-5.658669E-05	-5.412640E-05	-5.166611E-05	-4.920582E-05	-4.674553E-05	-4.428524E-05	-4.182495E-05	-3.936465E-05	-3.690436E-05	-3.444407E-05	-3.198378E-05	-2.952349E-05	-2.706320E-05	-2.460291E-05	-2.214262E-05	-1.968233E-05	-1.722204E-05	-1.476175E-05	-1.230145E-05	-9.841164E-06	-7.380873E-06	-4.920582E-06	-2.460291E-06	+0.000000E+00	+2.460291E-06	+4.920582E-06	+7.380873E-06	+9.841164E-06	+1.230145E-05	+1.476175E-05	+1.722204E-05	+1.968233E-05	+2.214262E-05	+2.460291E-05	+2.706320E-05	+2.952349E-05	+3.198378E-05	+3.444407E-05	+3.690436E-05	+3.936465E-05	+4.182495E-05	+4.428524E-05	+4.674553E-05	+4.920582E-05	+5.166611E-05	+5.412640E-05	+5.658669E-05	-5.658669E-05	-5.412640E-05	-5.166611E-05	-4.920582E-05	-4.674553E-05	-4.428524E-05	-4.182495E-05	-3.936465E-05	-3.690436E-05	-3.444407E-05	-3.198378E-05	-2.952349E-05	-2.706320E-05	-2.460291E-05	-2.214262E-05	-1.968233E-05	-1.722204E-05	-1.476175E-05	-1.230145E-05	-9.841164E-06	-7.380873E-06	-4.920582E-06	-2.460291E-06	+0.000000E+00	+2.460291E-06	+4.920582E-06	+7.380873E-06	+9.841164E-06	+1.230145E-05	+1.476175E-05	+1.722204E-05	+1.968233E-05	+2.214262E-05	+2.460291E-05	+2.706320E-05	+2.952349E-05	+3.198378E-05	+3.444407E-05	+3.690436E-05	+3.936465E-05	+4.182495E-05	+4.428524E-05	+4.674553E-05	+4.920582E-05	+5.166611E-05	+5.412640E-05	+5.658669E-05	-5.658669E-05	-5.412640E-05	-5.166611E-05	-4.920582E-05	-4.674553E-05	-4.428524E-05	-4.182495E-05	-3.936465E-05	-3.690436E-05	-3.444407E-05	-3.198378E-05	-2.952349E-05	-2.706320E-05	-2.460291E-05	-2.214262E-05	-1.968233E-05	-1.722204E-05	-1.476175E-05	-1.230145E-05	-9.841164E-06	-7.380873E-06	-4.920582E-06	-2.460291E-06	+0.000000E+00	+2.460291E-06	+4.920582E-06	+7.380873E-06	+9.841164E-06	+1.230145E-05	+1.476175E-05	+1.722204E-05	+1.968233E-05	+2.214262E-05	+2.460291E-05	+2.706320E-05	+2.952349E-05	+3.198378E-05	+3.444407E-05	+3.690436E-05	+3.936465E-05	+4.182495E-05	+4.428524E-05	+4.674553E-05	+4.920582E-05	+5.166611E-05	+5.412640E-05	+5.658669E-05	-5.658669E-05	-5.412640E-05	-5.166611E-05	-4.920582E-05	-4.674553E-05	-4.428524E-05	-4.182495E-05	-3.936465E-05	-3.690436E-05	-3.444407E-05	-3.198378E-05	-2.952349E-05	-2.706320E-05	-2.460291E-05	-2.214262E-05	-1.968233E-05	-1.722204E-05	-1.476175E-05	-1.230145E-05	-9.841164E-06	-7.380873E-06	-4.920582E-06	-2.460291E-06	+0.000000E+00	+2.460291E-06	+4.920582E-06	+7.380873E-06	+9.841164E-06	+1.230145E-05	+1.476175E-05	+1.722204E-05	+1.968233E-05	+2.214262E-05	+2.460291E-05	+2.706320E-05	+2.952349E-05	+3.198378E-05	+3.444407E-05	+3.690436E-05	+3.936465E-05	+4.182495E-05	+4.428524E-05	+4.674553E-05	+4.920582E-05	+5.166611E-05	+5.412640E-05	+5.658669E-05	-5.658669E-05	-5.412640E-05	-5.166611E-05	-4.920582E-05	-4.674553E-05	-4.428524E-05	-4.182495E-05	-3.936465E-05	-3.690436E-05	-3.444407E-05	-3.198378E-05	-2.952349E-05	-2.706320E-05	-2.460291E-05	-2.214262E-05	-1.968233E-05	-1.722204E-05	-1.476175E-05	-1.230145E-05	-9.841164E-06	-7.380873E-06	-4.920582E-06	-2.460291E-06	+0.000000E+00	+2.460291E-06	+4.920582E-06	+7.380873E-06	+9.841164E-06	+1.230145E-05	+1.476175E-05	+1.722204E-05	+1.968233E-05	+2.214262E-05	+2.460291E-05	+2.706320E-05	+2.952349E-05	+3.198378E-05	+3.444407E-05	+3.690436E-05	+3.936465E-05	+4.182495E-05	+4.428524E-05	+4.674553E-05	+4.920582E-05	+5.166611E-05	+5.412640E-05	+5.658669E-05	-5.658669E-05	-5.412640E-05	-5.166611E-05	-4.920582E-05	-4.674553E-05	-4.428524E-05	-4.182495E-05	-3.936465E-05	-3.690436E-05	-3.444407E-05	-3.198378E-05	-2.952349E-05	-2.706320E-05	-2.460291E-05	-2.214262E-05	-1.968233E-05	-1.722204E-05	-1.476175E-05	-1.230145E-05	-9.841164E-06	-7.380873E-06	-4.920582E-06	-2.460291E-06	+0.000000E+00	+2.460291E-06	+4.920582E-06	+7.380873E-06	+9.841164E-06	+1.230145E-05	+1.476175E-05	+1.722204E-05	+1.968233E-05	+2.214262E-05	+2.460291E-05	+2.706320E-05	+2.952349E-05	+3.198378E-05	+3.444407E-05	+3.690436E-05	+3.936465E-05	+4.182495E-05	+4.428524E-05	+4.674553E-05	+4.920582E-05	+5.166611E-05	+5.412640E-05	+5.658669E-05	-5.658669E-05	-5.412640E-05	-5.166611E-05	-4.920582E-05	-4.674553E-05	-4.428524E-05	-4.182495E-05	-3.936465E-05	-3.690436E-05	-3.444407E-05	-3.198378E-05	-2.952349E-05	-2.706320E-05	-2.460291E-05	-2.214262E-05	-1.968233E-05	-1.722204E-05	-1.476175E-05	-1.230145E-05	-9.841164E-06	-7.380873E-06	-4.920582E-06	-2.460291E-06	+0.000000E+00	+2.460291E-06	+4.920582E-06	+7.380873E-06	+9.841164E-06	+1.230145E-05	+1.476175E-05	+1.722204E-05	+1.968233E-05	+2.214262E-05	+2.460291E-05	+2.706320E-05	+2.952349E-05	+3.198378E-05	+3.444407E-05	+3.690436E-05	+3.936465E-05	+4.182495E-05	+4.428524E-05	+4.674553E-05	+4.920582E-05	+5.166611E-05	+5.412640E-05	+5.658669E-05	-5.658669E-05	-5.412640E-05	-5.166611E-05	-4.920582E-05	-4.674553E-05	-4.428524E-05	-4.182495E-05	-3.936465E-05	-3.690436E-05	-3.444407E-05	-3.198378E-05	-2.952349E-05	-2.706320E-05	-2.460291E-05	-2.214262E-05	-1.968233E-05	-1.722204E-05	-1.476175E-05	-1.230145E-05	-9.841164E-06	-7.380873E-06	-4.920582E-06	-2.460291E-06	+0.000000E+00	+2.460291E-06	+4.920582E-06	+7.380873E-06	+9.841164E-06	+1.230145E-05	+1.476175E-05	+1.722204E-05	+1.968233E-05	+2.214262E-05	+2.460291E-05	+2.706320E-05	+2.952349E-05	+3.198378E-05	+3.444407E-05	+3.690436E-05	+3.936465E-05	+4.182495E-05	+4.428524E-05	+4.674553E-05	+4.920582E-05	+5.166611E-05	+5.412640E-05	+5.658669E-05	-5.658669E-05	-5.412640E-05	-5.166611E-05	-4.920582E-05	-4.674553E-05	-4.428524E-05	-4.182495E-05	-3.936465E-05	-3.690436E-05	-3.444407E-05	-3.198378E-05	-2.952349E-05	-2.706320E-05	-2.460291E-05	-2.214262E-05	-1.968233E-05	-1.722204E-05	-1.476175E-05	-1.230145E-05	-9.841164E-06	-7.380873E-06	-4.920582E-06	-2.460291E-06	+0.000000E+00	+2.460291E-06	+4.920582E-06	+7.380873E-06	+9.841164E-06	+1.230145E-05	+1.476175E-05	+1.722204E-05	+1.968233E-05	+2.214262E-05	+2.460291E-05	+2.706320E-05	+2.952349E-05	+3.198378E-05	+3.444407E-05	+3.690436E-05	+3.936465E-05	+4.182495E-05	+4.428524E-05	+4.674553E-05	+4.920582E-05	+5.166611E-05	+5.412640E-05	+5.658669E-05	-5.658669E-05	-5.412640E-05	-5.166611E-05	-4.920582E-05	-4.674553E-05	-4.428524E-05	-4.182495E-05	-3.936465E-05	-3.690436E-05	-3.444407E-05	-3.198378E-05	-2.952349E-05	-2.706320E-05	-2.460291E-05	-2.214262E-05	-1.968233E-05	-1.722204E-05	-1.476175E-05	-1.230145E-05	-9.841164E-06	-7.380873E-06	-4.920582E-06	-2.460291E-06	+0.000000E+00	+2.460291E-06	+4.920582E-06	+7.380873E-06	+9.841164E-06	+1.230145E-05	+1.476175E-05	+1.722204E-05	+1.968233E-05	+2.214262E-05	+2.460291E-05	+2.706320E-05	+2.952349E-05	+3.198378E-05	+3.444407E-05	+3.690436E-05	+3.936465E-05	+4.182495E-05	+4.428524E-05	+4.674553E-05	+4.920582E-05	+5.166611E-05	+5.412640E-05	+5.658669E-05	-5.658669E-05	-5.412640E-05	-5.166611E-05	-4.920582E-05	-4.674553E-05	-4.428524E-05	-4.182495E-05	-3.936465E-05	-3.690436E-05	-3.444407E-05	-3.198378E-05	-2.952349E-05	-2.706320E-05	-2.460291E-05	-2.214262E-05	-1.968233E-05	-1.722204E-05	-1.476175E-05	-1.230145E-05	-9.841164E-06	-7.380873E-06	-4.920582E-06	-2.460291E-06	+0.000000E+00	+2.460291E-06	+4.920582E-06	+7.380873E-06	+9.841164E-06	+1.230145E-05	+1.476175E-05	+1.722204E-05	+1.968233E-05	+2.214262E-05	+2.460291E-05	+2.706320E-05	+2.952349E-05	+3.198378E-05	+3.444407E-05	+3.690436E-05	+3.936465E-05	+4.182495E-05	+4.428524E-05	+4.674553E-05	+4.920582E-05	+5.166611E-05	+5.412640E-05	+5.658669E-05	-5.658669E-05	-5.412640E-05	-5.166611E-05	-4.920582E-05	-4.674553E-05	-4.428524E-05	-4.182495E-05	-3.936465E-05	-3.690436E-05	-3.444407E-05	-3.198378E-05	-2.952349E-05	-2.706320E-05	-2.460291E-05	-2.214262E-05	-1.968233E-05	-1.722204E-05	-1.476175E-05	-1.230145E-05	-9.841164E-06	-7.380873E-06	-4.920582E-06	-2.460291E-06	+0.000000E+00	+2.460291E-06	+4.920582E-06	+7.380873E-06	+9.841164E-06	+1.230145E-05	+1.476175E-05	+1.722204E-05	+1.968233E-05	+2.214262E-05	+2.460291E-05	+2.706320E-05	+2.952349E-05	+3.198378E-05	+3.444407E-05	+3.690436E-05	+3.936465E-05	+4.182495E-05	+4.428524E-05	+4.674553E-05	+4.920582E-05	+5.166611E-05	+5.412640E-05	+5.658669E-05	-5.658669E-05	-5.412640E-05	-5.166611E-05	-4.920582E-05	-4.674553E-05	-4.428524E-05	-4.182495E-05	-3.936465E-05	-3.690436E-05	-3.444407E-05	-3.198378E-05	-2.952349E-05	-2.706320E-05	-2.460291E-05	-2.214262E-05	-1.968233E-05	-1.722204E-05	-1.476175E-05	-1.230145E-05	-9.841164E-06	-7.380873E-06	-4.920582E-06	-2.460291E-06	+0.000000E+00	+2.460291E-06	+4.920582E-06	+7.380873E-06	+9.841164E-06	+1.230145E-05	+1.476175E-05	+1.722204E-05	+1.968233E-05	+2.214262E-05	+2.460291E-05	+2.706320E-05	+2.952349E-05	+3.198378E-05	+3.444407E-05	+3.690436E-05	+3.936465E-05	+4.182495E-05	+4.428524E-05	+4.674553E-05	+4.920582E-05	+5.166611E-05	+5.412640E-05	+5.658669E-05	-5.658669E-05	-5.412640E-05	-5.166611E-05	-4.920582E-05	-4.674553E-05	-4.428524E-05	-4.182495E-05	-3.936465E-05	-3.690436E-05	-3.444407E-05	-3.198378E-05	-2.952349E-05	-2.706320E-05	-2.460291E-05	-2.214262E-05	-1.968233E-05	-1.722204E-05	-1.476175E-05	-1.230145E-05	-9.841164E-06	-7.380873E-06	-4.920582E-06	-2.460291E-06	+0.000000E+00	+2.460291E-06	+4.920582E-06	+7.380873E-06	+9.841164E-06	+1.230145E-05	+1.476175E-05	+1.722204E-05	+1.968233E-05	+2.214262E-05	+2.460291E-05	+2.706320E-05	+2.952349E-05	+3.198378E-05	+3.444407E-05	+3.690436E-05	+3.936465E-05	+4.182495E-05	+4.428524E-05	+4.674553E-05	+4.920582E-05	+5.166611E-05	+5.412640E-05	+5.658669E-05	-5.658669E-05	-5.412640E-05	-5.166611E-05	-4.920582E-05	-4.674553E-05	-4.428524E-05	-4.182495E-05	-3.936465E-05	-3.690436E-05	-3.444407E-05	-3.198378E-05	-2.952349E-05	-2.706320E-05	-2.460291E-05	-2.214262E-05	-1.968233E-05	-1.722204E-05	-1.476175E-05	-1.230145E-05	-9.841164E-06	-7.380873E-06	-4.920582E-06	-2.460291E-06	+0.000000E+00	+2.460291E-06	+4.920582E-06	+7.380873E-06	+9.841164E-06	+1.230145E-05	+1.476175E-05	+1.722204E-05	+1.968233E-05	+2.214262E-05	+2.460291E-05	+2.706320E-05	+2.952349E-05	+3.198378E-05	+3.444407E-05	+3.690436E-05	+3.936465E-05	+4.182495E-05	+4.428524E-05	+4.674553E-05	+4.920582E-05	+5.166611E-05	+5.412640E-05	+5.658669E-05	-5.658669E-05	-5.412640E-05	-5.166611E-05	-4.920582E-05	-4.674553E-05	-4.428524E-05	-4.182495E-05	-3.936465E-05	-3.690436E-05	-3.444407E-05	-3.198378E-05	-2.952349E-05	-2.706320E-05	-2.460291E-05	-2.214262E-05	-1.968233E-05	-1.722204E-05	-1.476175E-05	-1.230145E-05	-9.841164E-06	-7.380873E-06	-4.920582E-06	-2.460291E-06	+0.000000E+00
	A	-5.658669E-05	-5.658669E-05	-5.658669E-05	-5.658669E-05	-5.658669E-05	-5.658669E-05	-5.658669E-05	-5.658669E-05	-5.658669E-05	-5.658669E-05	-5.658669E-05	-5.658669E-05	-5.658669E-05	-5.658669E-05	-5.658669E-05	-5.658669E-05	-5.658669E-05	-5.658669E-05	-5.658669E-05	-5.658669E-05	-5.658669E-05	-5.658669E-05	-5.658669E-05	-5.658669E-05	-5.658669E-05	-5.658669E-05	-5.658669E-05	-5.658669E-05	-5.658669E-05	-5.658669E-05	-5.658669E-05	-5.658669E-05	-5.658669E-05	-5.658669E-05	-5.658669E-05	-5.658669E-05	-5.658669E-05	-5.658669E-05	-5.658669E-05	-5.658669E-05	-5.658669E-05	-5.658669E-05	-5.658669E-05	-5.658669E-05	-5.658669E-05	-5.658669E-05	-5.658669E-05	-5.412640E-05	-5.412640E-05	-5.412640E-05	-5.412640E-05	-5.412640E-05	-5.412640E-05	-5.412640E-05	-5.412640E-05	-5.412640E-05	-5.412640E-05	-5.412640E-05	-5.412640E-05	-5.412640E-05	-5.412640E-05	-5.412640E-05	-5.412640E-05	-5.412640E-05	-5.412640E-05	-5.412640E-05	-5.412640E-05	-5.412640E-05	-5.412640E-05	-5.412640E-05	-5.412640E-05	-5.412640E-05	-5.412640E-05	-5.412640E-05	-5.412640E-05	-5.412640E-05	-5.412640E-05	-5.412640E-05	-5.412640E-05	-5.412640E-05	-5.412640E-05	-5.412640E-05	-5.412640E-05	-5.412640E-05	-5.412640E-05	-5.412640E-05	-5.412640E-05	-5.412640E-05	-5.412640E-05	-5.412640E-05	-5.412640E-05	-5.412640E-05	-5.412640E-05	-5.412640E-05	-5.166611E-05	-5.166611E-05	-5.166611E-05	-5.166611E-05	-5.166611E-05	-5.166611E-05	-5.166611E-05	-5.166611E-05	-5.166611E-05	-5.166611E-05	-5.166611E-05	-5.166611E-05	-5.166611E-05	-5.166611E-05	-5.166611E-05	-5.166611E-05	-5.166611E-05	-5.166611E-05	-5.166611E-05	-5.166611E-05	-5.166611E-05	-5.166611E-05	-5.166611E-05	-5.166611E-05	-5.166611E-05	-5.166611E-05	-5.166611E-05	-5.166611E-05	-5.166611E-05	-5.166611E-05	-5.166611E-05	-5.166611E-05	-5.166611E-05	-5.166611E-05	-5.166611E-05	-5.166611E-05	-5.166611E-05	-5.166611E-05	-5.166611E-05	-5.166611E-05	-5.166611E-05	-5.166611E-05	-5.166611E-05	-5.166611E-05	-5.166611E-05	-5.166611E-05	-5.166611E-05	-4.920582E-05	-4.920582E-05	-4.920582E-05	-4.920582E-05	-4.920582E-05	-4.920582E-05	-4.920582E-05	-4.920582E-05	-4.920582E-05	-4.920582E-05	-4.920582E-05	-4.920582E-05	-4.920582E-05	-4.920582E-05	-4.920582E-05	-4.920582E-05	-4.920582E-05	-4.920582E-05	-4.920582E-05	-4.920582E-05	-4.920582E-05	-4.920582E-05	-4.920582E-05	-4.920582E-05	-4.920582E-05	-4.920582E-05	-4.920582E-05	-4.920582E-05	-4.920582E-05	-4.920582E-05	-4.920582E-05	-4.920582E-05	-4.920582E-05	-4.920582E-05	-4.920582E-05	-4.920582E-05	-4.920582E-05	-4.920582E-05	-4.920582E-05	-4.920582E-05	-4.920582E-05	-4.920582E-05	-4.920582E-05	-4.920582E-05	-4.920582E-05	-4.920582E-05	-4.920582E-05	-4.674553E-05	-4.674553E-05	-4.674553E-05	-4.674553E-05	-4.674553E-05	-4.674553E-05	-4.674553E-05	-4.674553E-05	-4.674553E-05	-4.674553E-05	-4.674553E-05	-4.674553E-05	-4.674553E-05	-4.674553E-05	-4.674553E-05	-4.674553E-05	-4.674553E-05	-4.674553E-05	-4.674553E-05	-4.674553E-05	-4.674553E-05	-4.674553E-05	-4.674553E-05	-4.674553E-05	-4.674553E-05	-4.674553E-05	-4.674553E-05	-4.674553E-05	-4.674553E-05	-4.674553E-05	-4.674553E-05	-4.674553E-05	-4.674553E-05	-4.674553E-05	-4.674553E-05	-4.674553E-05	-4.674553E-05	-4.674553E-05	-4.674553E-05	-4.674553E-05	-4.674553E-05	-4.674553E-05	-4.674553E-05	-4.674553E-05	-4.674553E-05	-4.674553E-05	-4.674553E-05	-4.428524E-05	-4.428524E-05	-4.428524E-05	-4.428524E-05	-4.428524E-05	-4.428524E-05	-4.428524E-05	-4.428524E-05	-4.428524E-05	-4.428524E-05	-4.428524E-05	-4.428524E-05	-4.428524E-05	-4.428524E-05	-4.428524E-05	-4.428524E-05	-4.428524E-05	-4.428524E-05	-4.428524E-05	-4.428524E-05	-4.428524E-05	-4.428524E-05	-4.428524E-05	-4.428524E-05	-4.428524E-05	-4.428524E-05	-4.428524E-05	-4.428524E-05	-4.428524E-05	-4.428524E-05	-4.428524E-05	-4.428524E-05	-4.428524E-05	-4.428524E-05	-4.428524E-05	-4.428524E-05	-4.428524E-05	-4.428524E-05	-4.428524E-05	-4.428524E-05	-4.428524E-05	-4.428524E-05	-4.428524E-05	-4.428524E-05	-4.428524E-05	-4.428524E-05	-4.428524E-05	-4.182495E-05	-4.182495E-05	-4.182495E-05	-4.182495E-05	-4.182495E-05	-4.182495E-05	-4.182495E-05	-4.182495E-05	-4.182495E-05	-4.182495E-05	-4.182495E-05	-4.182495E-05	-4.182495E-05	-4.182495E-05	-4.182495E-05	-4.182495E-05	-4.182495E-05	-4.182495E-05	-4.182495E-05	-4.182495E-05	-4.182495E-05	-4.182495E-05	-4.182495E-05	-4.182495E-05	-4.182495E-05	-4.182495E-05	-4.182495E-05	-4.182495E-05	-4.182495E-05	-4.182495E-05	-4.182495E-05	-4.182495E-05	-4.182495E-05	-4.182495E-05	-4.182495E-05	-4.182495E-05	-4.182495E-05	-4.182495E-05	-4.182495E-05	-4.182495E-05	-4.182495E-05	-4.182495E-05	-4.182495E-05	-4.182495E-05	-4.182495E-05	-4.182495E-05	-4.182495E-05	-3.936465E-05	-3.936465E-05	-3.936465E-05	-3.936465E-05	-3.936465E-05	-3.936465E-05	-3.936465E-05	-3.936465E-05	-3.936465E-05	-3.936465E-05	-3.936465E-05	-3.936465E-05	-3.936465E-05	-3.936465E-05	-3.936465E-05	-3.936465E-05	-3.936465E-05	-3.936465E-05	-3.936465E-05	-3.936465E-05	-3.936465E-05	-3.936465E-05	-3.936465E-05	-3.936465E-05	-3.936465E-05	-3.936465E-05	-3.936465E-05	-3.936465E-05	-3.936465E-05	-3.936465E-05	-3.936465E-05	-3.936465E-05	-3.936465E-05	-3.936465E-05	-3.936465E-05	-3.936465E-05	-3.936465E-05	-3.936465E-05	-3.936465E-05	-3.936465E-05	-3.936465E-05	-3.936465E-05	-3.936465E-05	-3.936465E-05	-3.936465E-05	-3.936465E-05	-3.936465E-05	-3.690436E-05	-3.690436E-05	-3.690436E-05	-3.690436E-05	-3.690436E-05	-3.690436E-05	-3.690436E-05	-3.690436E-05	-3.690436E-05	-3.690436E-05	-3.690436E-05	-3.690436E-05	-3.690436E-05	-3.690436E-05	-3.690436E-05	-3.690436E-05	-3.690436E-05	-3.690436E-05	-3.690436E-05	-3.690436E-05	-3.690436E-05	-3.690436E-05	-3.690436E-05	-3.690436E-05	-3.690436E-05	-3.690436E-05	-3.690436E-05	-3.690436E-05	-3.690436E-05	-3.690436E-05	-3.690436E-05	-3.690436E-05	-3.690436E-05	-3.690436E-05	-3.690436E-05	-3.690436E-05	-3.690436E-05	-3.690436E-05	-3.690436E-05	-3.690436E-05	-3.690436E-05	-3.690436E-05	-3.690436E-05	-3.690436E-05	-3.690436E-05	-3.690436E-05	-3.690436E-05	-3.444407E-05	-3.444407E-05	-3.444407E-05	-3.444407E-05	-3.444407E-05	-3.444407E-05	-3.444407E-05	-3.444407E-05	-3.444407E-05	-3.444407E-05	-3.444407E-05	-3.444407E-05	-3.444407E-05	-3.444407E-05	-3.444407E-05	-3.444407E-05	-3.444407E-05	-3.444407E-05	-3.444407E-05	-3.444407E-05	-3.444407E-05	-3.444407E-05	-3.444407E-05	-3.444407E-05	-3.444407E-05	-3.444407E-05	-3.444407E-05	-3.444407E-05	-3.444407E-05	-3.444407E-05	-3.444407E-05	-3.444407E-05	-3.444407E-05	-3.444407E-05	-3.444407E-05	-3.444407E-05	-3.444407E-05	-3.444407E-05	-3.444407E-05	-3.444407E-05	-3.444407E-05	-3.444407E-05	-3.444407E-05	-3.444407E-05	-3.444407E-05	-3.444407E-05	-3.444407E-05	-3.198378E-05	-3.198378E-05	-3.198378E-05	-3.198378E-05	-3.198378E-05	-3.198378E-05	-3.198378E-05	-3.198378E-05	-3.198378E-05	-3.198378E-05	-3.198378E-05	-3.198378E-05	-3.198378E-05	-3.198378E-05	-3.198378E-05	-3.198378E-05	-3.198378E-05	-3.198378E-05	-3.198378E-05	-3.198378E-05	-3.198378E-05	-3.198378E-05	-3.198378E-05	-3.198378E-05	-3.198378E-05	-3.198378E-05	-3.198378E-05	-3.198378E-05	-3.198378E-05	-3.198378E-05	-3.198378E-05	-3.198378E-05	-3.198378E-05	-3.198378E-05	-3.198378E-05	-3.198378E-05	-3.198378E-05	-3.198378E-05	-3.198378E-05	-3.198378E-05	-3.198378E-05	-3.198378E-05	-3.198378E-05	-3.198378E-05	-3.198378E-05	-3.198378E-05	-3.198378E-05	-2.952349E-05	-2.952349E-05	-2.952349E-05	-2.952349E-05	-2.952349E-05	-2.952349E-05	-2.952349E-05	-2.952349E-05	-2.952349E-05	-2.952349E-05	-2.952349E-05	-2.952349E-05	-2.952349E-05	-2.952349E-05	-2.952349E-05	-2.952349E-05	-2.952349E-05	-2.952349E-05	-2.952349E-05	-2.952349E-05	-2.952349E-05	-2.952349E-05	-2.952349E-05	-2.952349E-05	-2.952349E-05	-2.952349E-05	-2.952349E-05	-2.952349E-05	-2.952349E-05	-2.952349E-05	-2.952349E-05	-2.952349E-05	-2.952349E-05	-2.952349E-05	-2.952349E-05	-2.952349E-05	-2.952349E-05	-2.952349E-05	-2.952349E-05	-2.952349E-05	-2.952349E-05	-2.952349E-05	-2.952349E-05	-2.952349E-05	-2.952349E-05	-2.952349E-05	-2.952349E-05	-2.706320E-05	-2.706320E-05	-2.706320E-05	-2.706320E-05	-2.706320E-05	-2.706320E-05	-2.706320E-05	-2.706320E-05	-2.706320E-05	-2.706320E-05	-2.706320E-05	-2.706320E-05	-2.706320E-05	-2.706320E-05	-2.706320E-05	-2.706320E-05	-2.706320E-05	-2.706320E-05	-2.706320E-05	-2.706320E-05	-2.706320E-05	-2.706320E-05	-2.706320E-05	-2.706320E-05	-2.706320E-05	-2.706320E-05	-2.706320E-05	-2.706320E-05	-2.706320E-05	-2.706320E-05	-2.706320E-05	-2.706320E-05	-2.706320E-05	-2.706320E-05	-2.706320E-05	-2.706320E-05	-2.706320E-05	-2.706320E-05	-2.706320E-05	-2.706320E-05	-2.706320E-05	-2.706320E-05	-2.706320E-05	-2.706320E-05	-2.706320E-05	-2.706320E-05	-2.706320E-05	-2.460291E-05	-2.460291E-05	-2.460291E-05	-2.460291E-05	-2.460291E-05	-2.460291E-05	-2.460291E-05	-2.460291E-05	-2.460291E-05	-2.460291E-05	-2.460291E-05	-2.460291E-05	-2.460291E-05	-2.460291E-05	-2.460291E-05	-2.460291E-05	-2.460291E-05	-2.460291E-05	-2.460291E-05	-2.460291E-05	-2.460291E-05	-2.460291E-05	-2.460291E-05	-2.460291E-05	-2.460291E-05	-2.460291E-05	-2.460291E-05	-2.460291E-05	-2.460291E-05	-2.460291E-05	-2.460291E-05	-2.460291E-05	-2.460291E-05	-2.460291E-05	-2.460291E-05	-2.460291E-05	-2.460291E-05	-2.460291E-05	-2.460291E-05	-2.460291E-05	-2.460291E-05	-2.460291E-05	-2.460291E-05	-2.460291E-05	-2.460291E-05	-2.460291E-05	-2.460291E-05	-2.214262E-05	-2.214262E-05	-2.214262E-05	-2.214262E-05	-2.214262E-05	-2.214262E-05	-2.214262E-05	-2.214262E-05	-2.214262E-05	-2.214262E-05	-2.214262E-05	-2.214262E-05	-2.214262E-05	-2.214262E-05	-2.214262E-05	-2.214262E-05	-2.214262E-05	-2.214262E-05	-2.214262E-05	-2.214262E-05	-2.214262E-05	-2.214262E-05	-2.214262E-05	-2.214262E-05	-2.214262E-05	-2.214262E-05	-2.214262E-05	-2.214262E-05	-2.214262E-05	-2.214262E-05	-2.214262E-05	-2.214262E-05	-2.214262E-05	-2.214262E-05	-2.214262E-05	-2.214262E-05	-2.214262E-05	-2.214262E-05	-2.214262E-05	-2.214262E-05	-2.214262E-05	-2.214262E-05	-2.214262E-05	-2.214262E-05	-2.214262E-05	-2.214262E-05	-2.214262E-05	-1.968233E-05	-1.968233E-05	-1.968233E-05	-1.968233E-05	-1.968233E-05	-1.968233E-05	-1.968233E-05	-1.968233E-05	-1.968233E-05	-1.968233E-05	-1.968233E-05	-1.968233E-05	-1.968233E-05	-1.968233E-05	-1.968233E-05	-1.968233E-05	-1.968233E-05	-1.968233E-05	-1.968233E-05	-1.968233E-05	-1.968233E-05	-1.968233E-05	-1.968233E-05	-1.968233E-05	-1.968233E-05	-1.968233E-05	-1.968233E-05	-1.968233E-05	-1.968233E-05	-1.968233E-05	-1.968233E-05	-1.968233E-05	-1.968233E-05	-1.968233E-05	-1.968233E-05	-1.968233E-05	-1.968233E-05	-1.968233E-05	-1.968233E-05	-1.968233E-05	-1.968233E-05	-1.968233E-05	-1.968233E-05	-1.968233E-05	-1.968233E-05	-1.968233E-05	-1.968233E-05	-1.722204E-05	-1.722204E-05	-1.722204E-05	-1.722204E-05	-1.722204E-05	-1.722204E-05	-1.722204E-05	-1.722204E-05	-1.722204E-05	-1.722204E-05	-1.722204E-05	-1.722204E-05	-1.722204E-05	-1.722204E-05	-1.722204E-05	-1.722204E-05	-1.722204E-05	-1.722204E-05	-1.722204E-05	-1.722204E-05	-1.722204E-05	-1.722204E-05	-1.722204E-05	-1.722204E-05	-1.722204E-05	-1.722204E-05	-1.722204E-05	-1.722204E-05	-1.722204E-05	-1.722204E-05	-1.722204E-05	-1.722204E-05	-1.722204E-05	-1.722204E-05	-1.722204E-05	-1.722204E-05	-1.722204E-05	-1.722204E-05	-1.722204E-05	-1.722204E-05	-1.722204E-05	-1.722204E-05	-1.722204E-05	-1.722204E-05	-1.722204E-05	-1.722204E-05	-1.722204E-05	-1.476175E-05	-1.476175E-05	-1.476175E-05	-1.476175E-05	-1.476175E-05	-1.476175E-05	-1.476175E-05	-1.476175E-05	-1.476175E-05	-1.476175E-05	-1.476175E-05	-1.476175E-05	-1.476175E-05	-1.476175E-05	-1.476175E-05	-1.476175E-05	-1.476175E-05	-1.476175E-05	-1.476175E-05	-1.476175E-05	-1.476175E-05	-1.476175E-05	-1.476175E-05	-1.476175E-05	-1.476175E-05	-1.476175E-05	-1.476175E-05	-1.476175E-05	-1.476175E-05	-1.476175E-05	-1.476175E-05	-1.476175E-05	-1.476175E-05	-1.476175E-05	-1.476175E-05	-1.476175E-05	-1.476175E-05	-1.476175E-05	-1.476175E-05	-1.476175E-05	-1.476175E-05	-1.476175E-05	-1.476175E-05	-1.476175E-05	-1.476175E-05	-1.476175E-05	-1.476175E-05	-1.230145E-05	-1.230145E-05	-1.230145E-05	-1.230145E-05	-1.230145E-05	-1.230145E-05	-1.230145E-05	-1.230145E-05	-1.230145E-05	-1.230145E-05	-1.230145E-05	-1.230145E-05	-1.230145E-05	-1.230145E-05	-1.230145E-05	-1.230145E-05	-1.230145E-05	-1.230145E-05	-1.230145E-05	-1.230145E-05	-1.230145E-05	-1.230145E-05	-1.230145E-05	-1.230145E-05	-1.230145E-05	-1.230145E-05	-1.230145E-05	-1.230145E-05	-1.230145E-05	-1.230145E-05	-1.230145E-05	-1.230145E-05	-1.230145E-05	-1.230145E-05	-1.230145E-05	-1.230145E-05	-1.230145E-05	-1.230145E-05	-1.230145E-05	-1.230145E-05	-1.230145E-05	-1.230145E-05	-1.230145E-05	-1.230145E-05	-1.230145E-05	-1.230145E-05	-1.230145E-05	-9.841164E-06	-9.841164E-06	-9.841164E-06	-9.841164E-06	-9.841164E-06	-9.841164E-06	-9.841164E-06	-9.841164E-06	-9.841164E-06	-9.841164E-06	-9.841164E-06	-9.841164E-06	-9.841164E-06	-9.841164E-06	-9.841164E-06	-9.841164E-06	-9.841164E-06	-9.841164E-06	-9.841164E-06	-9.841164E-06	-9.841164E-06	-9.841164E-06	-9.841164E-06	-9.841164E-06	-9.841164E-06	-9.841164E-06	-9.841164E-06	-9.841164E-06	-9.841164E-06	-9.841164E-06	-9.841164E-06	-9.841164E-06	-9.841164E-06	-9.841164E-06	-9.841164E-06	-9.841164E-06	-9.841164E-06	-9.841164E-06	-9.841164E-06	-9.841164E-06	-9.841164E-06	-9.841164E-06	-9.841164E-06	-9.841164E-06	-9.841164E-06	-9.841164E-06	-9.841164E-06	-7.380873E-06	-7.380873E-06	-7.380873E-06	-7.380873E-06	-7.380873E-06	-7.380873E-06	-7.380873E-06	-7.380873E-06	-7.380873E-06	-7.380873E-06	-7.380873E-06	-7.380873E-06	-7.380873E-06	-7.380873E-06	-7.380873E-06	-7.380873E-06	-7.380873E-06	-7.380873E-06	-7.380873E-06	-7.380873E-06	-7.380873E-06	-7.380873E-06	-7.380873E-06	-7.380873E-06	-7.380873E-06	-7.380873E-06	-7.380873E-06	-7.380873E-06	-7.380873E-06	-7.380873E-06	-7.380873E-06	-7.380873E-06	-7.380873E-06	-7.380873E-06	-7.380873E-06	-7.380873E-06	-7.380873E-06	-7.380873E-06	-7.380873E-06	-7.380873E-06	-7.380873E-06	-7.380873E-06	-7.380873E-06	-7.380873E-06	-7.380873E-06	-7.380873E-06	-7.380873E-06	-4.920582E-06	-4.920582E-06	-4.920582E-06	-4.920582E-06	-4.920582E-06	-4.920582E-06	-4.920582E-06	-4.920582E-06	-4.920582E-06	-4.920582E-06	-4.920582E-06	-4.920582E-06	-4.920582E-06	-4.920582E-06	-4.920582E-06	-4.920582E-06	-4.920582E-06	-4.920582E-06	-4.920582E-06	-4.920582E-06	-4.920582E-06	-4.920582E-06	-4.920582E-06	-4.920582E-06	-4.920582E-06	-4.920582E-06	-4.920582E-06	-4.920582E-06	-4.920582E-06	-4.920582E-06	-4.920582E-06	-4.920582E-06	-4.920582E-06	-4.920582E-06	-4.920582E-06	-4.920582E-06	-4.920582E-06	-4.920582E-06	-4.920582E-06	-4.920582E-06	-4.920582E-06	-4.920582E-06	-4.920582E-06	-4.920582E-06	-4.920582E-06	-4.920582E-06	-4.920582E-06	-2.460291E-06	-2.460291E-06	-2.460291E-06	-2.460291E-06	-2.460291E-06	-2.460291E-06	-2.460291E-06	-2.460291E-06	-2.460291E-06	-2.460291E-06	-2.460291E-06	-2.460291E-06	-2.460291E-06	-2.460291E-06	-2.460291E-06	-2.460291E-06	-2.460291E-06	-2.460291E-06	-2.460291E-06	-2.460291E-06	-2.460291E-06	-2.460291E-06	-2.460291E-06	-2.460291E-06	-2.460291E-06	-2.460291E-06	-2.460291E-06	-2.460291E-06	-2.460291E-06	-2.460291E-06	-2.460291E-06	-2.460291E-06	-2.460291E-06	-2.460291E-06	-2.460291E-06	-2.460291E-06	-2.460291E-06	-2.460291E-06	-2.460291E-06	-2.460291E-06	-2.460291E-06	-2.460291E-06	-2.460291E-06	-2.460291E-06	-2.460291E-06	-2.460291E-06	-2.460291E-06	+0.000000E+00	+0.000000E+00	+0.000000E+00	+0.000000E+00	+0.000000E+00	+0.000000E+00	+0.000000E+00	+0.000000E+00	+0.000000E+00	+0.000000E+00	+0.000000E+00	+0.000000E+00	+0.000000E+00	+0.000000E+00	+0.000000E+00	+0.000000E+00	+0.000000E+00	+0.000000E+00	+0.000000E+00	+0.000000E+00	+0.000000E+00	+0.000000E+00	+0.000000E+00	+0.000000E+00
	S	+7.073336E-06	+6.765800E-06	+6.458264E-06	+6.150727E-06	+5.843191E-06	+5.535655E-06	+5.228118E-06	+4.920582E-06	+4.613045E-06	+4.305509E-06	+3.997973E-06	+3.690436E-06	+3.382900E-06	+3.075364E-06	+2.767827E-06	+2.460291E-06	+2.152755E-06	+1.845218E-06	+1.537682E-06	+1.230145E-06	+9.226091E-07	+6.150727E-07	+3.075364E-07	+0.000000E+00	-3.075364E-07	-6.150727E-07	-9.226091E-07	-1.230145E-06	-1.537682E-06	-1.845218E-06	-2.152755E-06	-2.460291E-06	-2.767827E-06	-3.075364E-06	-3.382900E-06	-3.690436E-06	-3.997973E-06	-4.305509E-06	-4.613045E-06	-4.920582E-06	-5.228118E-06	-5.535655E-06	-5.843191E-06	-6.150727E-06	-6.458264E-06	-6.765800E-06	-7.073336E-06	+6.765800E-06	+6.471635E-06	+6.177470E-06	+5.883304E-06	+5.589139E-06	+5.294974E-06	+5.000809E-06	+4.706643E-06	+4.412478E-06	+4.118313E-06	+3.824148E-06	+3.529983E-06	+3.235817E-06	+2.941652E-06	+2.647487E-06	+2.353322E-06	+2.059157E-06	+1.764991E-06	+1.470826E-06	+1.176661E-06	+8.824957E-07	+5.883304E-07	+2.941652E-07	+0.000000E+00	-2.941652E-07	-5.883304E-07	-8.824957E-07	-1.176661E-06	-1.470826E-06	-1.764991E-06	-2.059157E-06	-2.353322E-06	-2.647487E-06	-2.941652E-06	-3.235817E-06	-3.529983E-06	-3.824148E-06	-4.118313E-06	-4.412478E-06	-4.706643E-06	-5.000809E-06	-5.294974E-06	-5.589139E-06	-5.883304E-06	-6.177470E-06	-6.471635E-06	-6.765800E-06	+6.458264E-06	+6.177470E-06	+5.896675E-06	+5.615881E-06	+5.335087E-06	+5.054293E-06	+4.773499E-06	+4.492705E-06	+4.211911E-06	+3.931117E-06	+3.650323E-06	+3.369529E-06	+3.088735E-06	+2.807941E-06	+2.527147E-06	+2.246353E-06	+1.965558E-06	+1.684764E-06	+1.403970E-06	+1.123176E-06	+8.423822E-07	+5.615881E-07	+2.807941E-07	+0.000000E+00	-2.807941E-07	-5.615881E-07	-8.423822E-07	-1.123176E-06	-1.403970E-06	-1.684764E-06	-1.965558E-06	-2.246353E-06	-2.527147E-06	-2.807941E-06	-3.088735E-06	-3.369529E-06	-3.650323E-06	-3.931117E-06	-4.211911E-06	-4.492705E-06	-4.773499E-06	-5.054293E-06	-5.335087E-06	-5.615881E-06	-5.896675E-06	-6.177470E-06	-6.458264E-06	+6.150727E-06	+5.883304E-06	+5.615881E-06	+5.348458E-06	+5.081036E-06	+4.813613E-06	+4.546190E-06	+4.278767E-06	+4.011344E-06	+3.743921E-06	+3.476498E-06	+3.209075E-06	+2.941652E-06	+2.674229E-06	+2.406806E-06	+2.139383E-06	+1.871960E-06	+1.604538E-06	+1.337115E-06	+1.069692E-06	+8.022688E-07	+5.348458E-07	+2.674229E-07	+0.000000E+00	-2.674229E-07	-5.348458E-07	-8.022688E-07	-1.069692E-06	-1.337115E-06	-1.604538E-06	-1.871960E-06	-2.139383E-06	-2.406806E-06	-2.674229E-06	-2.941652E-06	-3.209075E-06	-3.476498E-06	-3.743921E-06	-4.011344E-06	-4.278767E-06	-4.546190E-06	-4.813613E-06	-5.081036E-06	-5.348458E-06	-5.615881E-06	-5.883304E-06	-6.150727E-06	+5.843191E-06	+5.589139E-06	+5.335087E-06	+5.081036E-06	+4.826984E-06	+4.572932E-06	+4.318880E-06	+4.064828E-06	+3.810777E-06	+3.556725E-06	+3.302673E-06	+3.048621E-06	+2.794570E-06	+2.540518E-06	+2.286466E-06	+2.032414E-06	+1.778362E-06	+1.524311E-06	+1.270259E-06	+1.016207E-06	+7.621553E-07	+5.081036E-07	+2.540518E-07	+0.000000E+00	-2.540518E-07	-5.081036E-07	-7.621553E-07	-1.016207E-06	-1.270259E-06	-1.524311E-06	-1.778362E-06	-2.032414E-06	-2.286466E-06	-2.540518E-06	-2.794570E-06	-3.048621E-06	-3.302673E-06	-3.556725E-06	-3.810777E-06	-4.064828E-06	-4.318880E-06	-4.572932E-06	-4.826984E-06	-5.081036E-06	-5.335087E-06	-5.589139E-06	-5.843191E-06	+5.535655E-06	+5.294974E-06	+5.054293E-06	+4.813613E-06	+4.572932E-06	+4.332251E-06	+4.091571E-06	+3.850890E-06	+3.610209E-06	+3.369529E-06	+3.128848E-06	+2.888168E-06	+2.647487E-06	+2.406806E-06	+2.166126E-06	+1.925445E-06	+1.684764E-06	+1.444084E-06	+1.203403E-06	+9.627225E-07	+7.220419E-07	+4.813613E-07	+2.406806E-07	+0.000000E+00	-2.406806E-07	-4.813613E-07	-7.220419E-07	-9.627225E-07	-1.203403E-06	-1.444084E-06	-1.684764E-06	-1.925445E-06	-2.166126E-06	-2.406806E-06	-2.647487E-06	-2.888168E-06	-3.128848E-06	-3.369529E-06	-3.610209E-06	-3.850890E-06	-4.091571E-06	-4.332251E-06	-4.572932E-06	-4.813613E-06	-5.054293E-06	-5.294974E-06	-5.535655E-06	+5.228118E-06	+5.000809E-06	+4.773499E-06	+4.546190E-06	+4.318880E-06	+4.091571E-06	+3.864261E-06	+3.636952E-06	+3.409642E-06	+3.182333E-06	+2.955023E-06	+2.727714E-06	+2.500404E-06	+2.273095E-06	+2.045785E-06	+1.818476E-06	+1.591166E-06	+1.363857E-06	+1.136547E-06	+9.092379E-07	+6.819285E-07	+4.546190E-07	+2.273095E-07	+0.000000E+00	-2.273095E-07	-4.546190E-07	-6.819285E-07	-9.092379E-07	-1.136547E-06	-1.363857E-06	-1.591166E-06	-1.818476E-06	-2.045785E-06	-2.273095E-06	-2.500404E-06	-2.727714E-06	-2.955023E-06	-3.182333E-06	-3.409642E-06	-3.636952E-06	-3.864261E-06	-4.091571E-06	-4.318880E-06	-4.546190E-06	-4.773499E-06	-5.000809E-06	-5.228118E-06	+4.920582E-06	+4.706643E-06	+4.492705E-06	+4.278767E-06	+4.064828E-06	+3.850890E-06	+3.636952E-06	+3.423013E-06	+3.209075E-06	+2.995137E-06	+2.781198E-06	+2.567260E-06	+2.353322E-06	+2.139383E-06	+1.925445E-06	+1.711507E-06	+1.497568E-06	+1.283630E-06	+1.069692E-06	+8.557534E-07	+6.418150E-07	+4.278767E-07	+2.139383E-07	+0.000000E+00	-2.139383E-07	-4.278767E-07	-6.418150E-07	-8.557534E-07	-1.069692E-06	-1.283630E-06	-1.497568E-06	-1.711507E-06	-1.925445E-06	-2.139383E-06	-2.353322E-06	-2.567260E-06	-2.781198E-06	-2.995137E-06	-3.209075E-06	-3.423013E-06	-3.636952E-06	-3.850890E-06	-4.064828E-06	-4.278767E-06	-4.492705E-06	-4.706643E-06	-4.920582E-06	+4.613045E-06	+4.412478E-06	+4.211911E-06	+4.011344E-06	+3.810777E-06	+3.610209E-06	+3.409642E-06	+3.209075E-06	+3.008508E-06	+2.807941E-06	+2.607374E-06	+2.406806E-06	+2.206239E-06	+2.005672E-06	+1.805105E-06	+1.604538E-06	+1.403970E-06	+1.203403E-06	+1.002836E-06	+8.022688E-07	+6.017016E-07	+4.011344E-07	+2.005672E-07	+0.000000E+00	-2.005672E-07	-4.011344E-07	-6.017016E-07	-8.022688E-07	-1.002836E-06	-1.203403E-06	-1.403970E-06	-1.604538E-06	-1.805105E-06	-2.005672E-06	-2.206239E-06	-2.406806E-06	-2.607374E-06	-2.807941E-06	-3.008508E-06	-3.209075E-06	-3.409642E-06	-3.610209E-06	-3.810777E-06	-4.011344E-06	-4.211911E-06	-4.412478E-06	-4.613045E-06	+4.305509E-06	+4.118313E-06	+3.931117E-06	+3.743921E-06	+3.556725E-06	+3.369529E-06	+3.182333E-06	+2.995137E-06	+2.807941E-06	+2.620745E-06	+2.433549E-06	+2.246353E-06	+2.059157E-06	+1.871960E-06	+1.684764E-06	+1.497568E-06	+1.310372E-06	+1.123176E-06	+9.359802E-07	+7.487842E-07	+5.615881E-07	+3.743921E-07	+1.871960E-07	+0.000000E+00	-1.871960E-07	-3.743921E-07	-5.615881E-07	-7.487842E-07	-9.359802E-07	-1.123176E-06	-1.310372E-06	-1.497568E-06	-1.684764E-06	-1.871960E-06	-2.059157E-06	-2.246353E-06	-2.433549E-06	-2.620745E-06	-2.807941E-06	-2.995137E-06	-3.182333E-06	-3.369529E-06	-3.556725E-06	-3.743921E-06	-3.931117E-06	-4.118313E-06	-4.305509E-06	+3.997973E-06	+3.824148E-06	+3.650323E-06	+3.476498E-06	+3.302673E-06	+3.128848E-06	+2.955023E-06	+2.781198E-06	+2.607374E-06	+2.433549E-06	+2.259724E-06	+2.085899E-06	+1.912074E-06	+1.738249E-06	+1.564424E-06	+1.390599E-06	+1.216774E-06	+1.042949E-06	+8.691245E-07	+6.952996E-07	+5.214747E-07	+3.476498E-07	+1.738249E-07	+0.000000E+00	-1.738249E-07	-3.476498E-07	-5.214747E-07	-6.952996E-07	-8.691245E-07	-1.042949E-06	-1.216774E-06	-1.390599E-06	-1.564424E-06	-1.738249E-06	-1.912074E-06	-2.085899E-06	-2.259724E-06	-2.433549E-06	-2.607374E-06	-2.781198E-06	-2.955023E-06	-3.128848E-06	-3.302673E-06	-3.476498E-06	-3.650323E-06	-3.824148E-06	-3.997973E-06	+3.690436E-06	+3.529983E-06	+3.369529E-06	+3.209075E-06	+3.048621E-06	+2.888168E-06	+2.727714E-06	+2.567260E-06	+2.406806E-06	+2.246353E-06	+2.085899E-06	+1.925445E-06	+1.764991E-06	+1.604538E-06	+1.444084E-06	+1.283630E-06	+1.123176E-06	+9.627225E-07	+8.022688E-07	+6.418150E-07	+4.813613E-07	+3.209075E-07	+1.604538E-07	+0.000000E+00	-1.604538E-07	-3.209075E-07	-4.813613E-07	-6.418150E-07	-8.022688E-07	-9.627225E-07	-1.123176E-06	-1.283630E-06	-1.444084E-06	-1.604538E-06	-1.764991E-06	-1.925445E-06	-2.085899E-06	-2.246353E-06	-2.406806E-06	-2.567260E-06	-2.727714E-06	-2.888168E-06	-3.048621E-06	-3.209075E-06	-3.369529E-06	-3.529983E-06	-3.690436E-06	+3.382900E-06	+3.235817E-06	+3.088735E-06	+2.941652E-06	+2.794570E-06	+2.647487E-06	+2.500404E-06	+2.353322E-06	+2.206239E-06	+2.059157E-06	+1.912074E-06	+1.764991E-06	+1.617909E-06	+1.470826E-06	+1.323743E-06	+1.176661E-06	+1.029578E-06	+8.824957E-07	+7.354130E-07	+5.883304E-07	+4.412478E-07	+2.941652E-07	+1.470826E-07	+0.000000E+00	-1.470826E-07	-2.941652E-07	-4.412478E-07	-5.883304E-07	-7.354130E-07	-8.824957E-07	-1.029578E-06	-1.176661E-06	-1.323743E-06	-1.470826E-06	-1.617909E-06	-1.764991E-06	-1.912074E-06	-2.059157E-06	-2.206239E-06	-2.353322E-06	-2.500404E-06	-2.647487E-06	-2.794570E-06	-2.941652E-06	-3.088735E-06	-3.235817E-06	-3.382900E-06	+3.075364E-06	+2.941652E-06	+2.807941E-06	+2.674229E-06	+2.540518E-06	+2.406806E-06	+2.273095E-06	+2.139383E-06	+2.005672E-06	+1.871960E-06	+1.738249E-06	+1.604538E-06	+1.470826E-06	+1.337115E-06	+1.203403E-06	+1.069692E-06	+9.359802E-07	+8.022688E-07	+6.685573E-07	+5.348458E-07	+4.011344E-07	+2.674229E-07	+1.337115E-07	+0.000000E+00	-1.337115E-07	-2.674229E-07	-4.011344E-07	-5.348458E-07	-6.685573E-07	-8.022688E-07	-9.359802E-07	-1.069692E-06	-1.203403E-06	-1.337115E-06	-1.470826E-06	-1.604538E-06	-1.738249E-06	-1.871960E-06	-2.005672E-06	-2.139383E-06	-2.273095E-06	-2.406806E-06	-2.540518E-06	-2.674229E-06	-2.807941E-06	-2.941652E-06	-3.075364E-06	+2.767827E-06	+2.647487E-06	+2.527147E-06	+2.406806E-06	+2.286466E-06	+2.166126E-06	+2.045785E-06	+1.925445E-06	+1.805105E-06	+1.684764E-06	+1.564424E-06	+1.444084E-06	+1.323743E-06	+1.203403E-06	+1.083063E-06	+9.627225E-07	+8.423822E-07	+7.220419E-07	+6.017016E-07	+4.813613E-07	+3.610209E-07	+2.406806E-07	+1.203403E-07	+0.000000E+00	-1.203403E-07	-2.406806E-07	-3.610209E-07	-4.813613E-07	-6.017016E-07	-7.220419E-07	-8.423822E-07	-9.627225E-07	-1.083063E-06	-1.203403E-06	-1.323743E-06	-1.444084E-06	-1.564424E-06	-1.684764E-06	-1.805105E-06	-1.925445E-06	-2.045785E-06	-2.166126E-06	-2.286466E-06	-2.406806E-06	-2.527147E-06	-2.647487E-06	-2.767827E-06	+2.460291E-06	+2.353322E-06	+2.246353E-06	+2.139383E-06	+2.032414E-06	+1.925445E-06	+1.818476E-06	+1.711507E-06	+1.604538E-06	+1.497568E-06	+1.390599E-06	+1.283630E-06	+1.176661E-06	+1.069692E-06	+9.627225E-07	+8.557534E-07	+7.487842E-07	+6.418150E-07	+5.348458E-07	+4.278767E-07	+3.209075E-07	+2.139383E-07	+1.069692E-07	+0.000000E+00	-1.069692E-07	-2.139383E-07	-3.209075E-07	-4.278767E-07	-5.348458E-07	-6.418150E-07	-7.487842E-07	-8.557534E-07	-9.627225E-07	-1.069692E-06	-1.176661E-06	-1.283630E-06	-1.390599E-06	-1.497568E-06	-1.604538E-06	-1.711507E-06	-1.818476E-06	-1.925445E-06	-2.032414E-06	-2.139383E-06	-2.246353E-06	-2.353322E-06	-2.460291E-06	+2.152755E-06	+2.059157E-06	+1.965558E-06	+1.871960E-06	+1.778362E-06	+1.684764E-06	+1.591166E-06	+1.497568E-06	+1.403970E-06	+1.310372E-06	+1.216774E-06	+1.123176E-06	+1.029578E-06	+9.359802E-07	+8.423822E-07	+7.487842E-07	+6.551862E-07	+5.615881E-07	+4.679901E-07	+3.743921E-07	+2.807941E-07	+1.871960E-07	+9.359802E-08	+0.000000E+00	-9.359802E-08	-1.871960E-07	-2.807941E-07	-3.743921E-07	-4.679901E-07	-5.615881E-07	-6.551862E-07	-7.487842E-07	-8.423822E-07	-9.359802E-07	-1.029578E-06	-1.123176E-06	-1.216774E-06	-1.310372E-06	-1.403970E-06	-1.497568E-06	-1.591166E-06	-1.684764E-06	-1.778362E-06	-1.871960E-06	-1.965558E-06	-2.059157E-06	-2.152755E-06	+1.845218E-06	+1.764991E-06	+1.684764E-06	+1.604538E-06	+1.524311E-06	+1.444084E-06	+1.363857E-06	+1.283630E-06	+1.203403E-06	+1.123176E-06	+1.042949E-06	+9.627225E-07	+8.824957E-07	+8.022688E-07	+7.220419E-07	+6.418150E-07	+5.615881E-07	+4.813613E-07	+4.011344E-07	+3.209075E-07	+2.406806E-07	+1.604538E-07	+8.022688E-08	+0.000000E+00	-8.022688E-08	-1.604538E-07	-2.406806E-07	-3.209075E-07	-4.011344E-07	-4.813613E-07	-5.615881E-07	-6.418150E-07	-7.220419E-07	-8.022688E-07	-8.824957E-07	-9.627225E-07	-1.042949E-06	-1.123176E-06	-1.203403E-06	-1.283630E-06	-1.363857E-06	-1.444084E-06	-1.524311E-06	-1.604538E-06	-1.684764E-06	-1.764991E-06	-1.845218E-06	+1.537682E-06	+1.470826E-06	+1.403970E-06	+1.337115E-06	+1.270259E-06	+1.203403E-06	+1.136547E-06	+1.069692E-06	+1.002836E-06	+9.359802E-07	+8.691245E-07	+8.022688E-07	+7.354130E-07	+6.685573E-07	+6.017016E-07	+5.348458E-07	+4.679901E-07	+4.011344E-07	+3.342787E-07	+2.674229E-07	+2.005672E-07	+1.337115E-07	+6.685573E-08	+0.000000E+00	-6.685573E-08	-1.337115E-07	-2.005672E-07	-2.674229E-07	-3.342787E-07	-4.011344E-07	-4.679901E-07	-5.348458E-07	-6.017016E-07	-6.685573E-07	-7.354130E-07	-8.022688E-07	-8.691245E-07	-9.359802E-07	-1.002836E-06	-1.069692E-06	-1.136547E-06	-1.203403E-06	-1.270259E-06	-1.337115E-06	-1.403970E-06	-1.470826E-06	-1.537682E-06	+1.230145E-06	+1.176661E-06	+1.123176E-06	+1.069692E-06	+1.016207E-06	+9.627225E-07	+9.092379E-07	+8.557534E-07	+8.022688E-07	+7.487842E-07	+6.952996E-07	+6.418150E-07	+5.883304E-07	+5.348458E-07	+4.813613E-07	+4.278767E-07	+3.743921E-07	+3.209075E-07	+2.674229E-07	+2.139383E-07	+1.604538E-07	+1.069692E-07	+5.348458E-08	+0.000000E+00	-5.348458E-08	-1.069692E-07	-1.604538E-07	-2.139383E-07	-2.674229E-07	-3.209075E-07	-3.743921E-07	-4.278767E-07	-4.813613E-07	-5.348458E-07	-5.883304E-07	-6.418150E-07	-6.952996E-07	-7.487842E-07	-8.022688E-07	-8.557534E-07	-9.092379E-07	-9.627225E-07	-1.016207E-06	-1.069692E-06	-1.123176E-06	-1.176661E-06	-1.230145E-06	+9.226091E-07	+8.824957E-07	+8.423822E-07	+8.022688E-07	+7.621553E-07	+7.220419E-07	+6.819285E-07	+6.418150E-07	+6.017016E-07	+5.615881E-07	+5.214747E-07	+4.813613E-07	+4.412478E-07	+4.011344E-07	+3.610209E-07	+3.209075E-07	+2.807941E-07	+2.406806E-07	+2.005672E-07	+1.604538E-07	+1.203403E-07	+8.022688E-08	+4.011344E-08	+0.000000E+00	-4.011344E-08	-8.022688E-08	-1.203403E-07	-1.604538E-07	-2.005672E-07	-2.406806E-07	-2.807941E-07	-3.209075E-07	-3.610209E-07	-4.011344E-07	-4.412478E-07	-4.813613E-07	-5.214747E-07	-5.615881E-07	-6.017016E-07	-6.418150E-07	-6.819285E-07	-7.220419E-07	-7.621553E-07	-8.022688E-07	-8.423822E-07	-8.824957E-07	-9.226091E-07	+6.150727E-07	+5.883304E-07	+5.615881E-07	+5.348458E-07	+5.081036E-07	+4.813613E-07	+4.546190E-07	+4.278767E-07	+4.011344E-07	+3.743921E-07	+3.476498E-07	+3.209075E-07	+2.941652E-07	+2.674229E-07	+2.406806E-07	+2.139383E-07	+1.871960E-07	+1.604538E-07	+1.337115E-07	+1.069692E-07	+8.022688E-08	+5.348458E-08	+2.674229E-08	+0.000000E+00	-2.674229E-08	-5.348458E-08	-8.022688E-08	-1.069692E-07	-1.337115E-07	-1.604538E-07	-1.871960E-07	-2.139383E-07	-2.406806E-07	-2.674229E-07	-2.941652E-07	-3.209075E-07	-3.476498E-07	-3.743921E-07	-4.011344E-07	-4.278767E-07	-4.546190E-07	-4.813613E-07	-5.081036E-07	-5.348458E-07	-5.615881E-07	-5.883304E-07	-6.150727E-07	+3.075364E-07	+2.941652E-07	+2.807941E-07	+2.674229E-07	+2.540518E-07	+2.406806E-07	+2.273095E-07	+2.139383E-07	+2.005672E-07	+1.871960E-07	+1.738249E-07	+1.604538E-07	+1.470826E-07	+1.337115E-07	+1.203403E-07	+1.069692E-07	+9.359802E-08	+8.022688E-08	+6.685573E-08	+5.348458E-08	+4.011344E-08	+2.674229E-08	+1.337115E-08	+0.000000E+00	-1.337115E-08	-2.674229E-08	-4.011344E-08	-5.348458E-08	-6.685573E-08	-8.022688E-08	-9.359802E-08	-1.069692E-07	-1.203403E-07	-1.337115E-07	-1.470826E-07	-1.604538E-07	-1.738249E-07	-1.871960E-07	-2.005672E-07	-2.139383E-07	-2.273095E-07	-2.406806E-07	-2.540518E-07	-2.674229E-07	-2.807941E-07	-2.941652E-07	-3.075364E-07	+0.000000E+00	+0.000000E+00	+0.000000E+00	+0.000000E+00	+0.000000E+00	+0.000000E+00	+0.000000E+00	+0.000000E+00	+0.000000E+00	+0.000000E+00	+0.000000E+00	+0.000000E+00	+0.000000E+00	+0.000000E+00	+0.000000E+00	+0.000000E+00	+0.000000E+00	+0.000000E+00	+0.000000E+00	+0.000000E+00	+0.000000E+00	+0.000000E+00	+0.000000E+00	+0.000000E+00
# Matrix ends.
#
#
# ---------------------------------- LICENSE NOTICE -----------------------------------
# THIS DATA IS RELEASED UNDER THE CREATIVE COMMONS LICENSE "CC BY-NC-SA 4.0".
#   This license lets you remix, tweak, and build upon this work non-commercially,
#   as long as you credit me and license your new creations under the terms identical
#   to the current license.
# SEE "https://creativecommons.org/licenses/by-nc-sa/4.0" FOR DETAILS.
#
# RELEASED BY: Chandra Shekhar
#      E-mail: chandraiitk[AT]yahoo[DOT]co[DOT]in
#    Homepage: https://sites.google.com/site/chandraacads
# FOR ANY QUESTION OR COMMENT, OR FOR A COMMERCIAL LICENSE, PLEASE EMAIL ME.
#
# For additional details, please visit my homepage.
#
# ==================================== End of File ====================================
