# ================================== Start of File ====================================
# Spatial dimensions = 2
# Kernel size = 31x31
# Polynomial order = 1x1
# Size of the convolution coefficient matrix = 4x961
#
# Column# 1:
#    S/A => The left and the right halves of the row are symmetric(S)/anti-symmetric(A) about the middle column.
#           If symmetric elements on the right half, their signs are same as the corresponding elements on the left side.
#           If anti-symmetric elements, the signs are opposite.
# Column# 2~481 = the left-half columns of the row.
# Column# 482 = the middle column of the row.
# Column# 483~962, which are the right-half columns, are not stored, because they are symmetric/anti-symmetric
#           of the elements in the column# 481~2, respectively.
# Matrix starts:
	S	+1.040583E-03	+1.040583E-03	+1.040583E-03	+1.040583E-03	+1.040583E-03	+1.040583E-03	+1.040583E-03	+1.040583E-03	+1.040583E-03	+1.040583E-03	+1.040583E-03	+1.040583E-03	+1.040583E-03	+1.040583E-03	+1.040583E-03	+1.040583E-03	+1.040583E-03	+1.040583E-03	+1.040583E-03	+1.040583E-03	+1.040583E-03	+1.040583E-03	+1.040583E-03	+1.040583E-03	+1.040583E-03	+1.040583E-03	+1.040583E-03	+1.040583E-03	+1.040583E-03	+1.040583E-03	+1.040583E-03	+1.040583E-03	+1.040583E-03	+1.040583E-03	+1.040583E-03	+1.040583E-03	+1.040583E-03	+1.040583E-03	+1.040583E-03	+1.040583E-03	+1.040583E-03	+1.040583E-03	+1.040583E-03	+1.040583E-03	+1.040583E-03	+1.040583E-03	+1.040583E-03	+1.040583E-03	+1.040583E-03	+1.040583E-03	+1.040583E-03	+1.040583E-03	+1.040583E-03	+1.040583E-03	+1.040583E-03	+1.040583E-03	+1.040583E-03	+1.040583E-03	+1.040583E-03	+1.040583E-03	+1.040583E-03	+1.040583E-03	+1.040583E-03	+1.040583E-03	+1.040583E-03	+1.040583E-03	+1.040583E-03	+1.040583E-03	+1.040583E-03	+1.040583E-03	+1.040583E-03	+1.040583E-03	+1.040583E-03	+1.040583E-03	+1.040583E-03	+1.040583E-03	+1.040583E-03	+1.040583E-03	+1.040583E-03	+1.040583E-03	+1.040583E-03	+1.040583E-03	+1.040583E-03	+1.040583E-03	+1.040583E-03	+1.040583E-03	+1.040583E-03	+1.040583E-03	+1.040583E-03	+1.040583E-03	+1.040583E-03	+1.040583E-03	+1.040583E-03	+1.040583E-03	+1.040583E-03	+1.040583E-03	+1.040583E-03	+1.040583E-03	+1.040583E-03	+1.040583E-03	+1.040583E-03	+1.040583E-03	+1.040583E-03	+1.040583E-03	+1.040583E-03	+1.040583E-03	+1.040583E-03	+1.040583E-03	+1.040583E-03	+1.040583E-03	+1.040583E-03	+1.040583E-03	+1.040583E-03	+1.040583E-03	+1.040583E-03	+1.040583E-03	+1.040583E-03	+1.040583E-03	+1.040583E-03	+1.040583E-03	+1.040583E-03	+1.040583E-03	+1.040583E-03	+1.040583E-03	+1.040583E-03	+1.040583E-03	+1.040583E-03	+1.040583E-03	+1.040583E-03	+1.040583E-03	+1.040583E-03	+1.040583E-03	+1.040583E-03	+1.040583E-03	+1.040583E-03	+1.040583E-03	+1.040583E-03	+1.040583E-03	+1.040583E-03	+1.040583E-03	+1.040583E-03	+1.040583E-03	+1.040583E-03	+1.040583E-03	+1.040583E-03	+1.040583E-03	+1.040583E-03	+1.040583E-03	+1.040583E-03	+1.040583E-03	+1.040583E-03	+1.040583E-03	+1.040583E-03	+1.040583E-03	+1.040583E-03	+1.040583E-03	+1.040583E-03	+1.040583E-03	+1.040583E-03	+1.040583E-03	+1.040583E-03	+1.040583E-03	+1.040583E-03	+1.040583E-03	+1.040583E-03	+1.040583E-03	+1.040583E-03	+1.040583E-03	+1.040583E-03	+1.040583E-03	+1.040583E-03	+1.040583E-03	+1.040583E-03	+1.040583E-03	+1.040583E-03	+1.040583E-03	+1.040583E-03	+1.040583E-03	+1.040583E-03	+1.040583E-03	+1.040583E-03	+1.040583E-03	+1.040583E-03	+1.040583E-03	+1.040583E-03	+1.040583E-03	+1.040583E-03	+1.040583E-03	+1.040583E-03	+1.040583E-03	+1.040583E-03	+1.040583E-03	+1.040583E-03	+1.040583E-03	+1.040583E-03	+1.040583E-03	+1.040583E-03	+1.040583E-03	+1.040583E-03	+1.040583E-03	+1.040583E-03	+1.040583E-03	+1.040583E-03	+1.040583E-03	+1.040583E-03	+1.040583E-03	+1.040583E-03	+1.040583E-03	+1.040583E-03	+1.040583E-03	+1.040583E-03	+1.040583E-03	+1.040583E-03	+1.040583E-03	+1.040583E-03	+1.040583E-03	+1.040583E-03	+1.040583E-03	+1.040583E-03	+1.040583E-03	+1.040583E-03	+1.040583E-03	+1.040583E-03	+1.040583E-03	+1.040583E-03	+1.040583E-03	+1.040583E-03	+1.040583E-03	+1.040583E-03	+1.040583E-03	+1.040583E-03	+1.040583E-03	+1.040583E-03	+1.040583E-03	+1.040583E-03	+1.040583E-03	+1.040583E-03	+1.040583E-03	+1.040583E-03	+1.040583E-03	+1.040583E-03	+1.040583E-03	+1.040583E-03	+1.040583E-03	+1.040583E-03	+1.040583E-03	+1.040583E-03	+1.040583E-03	+1.040583E-03	+1.040583E-03	+1.040583E-03	+1.040583E-03	+1.040583E-03	+1.040583E-03	+1.040583E-03	+1.040583E-03	+1.040583E-03	+1.040583E-03	+1.040583E-03	+1.040583E-03	+1.040583E-03	+1.040583E-03	+1.040583E-03	+1.040583E-03	+1.040583E-03	+1.040583E-03	+1.040583E-03	+1.040583E-03	+1.040583E-03	+1.040583E-03	+1.040583E-03	+1.040583E-03	+1.040583E-03	+1.040583E-03	+1.040583E-03	+1.040583E-03	+1.040583E-03	+1.040583E-03	+1.040583E-03	+1.040583E-03	+1.040583E-03	+1.040583E-03	+1.040583E-03	+1.040583E-03	+1.040583E-03	+1.040583E-03	+1.040583E-03	+1.040583E-03	+1.040583E-03	+1.040583E-03	+1.040583E-03	+1.040583E-03	+1.040583E-03	+1.040583E-03	+1.040583E-03	+1.040583E-03	+1.040583E-03	+1.040583E-03	+1.040583E-03	+1.040583E-03	+1.040583E-03	+1.040583E-03	+1.040583E-03	+1.040583E-03	+1.040583E-03	+1.040583E-03	+1.040583E-03	+1.040583E-03	+1.040583E-03	+1.040583E-03	+1.040583E-03	+1.040583E-03	+1.040583E-03	+1.040583E-03	+1.040583E-03	+1.040583E-03	+1.040583E-03	+1.040583E-03	+1.040583E-03	+1.040583E-03	+1.040583E-03	+1.040583E-03	+1.040583E-03	+1.040583E-03	+1.040583E-03	+1.040583E-03	+1.040583E-03	+1.040583E-03	+1.040583E-03	+1.040583E-03	+1.040583E-03	+1.040583E-03	+1.040583E-03	+1.040583E-03	+1.040583E-03	+1.040583E-03	+1.040583E-03	+1.040583E-03	+1.040583E-03	+1.040583E-03	+1.040583E-03	+1.040583E-03	+1.040583E-03	+1.040583E-03	+1.040583E-03	+1.040583E-03	+1.040583E-03	+1.040583E-03	+1.040583E-03	+1.040583E-03	+1.040583E-03	+1.040583E-03	+1.040583E-03	+1.040583E-03	+1.040583E-03	+1.040583E-03	+1.040583E-03	+1.040583E-03	+1.040583E-03	+1.040583E-03	+1.040583E-03	+1.040583E-03	+1.040583E-03	+1.040583E-03	+1.040583E-03	+1.040583E-03	+1.040583E-03	+1.040583E-03	+1.040583E-03	+1.040583E-03	+1.040583E-03	+1.040583E-03	+1.040583E-03	+1.040583E-03	+1.040583E-03	+1.040583E-03	+1.040583E-03	+1.040583E-03	+1.040583E-03	+1.040583E-03	+1.040583E-03	+1.040583E-03	+1.040583E-03	+1.040583E-03	+1.040583E-03	+1.040583E-03	+1.040583E-03	+1.040583E-03	+1.040583E-03	+1.040583E-03	+1.040583E-03	+1.040583E-03	+1.040583E-03	+1.040583E-03	+1.040583E-03	+1.040583E-03	+1.040583E-03	+1.040583E-03	+1.040583E-03	+1.040583E-03	+1.040583E-03	+1.040583E-03	+1.040583E-03	+1.040583E-03	+1.040583E-03	+1.040583E-03	+1.040583E-03	+1.040583E-03	+1.040583E-03	+1.040583E-03	+1.040583E-03	+1.040583E-03	+1.040583E-03	+1.040583E-03	+1.040583E-03	+1.040583E-03	+1.040583E-03	+1.040583E-03	+1.040583E-03	+1.040583E-03	+1.040583E-03	+1.040583E-03	+1.040583E-03	+1.040583E-03	+1.040583E-03	+1.040583E-03	+1.040583E-03	+1.040583E-03	+1.040583E-03	+1.040583E-03	+1.040583E-03	+1.040583E-03	+1.040583E-03	+1.040583E-03	+1.040583E-03	+1.040583E-03	+1.040583E-03	+1.040583E-03	+1.040583E-03	+1.040583E-03	+1.040583E-03	+1.040583E-03	+1.040583E-03	+1.040583E-03	+1.040583E-03	+1.040583E-03	+1.040583E-03	+1.040583E-03	+1.040583E-03	+1.040583E-03	+1.040583E-03	+1.040583E-03	+1.040583E-03	+1.040583E-03	+1.040583E-03	+1.040583E-03	+1.040583E-03	+1.040583E-03	+1.040583E-03	+1.040583E-03	+1.040583E-03	+1.040583E-03	+1.040583E-03	+1.040583E-03	+1.040583E-03	+1.040583E-03	+1.040583E-03	+1.040583E-03	+1.040583E-03	+1.040583E-03	+1.040583E-03	+1.040583E-03	+1.040583E-03	+1.040583E-03	+1.040583E-03	+1.040583E-03	+1.040583E-03	+1.040583E-03	+1.040583E-03	+1.040583E-03	+1.040583E-03
	A	-1.951093E-04	-1.821020E-04	-1.690947E-04	-1.560874E-04	-1.430801E-04	-1.300728E-04	-1.170656E-04	-1.040583E-04	-9.105099E-05	-7.804370E-05	-6.503642E-05	-5.202914E-05	-3.902185E-05	-2.601457E-05	-1.300728E-05	+0.000000E+00	+1.300728E-05	+2.601457E-05	+3.902185E-05	+5.202914E-05	+6.503642E-05	+7.804370E-05	+9.105099E-05	+1.040583E-04	+1.170656E-04	+1.300728E-04	+1.430801E-04	+1.560874E-04	+1.690947E-04	+1.821020E-04	+1.951093E-04	-1.951093E-04	-1.821020E-04	-1.690947E-04	-1.560874E-04	-1.430801E-04	-1.300728E-04	-1.170656E-04	-1.040583E-04	-9.105099E-05	-7.804370E-05	-6.503642E-05	-5.202914E-05	-3.902185E-05	-2.601457E-05	-1.300728E-05	+0.000000E+00	+1.300728E-05	+2.601457E-05	+3.902185E-05	+5.202914E-05	+6.503642E-05	+7.804370E-05	+9.105099E-05	+1.040583E-04	+1.170656E-04	+1.300728E-04	+1.430801E-04	+1.560874E-04	+1.690947E-04	+1.821020E-04	+1.951093E-04	-1.951093E-04	-1.821020E-04	-1.690947E-04	-1.560874E-04	-1.430801E-04	-1.300728E-04	-1.170656E-04	-1.040583E-04	-9.105099E-05	-7.804370E-05	-6.503642E-05	-5.202914E-05	-3.902185E-05	-2.601457E-05	-1.300728E-05	+0.000000E+00	+1.300728E-05	+2.601457E-05	+3.902185E-05	+5.202914E-05	+6.503642E-05	+7.804370E-05	+9.105099E-05	+1.040583E-04	+1.170656E-04	+1.300728E-04	+1.430801E-04	+1.560874E-04	+1.690947E-04	+1.821020E-04	+1.951093E-04	-1.951093E-04	-1.821020E-04	-1.690947E-04	-1.560874E-04	-1.430801E-04	-1.300728E-04	-1.170656E-04	-1.040583E-04	-9.105099E-05	-7.804370E-05	-6.503642E-05	-5.202914E-05	-3.902185E-05	-2.601457E-05	-1.300728E-05	+0.000000E+00	+1.300728E-05	+2.601457E-05	+3.902185E-05	+5.202914E-05	+6.503642E-05	+7.804370E-05	+9.105099E-05	+1.040583E-04	+1.170656E-04	+1.300728E-04	+1.430801E-04	+1.560874E-04	+1.690947E-04	+1.821020E-04	+1.951093E-04	-1.951093E-04	-1.821020E-04	-1.690947E-04	-1.560874E-04	-1.430801E-04	-1.300728E-04	-1.170656E-04	-1.040583E-04	-9.105099E-05	-7.804370E-05	-6.503642E-05	-5.202914E-05	-3.902185E-05	-2.601457E-05	-1.300728E-05	+0.000000E+00	+1.300728E-05	+2.601457E-05	+3.902185E-05	+5.202914E-05	+6.503642E-05	+7.804370E-05	+9.105099E-05	+1.040583E-04	+1.170656E-04	+1.300728E-04	+1.430801E-04	+1.560874E-04	+1.690947E-04	+1.821020E-04	+1.951093E-04	-1.951093E-04	-1.821020E-04	-1.690947E-04	-1.560874E-04	-1.430801E-04	-1.300728E-04	-1.170656E-04	-1.040583E-04	-9.105099E-05	-7.804370E-05	-6.503642E-05	-5.202914E-05	-3.902185E-05	-2.601457E-05	-1.300728E-05	+0.000000E+00	+1.300728E-05	+2.601457E-05	+3.902185E-05	+5.202914E-05	+6.503642E-05	+7.804370E-05	+9.105099E-05	+1.040583E-04	+1.170656E-04	+1.300728E-04	+1.430801E-04	+1.560874E-04	+1.690947E-04	+1.821020E-04	+1.951093E-04	-1.951093E-04	-1.821020E-04	-1.690947E-04	-1.560874E-04	-1.430801E-04	-1.300728E-04	-1.170656E-04	-1.040583E-04	-9.105099E-05	-7.804370E-05	-6.503642E-05	-5.202914E-05	-3.902185E-05	-2.601457E-05	-1.300728E-05	+0.000000E+00	+1.300728E-05	+2.601457E-05	+3.902185E-05	+5.202914E-05	+6.503642E-05	+7.804370E-05	+9.105099E-05	+1.040583E-04	+1.170656E-04	+1.300728E-04	+1.430801E-04	+1.560874E-04	+1.690947E-04	+1.821020E-04	+1.951093E-04	-1.951093E-04	-1.821020E-04	-1.690947E-04	-1.560874E-04	-1.430801E-04	-1.300728E-04	-1.170656E-04	-1.040583E-04	-9.105099E-05	-7.804370E-05	-6.503642E-05	-5.202914E-05	-3.902185E-05	-2.601457E-05	-1.300728E-05	+0.000000E+00	+1.300728E-05	+2.601457E-05	+3.902185E-05	+5.202914E-05	+6.503642E-05	+7.804370E-05	+9.105099E-05	+1.040583E-04	+1.170656E-04	+1.300728E-04	+1.430801E-04	+1.560874E-04	+1.690947E-04	+1.821020E-04	+1.951093E-04	-1.951093E-04	-1.821020E-04	-1.690947E-04	-1.560874E-04	-1.430801E-04	-1.300728E-04	-1.170656E-04	-1.040583E-04	-9.105099E-05	-7.804370E-05	-6.503642E-05	-5.202914E-05	-3.902185E-05	-2.601457E-05	-1.300728E-05	+0.000000E+00	+1.300728E-05	+2.601457E-05	+3.902185E-05	+5.202914E-05	+6.503642E-05	+7.804370E-05	+9.105099E-05	+1.040583E-04	+1.170656E-04	+1.300728E-04	+1.430801E-04	+1.560874E-04	+1.690947E-04	+1.821020E-04	+1.951093E-04	-1.951093E-04	-1.821020E-04	-1.690947E-04	-1.560874E-04	-1.430801E-04	-1.300728E-04	-1.170656E-04	-1.040583E-04	-9.105099E-05	-7.804370E-05	-6.503642E-05	-5.202914E-05	-3.902185E-05	-2.601457E-05	-1.300728E-05	+0.000000E+00	+1.300728E-05	+2.601457E-05	+3.902185E-05	+5.202914E-05	+6.503642E-05	+7.804370E-05	+9.105099E-05	+1.040583E-04	+1.170656E-04	+1.300728E-04	+1.430801E-04	+1.560874E-04	+1.690947E-04	+1.821020E-04	+1.951093E-04	-1.951093E-04	-1.821020E-04	-1.690947E-04	-1.560874E-04	-1.430801E-04	-1.300728E-04	-1.170656E-04	-1.040583E-04	-9.105099E-05	-7.804370E-05	-6.503642E-05	-5.202914E-05	-3.902185E-05	-2.601457E-05	-1.300728E-05	+0.000000E+00	+1.300728E-05	+2.601457E-05	+3.902185E-05	+5.202914E-05	+6.503642E-05	+7.804370E-05	+9.105099E-05	+1.040583E-04	+1.170656E-04	+1.300728E-04	+1.430801E-04	+1.560874E-04	+1.690947E-04	+1.821020E-04	+1.951093E-04	-1.951093E-04	-1.821020E-04	-1.690947E-04	-1.560874E-04	-1.430801E-04	-1.300728E-04	-1.170656E-04	-1.040583E-04	-9.105099E-05	-7.804370E-05	-6.503642E-05	-5.202914E-05	-3.902185E-05	-2.601457E-05	-1.300728E-05	+0.000000E+00	+1.300728E-05	+2.601457E-05	+3.902185E-05	+5.202914E-05	+6.503642E-05	+7.804370E-05	+9.105099E-05	+1.040583E-04	+1.170656E-04	+1.300728E-04	+1.430801E-04	+1.560874E-04	+1.690947E-04	+1.821020E-04	+1.951093E-04	-1.951093E-04	-1.821020E-04	-1.690947E-04	-1.560874E-04	-1.430801E-04	-1.300728E-04	-1.170656E-04	-1.040583E-04	-9.105099E-05	-7.804370E-05	-6.503642E-05	-5.202914E-05	-3.902185E-05	-2.601457E-05	-1.300728E-05	+0.000000E+00	+1.300728E-05	+2.601457E-05	+3.902185E-05	+5.202914E-05	+6.503642E-05	+7.804370E-05	+9.105099E-05	+1.040583E-04	+1.170656E-04	+1.300728E-04	+1.430801E-04	+1.560874E-04	+1.690947E-04	+1.821020E-04	+1.951093E-04	-1.951093E-04	-1.821020E-04	-1.690947E-04	-1.560874E-04	-1.430801E-04	-1.300728E-04	-1.170656E-04	-1.040583E-04	-9.105099E-05	-7.804370E-05	-6.503642E-05	-5.202914E-05	-3.902185E-05	-2.601457E-05	-1.300728E-05	+0.000000E+00	+1.300728E-05	+2.601457E-05	+3.902185E-05	+5.202914E-05	+6.503642E-05	+7.804370E-05	+9.105099E-05	+1.040583E-04	+1.170656E-04	+1.300728E-04	+1.430801E-04	+1.560874E-04	+1.690947E-04	+1.821020E-04	+1.951093E-04	-1.951093E-04	-1.821020E-04	-1.690947E-04	-1.560874E-04	-1.430801E-04	-1.300728E-04	-1.170656E-04	-1.040583E-04	-9.105099E-05	-7.804370E-05	-6.503642E-05	-5.202914E-05	-3.902185E-05	-2.601457E-05	-1.300728E-05	+0.000000E+00	+1.300728E-05	+2.601457E-05	+3.902185E-05	+5.202914E-05	+6.503642E-05	+7.804370E-05	+9.105099E-05	+1.040583E-04	+1.170656E-04	+1.300728E-04	+1.430801E-04	+1.560874E-04	+1.690947E-04	+1.821020E-04	+1.951093E-04	-1.951093E-04	-1.821020E-04	-1.690947E-04	-1.560874E-04	-1.430801E-04	-1.300728E-04	-1.170656E-04	-1.040583E-04	-9.105099E-05	-7.804370E-05	-6.503642E-05	-5.202914E-05	-3.902185E-05	-2.601457E-05	-1.300728E-05	+0.000000E+00
	A	-1.951093E-04	-1.951093E-04	-1.951093E-04	-1.951093E-04	-1.951093E-04	-1.951093E-04	-1.951093E-04	-1.951093E-04	-1.951093E-04	-1.951093E-04	-1.951093E-04	-1.951093E-04	-1.951093E-04	-1.951093E-04	-1.951093E-04	-1.951093E-04	-1.951093E-04	-1.951093E-04	-1.951093E-04	-1.951093E-04	-1.951093E-04	-1.951093E-04	-1.951093E-04	-1.951093E-04	-1.951093E-04	-1.951093E-04	-1.951093E-04	-1.951093E-04	-1.951093E-04	-1.951093E-04	-1.951093E-04	-1.821020E-04	-1.821020E-04	-1.821020E-04	-1.821020E-04	-1.821020E-04	-1.821020E-04	-1.821020E-04	-1.821020E-04	-1.821020E-04	-1.821020E-04	-1.821020E-04	-1.821020E-04	-1.821020E-04	-1.821020E-04	-1.821020E-04	-1.821020E-04	-1.821020E-04	-1.821020E-04	-1.821020E-04	-1.821020E-04	-1.821020E-04	-1.821020E-04	-1.821020E-04	-1.821020E-04	-1.821020E-04	-1.821020E-04	-1.821020E-04	-1.821020E-04	-1.821020E-04	-1.821020E-04	-1.821020E-04	-1.690947E-04	-1.690947E-04	-1.690947E-04	-1.690947E-04	-1.690947E-04	-1.690947E-04	-1.690947E-04	-1.690947E-04	-1.690947E-04	-1.690947E-04	-1.690947E-04	-1.690947E-04	-1.690947E-04	-1.690947E-04	-1.690947E-04	-1.690947E-04	-1.690947E-04	-1.690947E-04	-1.690947E-04	-1.690947E-04	-1.690947E-04	-1.690947E-04	-1.690947E-04	-1.690947E-04	-1.690947E-04	-1.690947E-04	-1.690947E-04	-1.690947E-04	-1.690947E-04	-1.690947E-04	-1.690947E-04	-1.560874E-04	-1.560874E-04	-1.560874E-04	-1.560874E-04	-1.560874E-04	-1.560874E-04	-1.560874E-04	-1.560874E-04	-1.560874E-04	-1.560874E-04	-1.560874E-04	-1.560874E-04	-1.560874E-04	-1.560874E-04	-1.560874E-04	-1.560874E-04	-1.560874E-04	-1.560874E-04	-1.560874E-04	-1.560874E-04	-1.560874E-04	-1.560874E-04	-1.560874E-04	-1.560874E-04	-1.560874E-04	-1.560874E-04	-1.560874E-04	-1.560874E-04	-1.560874E-04	-1.560874E-04	-1.560874E-04	-1.430801E-04	-1.430801E-04	-1.430801E-04	-1.430801E-04	-1.430801E-04	-1.430801E-04	-1.430801E-04	-1.430801E-04	-1.430801E-04	-1.430801E-04	-1.430801E-04	-1.430801E-04	-1.430801E-04	-1.430801E-04	-1.430801E-04	-1.430801E-04	-1.430801E-04	-1.430801E-04	-1.430801E-04	-1.430801E-04	-1.430801E-04	-1.430801E-04	-1.430801E-04	-1.430801E-04	-1.430801E-04	-1.430801E-04	-1.430801E-04	-1.430801E-04	-1.430801E-04	-1.430801E-04	-1.430801E-04	-1.300728E-04	-1.300728E-04	-1.300728E-04	-1.300728E-04	-1.300728E-04	-1.300728E-04	-1.300728E-04	-1.300728E-04	-1.300728E-04	-1.300728E-04	-1.300728E-04	-1.300728E-04	-1.300728E-04	-1.300728E-04	-1.300728E-04	-1.300728E-04	-1.300728E-04	-1.300728E-04	-1.300728E-04	-1.300728E-04	-1.300728E-04	-1.300728E-04	-1.300728E-04	-1.300728E-04	-1.300728E-04	-1.300728E-04	-1.300728E-04	-1.300728E-04	-1.300728E-04	-1.300728E-04	-1.300728E-04	-1.170656E-04	-1.170656E-04	-1.170656E-04	-1.170656E-04	-1.170656E-04	-1.170656E-04	-1.170656E-04	-1.170656E-04	-1.170656E-04	-1.170656E-04	-1.170656E-04	-1.170656E-04	-1.170656E-04	-1.170656E-04	-1.170656E-04	-1.170656E-04	-1.170656E-04	-1.170656E-04	-1.170656E-04	-1.170656E-04	-1.170656E-04	-1.170656E-04	-1.170656E-04	-1.170656E-04	-1.170656E-04	-1.170656E-04	-1.170656E-04	-1.170656E-04	-1.170656E-04	-1.170656E-04	-1.170656E-04	-1.040583E-04	-1.040583E-04	-1.040583E-04	-1.040583E-04	-1.040583E-04	-1.040583E-04	-1.040583E-04	-1.040583E-04	-1.040583E-04	-1.040583E-04	-1.040583E-04	-1.040583E-04	-1.040583E-04	-1.040583E-04	-1.040583E-04	-1.040583E-04	-1.040583E-04	-1.040583E-04	-1.040583E-04	-1.040583E-04	-1.040583E-04	-1.040583E-04	-1.040583E-04	-1.040583E-04	-1.040583E-04	-1.040583E-04	-1.040583E-04	-1.040583E-04	-1.040583E-04	-1.040583E-04	-1.040583E-04	-9.105099E-05	-9.105099E-05	-9.105099E-05	-9.105099E-05	-9.105099E-05	-9.105099E-05	-9.105099E-05	-9.105099E-05	-9.105099E-05	-9.105099E-05	-9.105099E-05	-9.105099E-05	-9.105099E-05	-9.105099E-05	-9.105099E-05	-9.105099E-05	-9.105099E-05	-9.105099E-05	-9.105099E-05	-9.105099E-05	-9.105099E-05	-9.105099E-05	-9.105099E-05	-9.105099E-05	-9.105099E-05	-9.105099E-05	-9.105099E-05	-9.105099E-05	-9.105099E-05	-9.105099E-05	-9.105099E-05	-7.804370E-05	-7.804370E-05	-7.804370E-05	-7.804370E-05	-7.804370E-05	-7.804370E-05	-7.804370E-05	-7.804370E-05	-7.804370E-05	-7.804370E-05	-7.804370E-05	-7.804370E-05	-7.804370E-05	-7.804370E-05	-7.804370E-05	-7.804370E-05	-7.804370E-05	-7.804370E-05	-7.804370E-05	-7.804370E-05	-7.804370E-05	-7.804370E-05	-7.804370E-05	-7.804370E-05	-7.804370E-05	-7.804370E-05	-7.804370E-05	-7.804370E-05	-7.804370E-05	-7.804370E-05	-7.804370E-05	-6.503642E-05	-6.503642E-05	-6.503642E-05	-6.503642E-05	-6.503642E-05	-6.503642E-05	-6.503642E-05	-6.503642E-05	-6.503642E-05	-6.503642E-05	-6.503642E-05	-6.503642E-05	-6.503642E-05	-6.503642E-05	-6.503642E-05	-6.503642E-05	-6.503642E-05	-6.503642E-05	-6.503642E-05	-6.503642E-05	-6.503642E-05	-6.503642E-05	-6.503642E-05	-6.503642E-05	-6.503642E-05	-6.503642E-05	-6.503642E-05	-6.503642E-05	-6.503642E-05	-6.503642E-05	-6.503642E-05	-5.202914E-05	-5.202914E-05	-5.202914E-05	-5.202914E-05	-5.202914E-05	-5.202914E-05	-5.202914E-05	-5.202914E-05	-5.202914E-05	-5.202914E-05	-5.202914E-05	-5.202914E-05	-5.202914E-05	-5.202914E-05	-5.202914E-05	-5.202914E-05	-5.202914E-05	-5.202914E-05	-5.202914E-05	-5.202914E-05	-5.202914E-05	-5.202914E-05	-5.202914E-05	-5.202914E-05	-5.202914E-05	-5.202914E-05	-5.202914E-05	-5.202914E-05	-5.202914E-05	-5.202914E-05	-5.202914E-05	-3.902185E-05	-3.902185E-05	-3.902185E-05	-3.902185E-05	-3.902185E-05	-3.902185E-05	-3.902185E-05	-3.902185E-05	-3.902185E-05	-3.902185E-05	-3.902185E-05	-3.902185E-05	-3.902185E-05	-3.902185E-05	-3.902185E-05	-3.902185E-05	-3.902185E-05	-3.902185E-05	-3.902185E-05	-3.902185E-05	-3.902185E-05	-3.902185E-05	-3.902185E-05	-3.902185E-05	-3.902185E-05	-3.902185E-05	-3.902185E-05	-3.902185E-05	-3.902185E-05	-3.902185E-05	-3.902185E-05	-2.601457E-05	-2.601457E-05	-2.601457E-05	-2.601457E-05	-2.601457E-05	-2.601457E-05	-2.601457E-05	-2.601457E-05	-2.601457E-05	-2.601457E-05	-2.601457E-05	-2.601457E-05	-2.601457E-05	-2.601457E-05	-2.601457E-05	-2.601457E-05	-2.601457E-05	-2.601457E-05	-2.601457E-05	-2.601457E-05	-2.601457E-05	-2.601457E-05	-2.601457E-05	-2.601457E-05	-2.601457E-05	-2.601457E-05	-2.601457E-05	-2.601457E-05	-2.601457E-05	-2.601457E-05	-2.601457E-05	-1.300728E-05	-1.300728E-05	-1.300728E-05	-1.300728E-05	-1.300728E-05	-1.300728E-05	-1.300728E-05	-1.300728E-05	-1.300728E-05	-1.300728E-05	-1.300728E-05	-1.300728E-05	-1.300728E-05	-1.300728E-05	-1.300728E-05	-1.300728E-05	-1.300728E-05	-1.300728E-05	-1.300728E-05	-1.300728E-05	-1.300728E-05	-1.300728E-05	-1.300728E-05	-1.300728E-05	-1.300728E-05	-1.300728E-05	-1.300728E-05	-1.300728E-05	-1.300728E-05	-1.300728E-05	-1.300728E-05	+0.000000E+00	+0.000000E+00	+0.000000E+00	+0.000000E+00	+0.000000E+00	+0.000000E+00	+0.000000E+00	+0.000000E+00	+0.000000E+00	+0.000000E+00	+0.000000E+00	+0.000000E+00	+0.000000E+00	+0.000000E+00	+0.000000E+00	+0.000000E+00
	S	+3.658299E-05	+3.414412E-05	+3.170525E-05	+2.926639E-05	+2.682752E-05	+2.438866E-05	+2.194979E-05	+1.951093E-05	+1.707206E-05	+1.463319E-05	+1.219433E-05	+9.755463E-06	+7.316597E-06	+4.877732E-06	+2.438866E-06	+0.000000E+00	-2.438866E-06	-4.877732E-06	-7.316597E-06	-9.755463E-06	-1.219433E-05	-1.463319E-05	-1.707206E-05	-1.951093E-05	-2.194979E-05	-2.438866E-05	-2.682752E-05	-2.926639E-05	-3.170525E-05	-3.414412E-05	-3.658299E-05	+3.414412E-05	+3.186785E-05	+2.959157E-05	+2.731530E-05	+2.503902E-05	+2.276275E-05	+2.048647E-05	+1.821020E-05	+1.593392E-05	+1.365765E-05	+1.138137E-05	+9.105099E-06	+6.828824E-06	+4.552549E-06	+2.276275E-06	+0.000000E+00	-2.276275E-06	-4.552549E-06	-6.828824E-06	-9.105099E-06	-1.138137E-05	-1.365765E-05	-1.593392E-05	-1.821020E-05	-2.048647E-05	-2.276275E-05	-2.503902E-05	-2.731530E-05	-2.959157E-05	-3.186785E-05	-3.414412E-05	+3.170525E-05	+2.959157E-05	+2.747789E-05	+2.536420E-05	+2.325052E-05	+2.113684E-05	+1.902315E-05	+1.690947E-05	+1.479579E-05	+1.268210E-05	+1.056842E-05	+8.454735E-06	+6.341051E-06	+4.227367E-06	+2.113684E-06	+0.000000E+00	-2.113684E-06	-4.227367E-06	-6.341051E-06	-8.454735E-06	-1.056842E-05	-1.268210E-05	-1.479579E-05	-1.690947E-05	-1.902315E-05	-2.113684E-05	-2.325052E-05	-2.536420E-05	-2.747789E-05	-2.959157E-05	-3.170525E-05	+2.926639E-05	+2.731530E-05	+2.536420E-05	+2.341311E-05	+2.146202E-05	+1.951093E-05	+1.755983E-05	+1.560874E-05	+1.365765E-05	+1.170656E-05	+9.755463E-06	+7.804370E-06	+5.853278E-06	+3.902185E-06	+1.951093E-06	+0.000000E+00	-1.951093E-06	-3.902185E-06	-5.853278E-06	-7.804370E-06	-9.755463E-06	-1.170656E-05	-1.365765E-05	-1.560874E-05	-1.755983E-05	-1.951093E-05	-2.146202E-05	-2.341311E-05	-2.536420E-05	-2.731530E-05	-2.926639E-05	+2.682752E-05	+2.503902E-05	+2.325052E-05	+2.146202E-05	+1.967352E-05	+1.788502E-05	+1.609651E-05	+1.430801E-05	+1.251951E-05	+1.073101E-05	+8.942508E-06	+7.154006E-06	+5.365505E-06	+3.577003E-06	+1.788502E-06	+0.000000E+00	-1.788502E-06	-3.577003E-06	-5.365505E-06	-7.154006E-06	-8.942508E-06	-1.073101E-05	-1.251951E-05	-1.430801E-05	-1.609651E-05	-1.788502E-05	-1.967352E-05	-2.146202E-05	-2.325052E-05	-2.503902E-05	-2.682752E-05	+2.438866E-05	+2.276275E-05	+2.113684E-05	+1.951093E-05	+1.788502E-05	+1.625911E-05	+1.463319E-05	+1.300728E-05	+1.138137E-05	+9.755463E-06	+8.129553E-06	+6.503642E-06	+4.877732E-06	+3.251821E-06	+1.625911E-06	+0.000000E+00	-1.625911E-06	-3.251821E-06	-4.877732E-06	-6.503642E-06	-8.129553E-06	-9.755463E-06	-1.138137E-05	-1.300728E-05	-1.463319E-05	-1.625911E-05	-1.788502E-05	-1.951093E-05	-2.113684E-05	-2.276275E-05	-2.438866E-05	+2.194979E-05	+2.048647E-05	+1.902315E-05	+1.755983E-05	+1.609651E-05	+1.463319E-05	+1.316988E-05	+1.170656E-05	+1.024324E-05	+8.779917E-06	+7.316597E-06	+5.853278E-06	+4.389958E-06	+2.926639E-06	+1.463319E-06	+0.000000E+00	-1.463319E-06	-2.926639E-06	-4.389958E-06	-5.853278E-06	-7.316597E-06	-8.779917E-06	-1.024324E-05	-1.170656E-05	-1.316988E-05	-1.463319E-05	-1.609651E-05	-1.755983E-05	-1.902315E-05	-2.048647E-05	-2.194979E-05	+1.951093E-05	+1.821020E-05	+1.690947E-05	+1.560874E-05	+1.430801E-05	+1.300728E-05	+1.170656E-05	+1.040583E-05	+9.105099E-06	+7.804370E-06	+6.503642E-06	+5.202914E-06	+3.902185E-06	+2.601457E-06	+1.300728E-06	+0.000000E+00	-1.300728E-06	-2.601457E-06	-3.902185E-06	-5.202914E-06	-6.503642E-06	-7.804370E-06	-9.105099E-06	-1.040583E-05	-1.170656E-05	-1.300728E-05	-1.430801E-05	-1.560874E-05	-1.690947E-05	-1.821020E-05	-1.951093E-05	+1.707206E-05	+1.593392E-05	+1.479579E-05	+1.365765E-05	+1.251951E-05	+1.138137E-05	+1.024324E-05	+9.105099E-06	+7.966961E-06	+6.828824E-06	+5.690687E-06	+4.552549E-06	+3.414412E-06	+2.276275E-06	+1.138137E-06	+0.000000E+00	-1.138137E-06	-2.276275E-06	-3.414412E-06	-4.552549E-06	-5.690687E-06	-6.828824E-06	-7.966961E-06	-9.105099E-06	-1.024324E-05	-1.138137E-05	-1.251951E-05	-1.365765E-05	-1.479579E-05	-1.593392E-05	-1.707206E-05	+1.463319E-05	+1.365765E-05	+1.268210E-05	+1.170656E-05	+1.073101E-05	+9.755463E-06	+8.779917E-06	+7.804370E-06	+6.828824E-06	+5.853278E-06	+4.877732E-06	+3.902185E-06	+2.926639E-06	+1.951093E-06	+9.755463E-07	+0.000000E+00	-9.755463E-07	-1.951093E-06	-2.926639E-06	-3.902185E-06	-4.877732E-06	-5.853278E-06	-6.828824E-06	-7.804370E-06	-8.779917E-06	-9.755463E-06	-1.073101E-05	-1.170656E-05	-1.268210E-05	-1.365765E-05	-1.463319E-05	+1.219433E-05	+1.138137E-05	+1.056842E-05	+9.755463E-06	+8.942508E-06	+8.129553E-06	+7.316597E-06	+6.503642E-06	+5.690687E-06	+4.877732E-06	+4.064776E-06	+3.251821E-06	+2.438866E-06	+1.625911E-06	+8.129553E-07	+0.000000E+00	-8.129553E-07	-1.625911E-06	-2.438866E-06	-3.251821E-06	-4.064776E-06	-4.877732E-06	-5.690687E-06	-6.503642E-06	-7.316597E-06	-8.129553E-06	-8.942508E-06	-9.755463E-06	-1.056842E-05	-1.138137E-05	-1.219433E-05	+9.755463E-06	+9.105099E-06	+8.454735E-06	+7.804370E-06	+7.154006E-06	+6.503642E-06	+5.853278E-06	+5.202914E-06	+4.552549E-06	+3.902185E-06	+3.251821E-06	+2.601457E-06	+1.951093E-06	+1.300728E-06	+6.503642E-07	+0.000000E+00	-6.503642E-07	-1.300728E-06	-1.951093E-06	-2.601457E-06	-3.251821E-06	-3.902185E-06	-4.552549E-06	-5.202914E-06	-5.853278E-06	-6.503642E-06	-7.154006E-06	-7.804370E-06	-8.454735E-06	-9.105099E-06	-9.755463E-06	+7.316597E-06	+6.828824E-06	+6.341051E-06	+5.853278E-06	+5.365505E-06	+4.877732E-06	+4.389958E-06	+3.902185E-06	+3.414412E-06	+2.926639E-06	+2.438866E-06	+1.951093E-06	+1.463319E-06	+9.755463E-07	+4.877732E-07	+0.000000E+00	-4.877732E-07	-9.755463E-07	-1.463319E-06	-1.951093E-06	-2.438866E-06	-2.926639E-06	-3.414412E-06	-3.902185E-06	-4.389958E-06	-4.877732E-06	-5.365505E-06	-5.853278E-06	-6.341051E-06	-6.828824E-06	-7.316597E-06	+4.877732E-06	+4.552549E-06	+4.227367E-06	+3.902185E-06	+3.577003E-06	+3.251821E-06	+2.926639E-06	+2.601457E-06	+2.276275E-06	+1.951093E-06	+1.625911E-06	+1.300728E-06	+9.755463E-07	+6.503642E-07	+3.251821E-07	+0.000000E+00	-3.251821E-07	-6.503642E-07	-9.755463E-07	-1.300728E-06	-1.625911E-06	-1.951093E-06	-2.276275E-06	-2.601457E-06	-2.926639E-06	-3.251821E-06	-3.577003E-06	-3.902185E-06	-4.227367E-06	-4.552549E-06	-4.877732E-06	+2.438866E-06	+2.276275E-06	+2.113684E-06	+1.951093E-06	+1.788502E-06	+1.625911E-06	+1.463319E-06	+1.300728E-06	+1.138137E-06	+9.755463E-07	+8.129553E-07	+6.503642E-07	+4.877732E-07	+3.251821E-07	+1.625911E-07	+0.000000E+00	-1.625911E-07	-3.251821E-07	-4.877732E-07	-6.503642E-07	-8.129553E-07	-9.755463E-07	-1.138137E-06	-1.300728E-06	-1.463319E-06	-1.625911E-06	-1.788502E-06	-1.951093E-06	-2.113684E-06	-2.276275E-06	-2.438866E-06	+0.000000E+00	+0.000000E+00	+0.000000E+00	+0.000000E+00	+0.000000E+00	+0.000000E+00	+0.000000E+00	+0.000000E+00	+0.000000E+00	+0.000000E+00	+0.000000E+00	+0.000000E+00	+0.000000E+00	+0.000000E+00	+0.000000E+00	+0.000000E+00
# Matrix ends.
#
#
# ---------------------------------- LICENSE NOTICE -----------------------------------
# THIS DATA IS RELEASED UNDER THE CREATIVE COMMONS LICENSE "CC BY-NC-SA 4.0".
#   This license lets you remix, tweak, and build upon this work non-commercially,
#   as long as you credit me and license your new creations under the terms identical
#   to the current license.
# SEE "https://creativecommons.org/licenses/by-nc-sa/4.0" FOR DETAILS.
#
# RELEASED BY: Chandra Shekhar
#      E-mail: chandraiitk[AT]yahoo[DOT]co[DOT]in
#    Homepage: https://sites.google.com/site/chandraacads
# FOR ANY QUESTION OR COMMENT, OR FOR A COMMERCIAL LICENSE, PLEASE EMAIL ME.
#
# For additional details, please visit my homepage.
#
# ==================================== End of File ====================================
