# ================================== Start of File ====================================
# Spatial dimensions = 2
# Kernel size = 19x19
# Polynomial order = 5x5
# Size of the convolution coefficient matrix = 36x361
#
# Column# 1:
#    S/A => The left and the right halves of the row are symmetric(S)/anti-symmetric(A) about the middle column.
#           If symmetric elements on the right half, their signs are same as the corresponding elements on the left side.
#           If anti-symmetric elements, the signs are opposite.
# Column# 2~181 = the left-half columns of the row.
# Column# 182 = the middle column of the row.
# Column# 183~362, which are the right-half columns, are not stored, because they are symmetric/anti-symmetric
#           of the elements in the column# 181~2, respectively.
# Matrix starts:
	S	+2.094581E-03	-1.570936E-03	-2.587423E-03	-1.786554E-03	+1.108896E-04	+2.495015E-03	+4.866820E-03	+6.838190E-03	+8.131902E-03	+8.581621E-03	+8.131902E-03	+6.838190E-03	+4.866820E-03	+2.495015E-03	+1.108896E-04	-1.786554E-03	-2.587423E-03	-1.570936E-03	+2.094581E-03	-1.570936E-03	+1.178202E-03	+1.940568E-03	+1.339916E-03	-8.316718E-05	-1.871262E-03	-3.650115E-03	-5.128643E-03	-6.098926E-03	-6.436216E-03	-6.098926E-03	-5.128643E-03	-3.650115E-03	-1.871262E-03	-8.316718E-05	+1.339916E-03	+1.940568E-03	+1.178202E-03	-1.570936E-03	-2.587423E-03	+1.940568E-03	+3.196229E-03	+2.206920E-03	-1.369812E-04	-3.082078E-03	-6.011954E-03	-8.447176E-03	-1.004529E-02	-1.060083E-02	-1.004529E-02	-8.447176E-03	-6.011954E-03	-3.082078E-03	-1.369812E-04	+2.206920E-03	+3.196229E-03	+1.940568E-03	-2.587423E-03	-1.786554E-03	+1.339916E-03	+2.206920E-03	+1.523826E-03	-9.458228E-05	-2.128101E-03	-4.151111E-03	-5.832574E-03	-6.936034E-03	-7.319618E-03	-6.936034E-03	-5.832574E-03	-4.151111E-03	-2.128101E-03	-9.458228E-05	+1.523826E-03	+2.206920E-03	+1.339916E-03	-1.786554E-03	+1.108896E-04	-8.316718E-05	-1.369812E-04	-9.458228E-05	+5.870624E-06	+1.320890E-04	+2.576552E-04	+3.620218E-04	+4.305125E-04	+4.543211E-04	+4.305125E-04	+3.620218E-04	+2.576552E-04	+1.320890E-04	+5.870624E-06	-9.458228E-05	-1.369812E-04	-8.316718E-05	+1.108896E-04	+2.495015E-03	-1.871262E-03	-3.082078E-03	-2.128101E-03	+1.320890E-04	+2.972004E-03	+5.797242E-03	+8.145491E-03	+9.686530E-03	+1.022222E-02	+9.686530E-03	+8.145491E-03	+5.797242E-03	+2.972004E-03	+1.320890E-04	-2.128101E-03	-3.082078E-03	-1.871262E-03	+2.495015E-03	+4.866820E-03	-3.650115E-03	-6.011954E-03	-4.151111E-03	+2.576552E-04	+5.797242E-03	+1.130820E-02	+1.588874E-02	+1.889471E-02	+1.993965E-02	+1.889471E-02	+1.588874E-02	+1.130820E-02	+5.797242E-03	+2.576552E-04	-4.151111E-03	-6.011954E-03	-3.650115E-03	+4.866820E-03	+6.838190E-03	-5.128643E-03	-8.447176E-03	-5.832574E-03	+3.620218E-04	+8.145491E-03	+1.588874E-02	+2.232468E-02	+2.654827E-02	+2.801647E-02	+2.654827E-02	+2.232468E-02	+1.588874E-02	+8.145491E-03	+3.620218E-04	-5.832574E-03	-8.447176E-03	-5.128643E-03	+6.838190E-03	+8.131902E-03	-6.098926E-03	-1.004529E-02	-6.936034E-03	+4.305125E-04	+9.686530E-03	+1.889471E-02	+2.654827E-02	+3.157091E-02	+3.331688E-02	+3.157091E-02	+2.654827E-02	+1.889471E-02	+9.686530E-03	+4.305125E-04	-6.936034E-03	-1.004529E-02	-6.098926E-03	+8.131902E-03	+8.581621E-03	-6.436216E-03	-1.060083E-02	-7.319618E-03	+4.543211E-04	+1.022222E-02	+1.993965E-02	+2.801647E-02	+3.331688E-02	+3.515940E-02
	A	-1.190579E-03	+1.633138E-03	+1.504561E-03	+4.421115E-05	-1.627981E-03	-2.821169E-03	-3.202072E-03	-2.723464E-03	-1.552659E-03	+0.000000E+00	+1.552659E-03	+2.723464E-03	+3.202072E-03	+2.821169E-03	+1.627981E-03	-4.421115E-05	-1.504561E-03	-1.633138E-03	+1.190579E-03	+8.929341E-04	-1.224854E-03	-1.128420E-03	-3.315836E-05	+1.220986E-03	+2.115877E-03	+2.401554E-03	+2.042598E-03	+1.164495E-03	+0.000000E+00	-1.164495E-03	-2.042598E-03	-2.401554E-03	-2.115877E-03	-1.220986E-03	+3.315836E-05	+1.128420E-03	+1.224854E-03	-8.929341E-04	+1.470715E-03	-2.017406E-03	-1.858575E-03	-5.461377E-05	+2.011036E-03	+3.484973E-03	+3.955500E-03	+3.364279E-03	+1.917991E-03	+0.000000E+00	-1.917991E-03	-3.364279E-03	-3.955500E-03	-3.484973E-03	-2.011036E-03	+5.461377E-05	+1.858575E-03	+2.017406E-03	-1.470715E-03	+1.015494E-03	-1.392971E-03	-1.283302E-03	-3.770951E-05	+1.388572E-03	+2.406291E-03	+2.731179E-03	+2.322954E-03	+1.324327E-03	+0.000000E+00	-1.324327E-03	-2.322954E-03	-2.731179E-03	-2.406291E-03	-1.388572E-03	+3.770951E-05	+1.283302E-03	+1.392971E-03	-1.015494E-03	-6.303064E-05	+8.646026E-05	+7.965320E-05	+2.340590E-06	-8.618724E-05	-1.493560E-04	-1.695214E-04	-1.441834E-04	-8.219961E-05	+0.000000E+00	+8.219961E-05	+1.441834E-04	+1.695214E-04	+1.493560E-04	+8.618724E-05	-2.340590E-06	-7.965320E-05	-8.646026E-05	+6.303064E-05	-1.418189E-03	+1.945356E-03	+1.792197E-03	+5.266328E-05	-1.939213E-03	-3.360510E-03	-3.814232E-03	-3.244126E-03	-1.849491E-03	+0.000000E+00	+1.849491E-03	+3.244126E-03	+3.814232E-03	+3.360510E-03	+1.939213E-03	-5.266328E-05	-1.792197E-03	-1.945356E-03	+1.418189E-03	-2.766345E-03	+3.794645E-03	+3.495891E-03	+1.027259E-04	-3.782662E-03	-6.555069E-03	-7.440108E-03	-6.328048E-03	-3.607650E-03	+0.000000E+00	+3.607650E-03	+6.328048E-03	+7.440108E-03	+6.555069E-03	+3.782662E-03	-1.027259E-04	-3.495891E-03	-3.794645E-03	+2.766345E-03	-3.886890E-03	+5.331716E-03	+4.911948E-03	+1.443364E-04	-5.314880E-03	-9.210287E-03	-1.045382E-02	-8.891308E-03	-5.068976E-03	+0.000000E+00	+5.068976E-03	+8.891308E-03	+1.045382E-02	+9.210287E-03	+5.314880E-03	-1.443364E-04	-4.911948E-03	-5.331716E-03	+3.886890E-03	-4.622247E-03	+6.340419E-03	+5.841235E-03	+1.716433E-04	-6.320398E-03	-1.095277E-02	-1.243157E-02	-1.057345E-02	-6.027972E-03	+0.000000E+00	+6.027972E-03	+1.057345E-02	+1.243157E-02	+1.095277E-02	+6.320398E-03	-1.716433E-04	-5.841235E-03	-6.340419E-03	+4.622247E-03	-4.877871E-03	+6.691064E-03	+6.164273E-03	+1.811357E-04	-6.669935E-03	-1.155849E-02	-1.311908E-02	-1.115819E-02	-6.361337E-03	+0.000000E+00
	S	-3.736923E-04	+1.753418E-04	+4.100954E-04	+4.242016E-04	+2.988091E-04	+1.025822E-04	-1.082993E-04	-2.901400E-04	-4.117289E-04	-4.543392E-04	-4.117289E-04	-2.901400E-04	-1.082993E-04	+1.025822E-04	+2.988091E-04	+4.242016E-04	+4.100954E-04	+1.753418E-04	-3.736923E-04	+2.802692E-04	-1.315064E-04	-3.075715E-04	-3.181512E-04	-2.241068E-04	-7.693664E-05	+8.122451E-05	+2.176050E-04	+3.087967E-04	+3.407544E-04	+3.087967E-04	+2.176050E-04	+8.122451E-05	-7.693664E-05	-2.241068E-04	-3.181512E-04	-3.075715E-04	-1.315064E-04	+2.802692E-04	+4.616198E-04	-2.165987E-04	-5.065884E-04	-5.240138E-04	-3.691172E-04	-1.267192E-04	+1.337815E-04	+3.584083E-04	+5.086063E-04	+5.612426E-04	+5.086063E-04	+3.584083E-04	+1.337815E-04	-1.267192E-04	-3.691172E-04	-5.240138E-04	-5.065884E-04	-2.165987E-04	+4.616198E-04	+3.187375E-04	-1.495562E-04	-3.497873E-04	-3.618190E-04	-2.548666E-04	-8.749657E-05	+9.237297E-05	+2.474724E-04	+3.511805E-04	+3.875246E-04	+3.511805E-04	+2.474724E-04	+9.237297E-05	-8.749657E-05	-2.548666E-04	-3.618190E-04	-3.497873E-04	-1.495562E-04	+3.187375E-04	-1.978371E-05	+9.282801E-06	+2.171093E-05	+2.245773E-05	+1.581931E-05	+5.430822E-06	-5.733495E-06	-1.536036E-05	-2.179741E-05	-2.405325E-05	-2.179741E-05	-1.536036E-05	-5.733495E-06	+5.430822E-06	+1.581931E-05	+2.245773E-05	+2.171093E-05	+9.282801E-06	-1.978371E-05	-4.451334E-04	+2.088630E-04	+4.884960E-04	+5.052990E-04	+3.559344E-04	+1.221935E-04	-1.290036E-04	-3.456080E-04	-4.904417E-04	-5.411982E-04	-4.904417E-04	-3.456080E-04	-1.290036E-04	+1.221935E-04	+3.559344E-04	+5.052990E-04	+4.884960E-04	+2.088630E-04	-4.451334E-04	-8.682849E-04	+4.074118E-04	+9.528687E-04	+9.856449E-04	+6.942918E-04	+2.383527E-04	-2.516367E-04	-6.741489E-04	-9.566641E-04	-1.055671E-03	-9.566641E-04	-6.741489E-04	-2.516367E-04	+2.383527E-04	+6.942918E-04	+9.856449E-04	+9.528687E-04	+4.074118E-04	-8.682849E-04	-1.219995E-03	+5.724394E-04	+1.338841E-03	+1.384894E-03	+9.755239E-04	+3.349007E-04	-3.535655E-04	-9.472219E-04	-1.344174E-03	-1.483284E-03	-1.344174E-03	-9.472219E-04	-3.535655E-04	+3.349007E-04	+9.755239E-04	+1.384894E-03	+1.338841E-03	+5.724394E-04	-1.219995E-03	-1.450805E-03	+6.807388E-04	+1.592135E-03	+1.646900E-03	+1.160082E-03	+3.982603E-04	-4.204563E-04	-1.126426E-03	-1.598477E-03	-1.763905E-03	-1.598477E-03	-1.126426E-03	-4.204563E-04	+3.982603E-04	+1.160082E-03	+1.646900E-03	+1.592135E-03	+6.807388E-04	-1.450805E-03	-1.531039E-03	+7.183857E-04	+1.680185E-03	+1.737979E-03	+1.224239E-03	+4.202853E-04	-4.437088E-04	-1.188721E-03	-1.686877E-03	-1.861454E-03
	A	+9.223296E-05	-9.798512E-05	-1.186719E-04	-5.727661E-05	+2.525468E-05	+9.069283E-05	+1.197395E-04	+1.082410E-04	+6.340214E-05	+0.000000E+00	-6.340214E-05	-1.082410E-04	-1.197395E-04	-9.069283E-05	-2.525468E-05	+5.727661E-05	+1.186719E-04	+9.798512E-05	-9.223296E-05	-6.917472E-05	+7.348884E-05	+8.900393E-05	+4.295746E-05	-1.894101E-05	-6.801962E-05	-8.980463E-05	-8.118076E-05	-4.755160E-05	+0.000000E+00	+4.755160E-05	+8.118076E-05	+8.980463E-05	+6.801962E-05	+1.894101E-05	-4.295746E-05	-8.900393E-05	-7.348884E-05	+6.917472E-05	-1.139348E-04	+1.210404E-04	+1.465947E-04	+7.075346E-05	-3.119696E-05	-1.120323E-04	-1.479135E-04	-1.337095E-04	-7.832029E-05	+0.000000E+00	+7.832029E-05	+1.337095E-04	+1.479135E-04	+1.120323E-04	+3.119696E-05	-7.075346E-05	-1.465947E-04	-1.210404E-04	+1.139348E-04	-7.866929E-05	+8.357555E-05	+1.012202E-04	+4.885358E-05	-2.154076E-05	-7.735565E-05	-1.021308E-04	-9.232321E-05	-5.407830E-05	+0.000000E+00	+5.407830E-05	+9.232321E-05	+1.021308E-04	+7.735565E-05	+2.154076E-05	-4.885358E-05	-1.012202E-04	-8.357555E-05	+7.866929E-05	+4.882921E-06	-5.187448E-06	-6.282631E-06	-3.032291E-06	+1.337012E-06	+4.801385E-06	+6.339150E-06	+5.730406E-06	+3.356584E-06	+0.000000E+00	-3.356584E-06	-5.730406E-06	-6.339150E-06	-4.801385E-06	-1.337012E-06	+3.032291E-06	+6.282631E-06	+5.187448E-06	-4.882921E-06	+1.098657E-04	-1.167176E-04	-1.413592E-04	-6.822655E-05	+3.008278E-05	+1.080312E-04	+1.426309E-04	+1.289341E-04	+7.552314E-05	+0.000000E+00	-7.552314E-05	-1.289341E-04	-1.426309E-04	-1.080312E-04	-3.008278E-05	+6.822655E-05	+1.413592E-04	+1.167176E-04	-1.098657E-04	+2.143060E-04	-2.276713E-04	-2.757377E-04	-1.330839E-04	+5.867999E-05	+2.107275E-04	+2.782183E-04	+2.515012E-04	+1.473167E-04	+0.000000E+00	-1.473167E-04	-2.515012E-04	-2.782183E-04	-2.107275E-04	-5.867999E-05	+1.330839E-04	+2.757377E-04	+2.276713E-04	-2.143060E-04	+3.011135E-04	-3.198926E-04	-3.874289E-04	-1.869913E-04	+8.244910E-05	+2.960854E-04	+3.909143E-04	+3.533751E-04	+2.069893E-04	+0.000000E+00	-2.069893E-04	-3.533751E-04	-3.909143E-04	-2.960854E-04	-8.244910E-05	+1.869913E-04	+3.874289E-04	+3.198926E-04	-3.011135E-04	+3.580809E-04	-3.804128E-04	-4.607262E-04	-2.223680E-04	+9.804758E-05	+3.521016E-04	+4.648710E-04	+4.202298E-04	+2.461495E-04	+0.000000E+00	-2.461495E-04	-4.202298E-04	-4.648710E-04	-3.521016E-04	-9.804758E-05	+2.223680E-04	+4.607262E-04	+3.804128E-04	-3.580809E-04	+3.778839E-04	-4.014508E-04	-4.862058E-04	-2.346656E-04	+1.034699E-04	+3.715739E-04	+4.905798E-04	+4.434698E-04	+2.597623E-04	+0.000000E+00
	S	+7.140616E-06	-7.934018E-07	-4.527057E-06	-5.285456E-06	-4.130357E-06	-1.960169E-06	+4.900423E-07	+2.648562E-06	+4.107021E-06	+4.620399E-06	+4.107021E-06	+2.648562E-06	+4.900423E-07	-1.960169E-06	-4.130357E-06	-5.285456E-06	-4.527057E-06	-7.934018E-07	+7.140616E-06	-5.355462E-06	+5.950514E-07	+3.395293E-06	+3.964092E-06	+3.097767E-06	+1.470127E-06	-3.675317E-07	-1.986421E-06	-3.080266E-06	-3.465299E-06	-3.080266E-06	-1.986421E-06	-3.675317E-07	+1.470127E-06	+3.097767E-06	+3.964092E-06	+3.395293E-06	+5.950514E-07	-5.355462E-06	-8.820761E-06	+9.800846E-07	+5.592247E-06	+6.529093E-06	+5.102205E-06	+2.421385E-06	-6.053464E-07	-3.271753E-06	-5.073379E-06	-5.707551E-06	-5.073379E-06	-3.271753E-06	-6.053464E-07	+2.421385E-06	+5.102205E-06	+6.529093E-06	+5.592247E-06	+9.800846E-07	-8.820761E-06	-6.090526E-06	+6.767251E-07	+3.861314E-06	+4.508183E-06	+3.522951E-06	+1.671909E-06	-4.179773E-07	-2.259068E-06	-3.503047E-06	-3.940928E-06	-3.503047E-06	-2.259068E-06	-4.179773E-07	+1.671909E-06	+3.522951E-06	+4.508183E-06	+3.861314E-06	+6.767251E-07	-6.090526E-06	+3.780326E-07	-4.200363E-08	-2.396677E-07	-2.798183E-07	-2.186659E-07	-1.037737E-07	+2.594342E-08	+1.402180E-07	+2.174305E-07	+2.446093E-07	+2.174305E-07	+1.402180E-07	+2.594342E-08	-1.037737E-07	-2.186659E-07	-2.798183E-07	-2.396677E-07	-4.200363E-08	+3.780326E-07	+8.505734E-06	-9.450816E-07	-5.392524E-06	-6.295911E-06	-4.919983E-06	-2.334907E-06	+5.837269E-07	+3.154905E-06	+4.892187E-06	+5.503710E-06	+4.892187E-06	+3.154905E-06	+5.837269E-07	-2.334907E-06	-4.919983E-06	-6.295911E-06	-5.392524E-06	-9.450816E-07	+8.505734E-06	+1.659143E-05	-1.843492E-06	-1.051875E-05	-1.228091E-05	-9.597005E-06	-4.554511E-06	+1.138628E-06	+6.154012E-06	+9.542784E-06	+1.073563E-05	+9.542784E-06	+6.154012E-06	+1.138628E-06	-4.554511E-06	-9.597005E-06	-1.228091E-05	-1.051875E-05	-1.843492E-06	+1.659143E-05	+2.331201E-05	-2.590224E-06	-1.477951E-05	-1.725546E-05	-1.348440E-05	-6.399376E-06	+1.599844E-06	+8.646776E-06	+1.340822E-05	+1.508424E-05	+1.340822E-05	+8.646776E-06	+1.599844E-06	-6.399376E-06	-1.348440E-05	-1.725546E-05	-1.477951E-05	-2.590224E-06	+2.331201E-05	+2.772239E-05	-3.080266E-06	-1.757563E-05	-2.052001E-05	-1.603550E-05	-7.610069E-06	+1.902517E-06	+1.028265E-05	+1.594491E-05	+1.793802E-05	+1.594491E-05	+1.028265E-05	+1.902517E-06	-7.610069E-06	-1.603550E-05	-2.052001E-05	-1.757563E-05	-3.080266E-06	+2.772239E-05	+2.925553E-05	-3.250614E-06	-1.854762E-05	-2.165483E-05	-1.692231E-05	-8.030928E-06	+2.007732E-06	+1.085131E-05	+1.682671E-05	+1.893005E-05
	A	-1.309113E-06	+8.727420E-07	+1.257775E-06	+7.443976E-07	-3.850332E-08	-6.930598E-07	-1.013921E-06	-9.497486E-07	-5.647154E-07	+0.000000E+00	+5.647154E-07	+9.497486E-07	+1.013921E-06	+6.930598E-07	+3.850332E-08	-7.443976E-07	-1.257775E-06	-8.727420E-07	+1.309113E-06	+9.818347E-07	-6.545565E-07	-9.433314E-07	-5.582982E-07	+2.887749E-08	+5.197949E-07	+7.604406E-07	+7.123115E-07	+4.235366E-07	+0.000000E+00	-4.235366E-07	-7.123115E-07	-7.604406E-07	-5.197949E-07	-2.887749E-08	+5.582982E-07	+9.433314E-07	+6.545565E-07	-9.818347E-07	+1.617140E-06	-1.078093E-06	-1.553722E-06	-9.195500E-07	+4.756293E-08	+8.561327E-07	+1.252490E-06	+1.173219E-06	+6.975896E-07	+0.000000E+00	-6.975896E-07	-1.173219E-06	-1.252490E-06	-8.561327E-07	-4.756293E-08	+9.195500E-07	+1.553722E-06	+1.078093E-06	-1.617140E-06	+1.116596E-06	-7.443976E-07	-1.072808E-06	-6.349274E-07	+3.284107E-08	+5.911393E-07	+8.648148E-07	+8.100797E-07	+4.816690E-07	+0.000000E+00	-4.816690E-07	-8.100797E-07	-8.648148E-07	-5.911393E-07	-3.284107E-08	+6.349274E-07	+1.072808E-06	+7.443976E-07	-1.116596E-06	-6.930598E-08	+4.620399E-08	+6.658810E-08	+3.940928E-08	-2.038411E-09	-3.669140E-08	-5.367816E-08	-5.028081E-08	-2.989670E-08	+0.000000E+00	+2.989670E-08	+5.028081E-08	+5.367816E-08	+3.669140E-08	+2.038411E-09	-3.940928E-08	-6.658810E-08	-4.620399E-08	+6.930598E-08	-1.559385E-06	+1.039590E-06	+1.498232E-06	+8.867089E-07	-4.586425E-08	-8.255566E-07	-1.207759E-06	-1.131318E-06	-6.726757E-07	+0.000000E+00	+6.726757E-07	+1.131318E-06	+1.207759E-06	+8.255566E-07	+4.586425E-08	-8.867089E-07	-1.498232E-06	-1.039590E-06	+1.559385E-06	-3.041763E-06	+2.027842E-06	+2.922478E-06	+1.729630E-06	-8.946360E-08	-1.610345E-06	-2.355875E-06	-2.206769E-06	-1.312133E-06	+0.000000E+00	+1.312133E-06	+2.206769E-06	+2.355875E-06	+1.610345E-06	+8.946360E-08	-1.729630E-06	-2.922478E-06	-2.027842E-06	+3.041763E-06	-4.273869E-06	+2.849246E-06	+4.106266E-06	+2.430239E-06	-1.257020E-07	-2.262636E-06	-3.310153E-06	-3.100650E-06	-1.843630E-06	+0.000000E+00	+1.843630E-06	+3.100650E-06	+3.310153E-06	+2.262636E-06	+1.257020E-07	-2.430239E-06	-4.106266E-06	-2.849246E-06	+4.273869E-06	-5.082439E-06	+3.388292E-06	+4.883127E-06	+2.890014E-06	-1.494835E-07	-2.690703E-06	-3.936399E-06	-3.687259E-06	-2.192425E-06	+0.000000E+00	+2.192425E-06	+3.687259E-06	+3.936399E-06	+2.690703E-06	+1.494835E-07	-2.890014E-06	-4.883127E-06	-3.388292E-06	+5.082439E-06	-5.363513E-06	+3.575675E-06	+5.153179E-06	+3.049841E-06	-1.577504E-07	-2.839507E-06	-4.154093E-06	-3.891176E-06	-2.313672E-06	+0.000000E+00
	A	-1.190579E-03	+8.929341E-04	+1.470715E-03	+1.015494E-03	-6.303064E-05	-1.418189E-03	-2.766345E-03	-3.886890E-03	-4.622247E-03	-4.877871E-03	-4.622247E-03	-3.886890E-03	-2.766345E-03	-1.418189E-03	-6.303064E-05	+1.015494E-03	+1.470715E-03	+8.929341E-04	-1.190579E-03	+1.633138E-03	-1.224854E-03	-2.017406E-03	-1.392971E-03	+8.646026E-05	+1.945356E-03	+3.794645E-03	+5.331716E-03	+6.340419E-03	+6.691064E-03	+6.340419E-03	+5.331716E-03	+3.794645E-03	+1.945356E-03	+8.646026E-05	-1.392971E-03	-2.017406E-03	-1.224854E-03	+1.633138E-03	+1.504561E-03	-1.128420E-03	-1.858575E-03	-1.283302E-03	+7.965320E-05	+1.792197E-03	+3.495891E-03	+4.911948E-03	+5.841235E-03	+6.164273E-03	+5.841235E-03	+4.911948E-03	+3.495891E-03	+1.792197E-03	+7.965320E-05	-1.283302E-03	-1.858575E-03	-1.128420E-03	+1.504561E-03	+4.421115E-05	-3.315836E-05	-5.461377E-05	-3.770951E-05	+2.340590E-06	+5.266328E-05	+1.027259E-04	+1.443364E-04	+1.716433E-04	+1.811357E-04	+1.716433E-04	+1.443364E-04	+1.027259E-04	+5.266328E-05	+2.340590E-06	-3.770951E-05	-5.461377E-05	-3.315836E-05	+4.421115E-05	-1.627981E-03	+1.220986E-03	+2.011036E-03	+1.388572E-03	-8.618724E-05	-1.939213E-03	-3.782662E-03	-5.314880E-03	-6.320398E-03	-6.669935E-03	-6.320398E-03	-5.314880E-03	-3.782662E-03	-1.939213E-03	-8.618724E-05	+1.388572E-03	+2.011036E-03	+1.220986E-03	-1.627981E-03	-2.821169E-03	+2.115877E-03	+3.484973E-03	+2.406291E-03	-1.493560E-04	-3.360510E-03	-6.555069E-03	-9.210287E-03	-1.095277E-02	-1.155849E-02	-1.095277E-02	-9.210287E-03	-6.555069E-03	-3.360510E-03	-1.493560E-04	+2.406291E-03	+3.484973E-03	+2.115877E-03	-2.821169E-03	-3.202072E-03	+2.401554E-03	+3.955500E-03	+2.731179E-03	-1.695214E-04	-3.814232E-03	-7.440108E-03	-1.045382E-02	-1.243157E-02	-1.311908E-02	-1.243157E-02	-1.045382E-02	-7.440108E-03	-3.814232E-03	-1.695214E-04	+2.731179E-03	+3.955500E-03	+2.401554E-03	-3.202072E-03	-2.723464E-03	+2.042598E-03	+3.364279E-03	+2.322954E-03	-1.441834E-04	-3.244126E-03	-6.328048E-03	-8.891308E-03	-1.057345E-02	-1.115819E-02	-1.057345E-02	-8.891308E-03	-6.328048E-03	-3.244126E-03	-1.441834E-04	+2.322954E-03	+3.364279E-03	+2.042598E-03	-2.723464E-03	-1.552659E-03	+1.164495E-03	+1.917991E-03	+1.324327E-03	-8.219961E-05	-1.849491E-03	-3.607650E-03	-5.068976E-03	-6.027972E-03	-6.361337E-03	-6.027972E-03	-5.068976E-03	-3.607650E-03	-1.849491E-03	-8.219961E-05	+1.324327E-03	+1.917991E-03	+1.164495E-03	-1.552659E-03	+0.000000E+00	+0.000000E+00	+0.000000E+00	+0.000000E+00	+0.000000E+00	+0.000000E+00	+0.000000E+00	+0.000000E+00	+0.000000E+00	+0.000000E+00
	S	+6.767358E-04	-9.282907E-04	-8.552059E-04	-2.513002E-05	+9.253593E-04	+1.603578E-03	+1.820087E-03	+1.548042E-03	+8.825457E-04	+0.000000E+00	-8.825457E-04	-1.548042E-03	-1.820087E-03	-1.603578E-03	-9.253593E-04	+2.513002E-05	+8.552059E-04	+9.282907E-04	-6.767358E-04	-9.282907E-04	+1.273353E-03	+1.173101E-03	+3.447130E-05	-1.269332E-03	-2.199657E-03	-2.496646E-03	-2.123476E-03	-1.210604E-03	+0.000000E+00	+1.210604E-03	+2.123476E-03	+2.496646E-03	+2.199657E-03	+1.269332E-03	-3.447130E-05	-1.173101E-03	-1.273353E-03	+9.282907E-04	-8.552059E-04	+1.173101E-03	+1.080742E-03	+3.175736E-05	-1.169397E-03	-2.026477E-03	-2.300084E-03	-1.956294E-03	-1.115292E-03	+0.000000E+00	+1.115292E-03	+1.956294E-03	+2.300084E-03	+2.026477E-03	+1.169397E-03	-3.175736E-05	-1.080742E-03	-1.173101E-03	+8.552059E-04	-2.513002E-05	+3.447130E-05	+3.175736E-05	+9.331823E-07	-3.436245E-05	-5.954753E-05	-6.758740E-05	-5.748523E-05	-3.277260E-05	+0.000000E+00	+3.277260E-05	+5.748523E-05	+6.758740E-05	+5.954753E-05	+3.436245E-05	-9.331823E-07	-3.175736E-05	-3.447130E-05	+2.513002E-05	+9.253593E-04	-1.269332E-03	-1.169397E-03	-3.436245E-05	+1.265324E-03	+2.192711E-03	+2.488762E-03	+2.116771E-03	+1.206781E-03	+0.000000E+00	-1.206781E-03	-2.116771E-03	-2.488762E-03	-2.192711E-03	-1.265324E-03	+3.436245E-05	+1.169397E-03	+1.269332E-03	-9.253593E-04	+1.603578E-03	-2.199657E-03	-2.026477E-03	-5.954753E-05	+2.192711E-03	+3.799803E-03	+4.312837E-03	+3.668205E-03	+2.091261E-03	+0.000000E+00	-2.091261E-03	-3.668205E-03	-4.312837E-03	-3.799803E-03	-2.192711E-03	+5.954753E-05	+2.026477E-03	+2.199657E-03	-1.603578E-03	+1.820087E-03	-2.496646E-03	-2.300084E-03	-6.758740E-05	+2.488762E-03	+4.312837E-03	+4.895139E-03	+4.163471E-03	+2.373614E-03	+0.000000E+00	-2.373614E-03	-4.163471E-03	-4.895139E-03	-4.312837E-03	-2.488762E-03	+6.758740E-05	+2.300084E-03	+2.496646E-03	-1.820087E-03	+1.548042E-03	-2.123476E-03	-1.956294E-03	-5.748523E-05	+2.116771E-03	+3.668205E-03	+4.163471E-03	+3.541164E-03	+2.018834E-03	+0.000000E+00	-2.018834E-03	-3.541164E-03	-4.163471E-03	-3.668205E-03	-2.116771E-03	+5.748523E-05	+1.956294E-03	+2.123476E-03	-1.548042E-03	+8.825457E-04	-1.210604E-03	-1.115292E-03	-3.277260E-05	+1.206781E-03	+2.091261E-03	+2.373614E-03	+2.018834E-03	+1.150947E-03	+0.000000E+00	-1.150947E-03	-2.018834E-03	-2.373614E-03	-2.091261E-03	-1.206781E-03	+3.277260E-05	+1.115292E-03	+1.210604E-03	-8.825457E-04	+0.000000E+00	+0.000000E+00	+0.000000E+00	+0.000000E+00	+0.000000E+00	+0.000000E+00	+0.000000E+00	+0.000000E+00	+0.000000E+00	+0.000000E+00
	A	+2.124101E-04	-9.966587E-05	-2.331020E-04	-2.411201E-04	-1.698458E-04	-5.830865E-05	+6.155833E-05	+1.649182E-04	+2.340304E-04	+2.582505E-04	+2.340304E-04	+1.649182E-04	+6.155833E-05	-5.830865E-05	-1.698458E-04	-2.411201E-04	-2.331020E-04	-9.966587E-05	+2.124101E-04	-2.913667E-04	+1.367135E-04	+3.197501E-04	+3.307487E-04	+2.329806E-04	+7.998302E-05	-8.444067E-05	-2.262213E-04	-3.210238E-04	-3.542469E-04	-3.210238E-04	-2.262213E-04	-8.444067E-05	+7.998302E-05	+2.329806E-04	+3.307487E-04	+3.197501E-04	+1.367135E-04	-2.913667E-04	-2.684273E-04	+1.259500E-04	+2.945761E-04	+3.047087E-04	+2.146379E-04	+7.368592E-05	-7.779262E-05	-2.084108E-04	-2.957494E-04	-3.263569E-04	-2.957494E-04	-2.084108E-04	-7.779262E-05	+7.368592E-05	+2.146379E-04	+3.047087E-04	+2.945761E-04	+1.259500E-04	-2.684273E-04	-7.887671E-06	+3.701009E-06	+8.656047E-06	+8.953792E-06	+6.307083E-06	+2.165243E-06	-2.285917E-06	-6.124101E-06	-8.690525E-06	-9.589918E-06	-8.690525E-06	-6.124101E-06	-2.285917E-06	+2.165243E-06	+6.307083E-06	+8.953792E-06	+8.656047E-06	+3.701009E-06	-7.887671E-06	+2.904466E-04	-1.362818E-04	-3.187404E-04	-3.297043E-04	-2.322449E-04	-7.973045E-05	+8.417403E-05	+2.255070E-04	+3.200100E-04	+3.531283E-04	+3.200100E-04	+2.255070E-04	+8.417403E-05	-7.973045E-05	-2.322449E-04	-3.297043E-04	-3.187404E-04	-1.362818E-04	+2.904466E-04	+5.033222E-04	-2.361660E-04	-5.523532E-04	-5.713527E-04	-4.024629E-04	-1.381669E-04	+1.458673E-04	+3.907866E-04	+5.545533E-04	+6.119447E-04	+5.545533E-04	+3.907866E-04	+1.458673E-04	-1.381669E-04	-4.024629E-04	-5.713527E-04	-5.523532E-04	-2.361660E-04	+5.033222E-04	+5.712787E-04	-2.680522E-04	-6.269297E-04	-6.484944E-04	-4.568018E-04	-1.568216E-04	+1.655617E-04	+4.435490E-04	+6.294268E-04	+6.945670E-04	+6.294268E-04	+4.435490E-04	+1.655617E-04	-1.568216E-04	-4.568018E-04	-6.484944E-04	-6.269297E-04	-2.680522E-04	+5.712787E-04	+4.858907E-04	-2.279869E-04	-5.332236E-04	-5.515651E-04	-3.885244E-04	-1.333818E-04	+1.408155E-04	+3.772525E-04	+5.353475E-04	+5.907513E-04	+5.353475E-04	+3.772525E-04	+1.408155E-04	-1.333818E-04	-3.885244E-04	-5.515651E-04	-5.332236E-04	-2.279869E-04	+4.858907E-04	+2.770085E-04	-1.299764E-04	-3.039933E-04	-3.144498E-04	-2.214996E-04	-7.604156E-05	+8.027955E-05	+2.150734E-04	+3.052041E-04	+3.367901E-04	+3.052041E-04	+2.150734E-04	+8.027955E-05	-7.604156E-05	-2.214996E-04	-3.144498E-04	-3.039933E-04	-1.299764E-04	+2.770085E-04	+0.000000E+00	+0.000000E+00	+0.000000E+00	+0.000000E+00	+0.000000E+00	+0.000000E+00	+0.000000E+00	+0.000000E+00	+0.000000E+00	+0.000000E+00
	S	-5.242605E-05	+5.569564E-05	+6.745419E-05	+3.255655E-05	-1.435499E-05	-5.155063E-05	-6.806102E-05	-6.152517E-05	-3.603835E-05	+0.000000E+00	+3.603835E-05	+6.152517E-05	+6.806102E-05	+5.155063E-05	+1.435499E-05	-3.255655E-05	-6.745419E-05	-5.569564E-05	+5.242605E-05	+7.191376E-05	-7.639870E-05	-9.252813E-05	-4.465840E-05	+1.969100E-05	+7.071292E-05	+9.336053E-05	+8.439519E-05	+4.943446E-05	+0.000000E+00	-4.943446E-05	-8.439519E-05	-9.336053E-05	-7.071292E-05	-1.969100E-05	+4.465840E-05	+9.252813E-05	+7.639870E-05	-7.191376E-05	+6.625196E-05	-7.038380E-05	-8.524334E-05	-4.114242E-05	+1.814072E-05	+6.514566E-05	+8.601021E-05	+7.775071E-05	+4.554246E-05	+0.000000E+00	-4.554246E-05	-7.775071E-05	-8.601021E-05	-6.514566E-05	-1.814072E-05	+4.114242E-05	+8.524334E-05	+7.038380E-05	-6.625196E-05	+1.946798E-06	-2.068211E-06	-2.504855E-06	-1.208960E-06	+5.330606E-07	+1.914290E-06	+2.527389E-06	+2.284686E-06	+1.338254E-06	+0.000000E+00	-1.338254E-06	-2.284686E-06	-2.527389E-06	-1.914290E-06	-5.330606E-07	+1.208960E-06	+2.504855E-06	+2.068211E-06	-1.946798E-06	-7.168667E-05	+7.615745E-05	+9.223594E-05	+4.451738E-05	-1.962882E-05	-7.048963E-05	-9.306571E-05	-8.412868E-05	-4.927835E-05	+0.000000E+00	+4.927835E-05	+8.412868E-05	+9.306571E-05	+7.048963E-05	+1.962882E-05	-4.451738E-05	-9.223594E-05	-7.615745E-05	+7.168667E-05	-1.242276E-04	+1.319751E-04	+1.598379E-04	+7.714526E-05	-3.401526E-05	-1.221532E-04	-1.612759E-04	-1.457887E-04	-8.539567E-05	+0.000000E+00	+8.539567E-05	+1.457887E-04	+1.612759E-04	+1.221532E-04	+3.401526E-05	-7.714526E-05	-1.598379E-04	-1.319751E-04	+1.242276E-04	-1.410003E-04	+1.497939E-04	+1.814186E-04	+8.756111E-05	-3.860787E-05	-1.386459E-04	-1.830507E-04	-1.654725E-04	-9.692546E-05	+0.000000E+00	+9.692546E-05	+1.654725E-04	+1.830507E-04	+1.386459E-04	+3.860787E-05	-8.756111E-05	-1.814186E-04	-1.497939E-04	+1.410003E-04	-1.199253E-04	+1.274045E-04	+1.543023E-04	+7.447350E-05	-3.283722E-05	-1.179227E-04	-1.556904E-04	-1.407396E-04	-8.243818E-05	+0.000000E+00	+8.243818E-05	+1.407396E-04	+1.556904E-04	+1.179227E-04	+3.283722E-05	-7.447350E-05	-1.543023E-04	-1.274045E-04	+1.199253E-04	-6.836994E-05	+7.263388E-05	+8.796846E-05	+4.245769E-05	-1.872065E-05	-6.722828E-05	-8.875984E-05	-8.023630E-05	-4.699839E-05	+0.000000E+00	+4.699839E-05	+8.023630E-05	+8.875984E-05	+6.722828E-05	+1.872065E-05	-4.245769E-05	-8.796846E-05	-7.263388E-05	+6.836994E-05	+0.000000E+00	+0.000000E+00	+0.000000E+00	+0.000000E+00	+0.000000E+00	+0.000000E+00	+0.000000E+00	+0.000000E+00	+0.000000E+00	+0.000000E+00
	A	-4.058791E-06	+4.509768E-07	+2.573221E-06	+3.004301E-06	+2.347732E-06	+1.114178E-06	-2.785445E-07	-1.505467E-06	-2.334468E-06	-2.626277E-06	-2.334468E-06	-1.505467E-06	-2.785445E-07	+1.114178E-06	+2.347732E-06	+3.004301E-06	+2.573221E-06	+4.509768E-07	-4.058791E-06	+5.567517E-06	-6.186130E-07	-3.529733E-06	-4.121054E-06	-3.220426E-06	-1.528338E-06	+3.820845E-07	+2.065076E-06	+3.202232E-06	+3.602511E-06	+3.202232E-06	+2.065076E-06	+3.820845E-07	-1.528338E-06	-3.220426E-06	-4.121054E-06	-3.529733E-06	-6.186130E-07	+5.567517E-06	+5.129184E-06	-5.699093E-07	-3.251835E-06	-3.796602E-06	-2.966881E-06	-1.408011E-06	+3.520028E-07	+1.902491E-06	+2.950119E-06	+3.318884E-06	+2.950119E-06	+1.902491E-06	+3.520028E-07	-1.408011E-06	-2.966881E-06	-3.796602E-06	-3.251835E-06	-5.699093E-07	+5.129184E-06	+1.507198E-07	-1.674665E-08	-9.555440E-08	-1.115622E-07	-8.718108E-08	-4.137407E-08	+1.034352E-08	+5.590425E-08	+8.668853E-08	+9.752459E-08	+8.668853E-08	+5.590425E-08	+1.034352E-08	-4.137407E-08	-8.718108E-08	-1.115622E-07	-9.555440E-08	-1.674665E-08	+1.507198E-07	-5.549936E-06	+6.166595E-07	+3.518587E-06	+4.108041E-06	+3.210257E-06	+1.523512E-06	-3.808780E-07	-2.058555E-06	-3.192120E-06	-3.591135E-06	-3.192120E-06	-2.058555E-06	-3.808780E-07	+1.523512E-06	+3.210257E-06	+4.108041E-06	+3.518587E-06	+6.166595E-07	-5.549936E-06	-9.617621E-06	+1.068625E-06	+6.097446E-06	+7.118925E-06	+5.563134E-06	+2.640131E-06	-6.600328E-07	-3.567320E-06	-5.531704E-06	-6.223167E-06	-5.531704E-06	-3.567320E-06	-6.600328E-07	+2.640131E-06	+5.563134E-06	+7.118925E-06	+6.097446E-06	+1.068625E-06	-9.617621E-06	-1.091615E-05	+1.212906E-06	+6.920699E-06	+8.080094E-06	+6.314246E-06	+2.996591E-06	-7.491478E-07	-4.048965E-06	-6.278572E-06	-7.063394E-06	-6.278572E-06	-4.048965E-06	-7.491478E-07	+2.996591E-06	+6.314246E-06	+8.080094E-06	+6.920699E-06	+1.212906E-06	-1.091615E-05	-9.284535E-06	+1.031615E-06	+5.886274E-06	+6.872377E-06	+5.370467E-06	+2.548696E-06	-6.371740E-07	-3.443774E-06	-5.340125E-06	-6.007641E-06	-5.340125E-06	-3.443774E-06	-6.371740E-07	+2.548696E-06	+5.370467E-06	+6.872377E-06	+5.886274E-06	+1.031615E-06	-9.284535E-06	-5.293157E-06	+5.881285E-07	+3.355792E-06	+3.917974E-06	+3.061728E-06	+1.453023E-06	-3.632559E-07	-1.963311E-06	-3.044430E-06	-3.424984E-06	-3.044430E-06	-1.963311E-06	-3.632559E-07	+1.453023E-06	+3.061728E-06	+3.917974E-06	+3.355792E-06	+5.881285E-07	-5.293157E-06	+0.000000E+00	+0.000000E+00	+0.000000E+00	+0.000000E+00	+0.000000E+00	+0.000000E+00	+0.000000E+00	+0.000000E+00	+0.000000E+00	+0.000000E+00
	S	+7.441117E-07	-4.960745E-07	-7.149309E-07	-4.231224E-07	+2.188564E-08	+3.939415E-07	+5.763218E-07	+5.398458E-07	+3.209894E-07	+0.000000E+00	-3.209894E-07	-5.398458E-07	-5.763218E-07	-3.939415E-07	-2.188564E-08	+4.231224E-07	+7.149309E-07	+4.960745E-07	-7.441117E-07	-1.020711E-06	+6.804743E-07	+9.806835E-07	+5.804045E-07	-3.002092E-08	-5.403766E-07	-7.905510E-07	-7.405161E-07	-4.403069E-07	+0.000000E+00	+4.403069E-07	+7.405161E-07	+7.905510E-07	+5.403766E-07	+3.002092E-08	-5.804045E-07	-9.806835E-07	-6.804743E-07	+1.020711E-06	-9.403503E-07	+6.269002E-07	+9.034739E-07	+5.347090E-07	-2.765736E-08	-4.978325E-07	-7.283106E-07	-6.822149E-07	-4.056413E-07	+0.000000E+00	+4.056413E-07	+6.822149E-07	+7.283106E-07	+4.978325E-07	+2.765736E-08	-5.347090E-07	-9.034739E-07	-6.269002E-07	+9.403503E-07	-2.763197E-08	+1.842131E-08	+2.654836E-08	+1.571230E-08	-8.127050E-10	-1.462869E-08	-2.140123E-08	-2.004672E-08	-1.191967E-08	+0.000000E+00	+1.191967E-08	+2.004672E-08	+2.140123E-08	+1.462869E-08	+8.127050E-10	-1.571230E-08	-2.654836E-08	-1.842131E-08	+2.763197E-08	+1.017488E-06	-6.783255E-07	-9.775867E-07	-5.785717E-07	+2.992612E-08	+5.386702E-07	+7.880546E-07	+7.381777E-07	+4.389165E-07	+0.000000E+00	-4.389165E-07	-7.381777E-07	-7.880546E-07	-5.386702E-07	-2.992612E-08	+5.785717E-07	+9.775867E-07	+6.783255E-07	-1.017488E-06	+1.763231E-06	-1.175487E-06	-1.694084E-06	-1.002621E-06	+5.185972E-08	+9.334750E-07	+1.365639E-06	+1.279206E-06	+7.606092E-07	+0.000000E+00	-7.606092E-07	-1.279206E-06	-1.365639E-06	-9.334750E-07	-5.185972E-08	+1.002621E-06	+1.694084E-06	+1.175487E-06	-1.763231E-06	+2.001295E-06	-1.334197E-06	-1.922813E-06	-1.137991E-06	+5.886161E-08	+1.059509E-06	+1.550022E-06	+1.451920E-06	+8.633037E-07	+0.000000E+00	-8.633037E-07	-1.451920E-06	-1.550022E-06	-1.059509E-06	-5.886161E-08	+1.137991E-06	+1.922813E-06	+1.334197E-06	-2.001295E-06	+1.702165E-06	-1.134777E-06	-1.635413E-06	-9.678977E-07	+5.006367E-08	+9.011461E-07	+1.318343E-06	+1.234904E-06	+7.342672E-07	+0.000000E+00	-7.342672E-07	-1.234904E-06	-1.318343E-06	-9.011461E-07	-5.006367E-08	+9.678977E-07	+1.635413E-06	+1.134777E-06	-1.702165E-06	+9.704121E-07	-6.469414E-07	-9.323567E-07	-5.518030E-07	+2.854153E-08	+5.137476E-07	+7.515937E-07	+7.040245E-07	+4.186091E-07	+0.000000E+00	-4.186091E-07	-7.040245E-07	-7.515937E-07	-5.137476E-07	-2.854153E-08	+5.518030E-07	+9.323567E-07	+6.469414E-07	-9.704121E-07	+0.000000E+00	+0.000000E+00	+0.000000E+00	+0.000000E+00	+0.000000E+00	+0.000000E+00	+0.000000E+00	+0.000000E+00	+0.000000E+00	+0.000000E+00
	S	-3.736923E-04	+2.802692E-04	+4.616198E-04	+3.187375E-04	-1.978371E-05	-4.451334E-04	-8.682849E-04	-1.219995E-03	-1.450805E-03	-1.531039E-03	-1.450805E-03	-1.219995E-03	-8.682849E-04	-4.451334E-04	-1.978371E-05	+3.187375E-04	+4.616198E-04	+2.802692E-04	-3.736923E-04	+1.753418E-04	-1.315064E-04	-2.165987E-04	-1.495562E-04	+9.282801E-06	+2.088630E-04	+4.074118E-04	+5.724394E-04	+6.807388E-04	+7.183857E-04	+6.807388E-04	+5.724394E-04	+4.074118E-04	+2.088630E-04	+9.282801E-06	-1.495562E-04	-2.165987E-04	-1.315064E-04	+1.753418E-04	+4.100954E-04	-3.075715E-04	-5.065884E-04	-3.497873E-04	+2.171093E-05	+4.884960E-04	+9.528687E-04	+1.338841E-03	+1.592135E-03	+1.680185E-03	+1.592135E-03	+1.338841E-03	+9.528687E-04	+4.884960E-04	+2.171093E-05	-3.497873E-04	-5.065884E-04	-3.075715E-04	+4.100954E-04	+4.242016E-04	-3.181512E-04	-5.240138E-04	-3.618190E-04	+2.245773E-05	+5.052990E-04	+9.856449E-04	+1.384894E-03	+1.646900E-03	+1.737979E-03	+1.646900E-03	+1.384894E-03	+9.856449E-04	+5.052990E-04	+2.245773E-05	-3.618190E-04	-5.240138E-04	-3.181512E-04	+4.242016E-04	+2.988091E-04	-2.241068E-04	-3.691172E-04	-2.548666E-04	+1.581931E-05	+3.559344E-04	+6.942918E-04	+9.755239E-04	+1.160082E-03	+1.224239E-03	+1.160082E-03	+9.755239E-04	+6.942918E-04	+3.559344E-04	+1.581931E-05	-2.548666E-04	-3.691172E-04	-2.241068E-04	+2.988091E-04	+1.025822E-04	-7.693664E-05	-1.267192E-04	-8.749657E-05	+5.430822E-06	+1.221935E-04	+2.383527E-04	+3.349007E-04	+3.982603E-04	+4.202853E-04	+3.982603E-04	+3.349007E-04	+2.383527E-04	+1.221935E-04	+5.430822E-06	-8.749657E-05	-1.267192E-04	-7.693664E-05	+1.025822E-04	-1.082993E-04	+8.122451E-05	+1.337815E-04	+9.237297E-05	-5.733495E-06	-1.290036E-04	-2.516367E-04	-3.535655E-04	-4.204563E-04	-4.437088E-04	-4.204563E-04	-3.535655E-04	-2.516367E-04	-1.290036E-04	-5.733495E-06	+9.237297E-05	+1.337815E-04	+8.122451E-05	-1.082993E-04	-2.901400E-04	+2.176050E-04	+3.584083E-04	+2.474724E-04	-1.536036E-05	-3.456080E-04	-6.741489E-04	-9.472219E-04	-1.126426E-03	-1.188721E-03	-1.126426E-03	-9.472219E-04	-6.741489E-04	-3.456080E-04	-1.536036E-05	+2.474724E-04	+3.584083E-04	+2.176050E-04	-2.901400E-04	-4.117289E-04	+3.087967E-04	+5.086063E-04	+3.511805E-04	-2.179741E-05	-4.904417E-04	-9.566641E-04	-1.344174E-03	-1.598477E-03	-1.686877E-03	-1.598477E-03	-1.344174E-03	-9.566641E-04	-4.904417E-04	-2.179741E-05	+3.511805E-04	+5.086063E-04	+3.087967E-04	-4.117289E-04	-4.543392E-04	+3.407544E-04	+5.612426E-04	+3.875246E-04	-2.405325E-05	-5.411982E-04	-1.055671E-03	-1.483284E-03	-1.763905E-03	-1.861454E-03
	A	+2.124101E-04	-2.913667E-04	-2.684273E-04	-7.887671E-06	+2.904466E-04	+5.033222E-04	+5.712787E-04	+4.858907E-04	+2.770085E-04	+0.000000E+00	-2.770085E-04	-4.858907E-04	-5.712787E-04	-5.033222E-04	-2.904466E-04	+7.887671E-06	+2.684273E-04	+2.913667E-04	-2.124101E-04	-9.966587E-05	+1.367135E-04	+1.259500E-04	+3.701009E-06	-1.362818E-04	-2.361660E-04	-2.680522E-04	-2.279869E-04	-1.299764E-04	+0.000000E+00	+1.299764E-04	+2.279869E-04	+2.680522E-04	+2.361660E-04	+1.362818E-04	-3.701009E-06	-1.259500E-04	-1.367135E-04	+9.966587E-05	-2.331020E-04	+3.197501E-04	+2.945761E-04	+8.656047E-06	-3.187404E-04	-5.523532E-04	-6.269297E-04	-5.332236E-04	-3.039933E-04	+0.000000E+00	+3.039933E-04	+5.332236E-04	+6.269297E-04	+5.523532E-04	+3.187404E-04	-8.656047E-06	-2.945761E-04	-3.197501E-04	+2.331020E-04	-2.411201E-04	+3.307487E-04	+3.047087E-04	+8.953792E-06	-3.297043E-04	-5.713527E-04	-6.484944E-04	-5.515651E-04	-3.144498E-04	+0.000000E+00	+3.144498E-04	+5.515651E-04	+6.484944E-04	+5.713527E-04	+3.297043E-04	-8.953792E-06	-3.047087E-04	-3.307487E-04	+2.411201E-04	-1.698458E-04	+2.329806E-04	+2.146379E-04	+6.307083E-06	-2.322449E-04	-4.024629E-04	-4.568018E-04	-3.885244E-04	-2.214996E-04	+0.000000E+00	+2.214996E-04	+3.885244E-04	+4.568018E-04	+4.024629E-04	+2.322449E-04	-6.307083E-06	-2.146379E-04	-2.329806E-04	+1.698458E-04	-5.830865E-05	+7.998302E-05	+7.368592E-05	+2.165243E-06	-7.973045E-05	-1.381669E-04	-1.568216E-04	-1.333818E-04	-7.604156E-05	+0.000000E+00	+7.604156E-05	+1.333818E-04	+1.568216E-04	+1.381669E-04	+7.973045E-05	-2.165243E-06	-7.368592E-05	-7.998302E-05	+5.830865E-05	+6.155833E-05	-8.444067E-05	-7.779262E-05	-2.285917E-06	+8.417403E-05	+1.458673E-04	+1.655617E-04	+1.408155E-04	+8.027955E-05	+0.000000E+00	-8.027955E-05	-1.408155E-04	-1.655617E-04	-1.458673E-04	-8.417403E-05	+2.285917E-06	+7.779262E-05	+8.444067E-05	-6.155833E-05	+1.649182E-04	-2.262213E-04	-2.084108E-04	-6.124101E-06	+2.255070E-04	+3.907866E-04	+4.435490E-04	+3.772525E-04	+2.150734E-04	+0.000000E+00	-2.150734E-04	-3.772525E-04	-4.435490E-04	-3.907866E-04	-2.255070E-04	+6.124101E-06	+2.084108E-04	+2.262213E-04	-1.649182E-04	+2.340304E-04	-3.210238E-04	-2.957494E-04	-8.690525E-06	+3.200100E-04	+5.545533E-04	+6.294268E-04	+5.353475E-04	+3.052041E-04	+0.000000E+00	-3.052041E-04	-5.353475E-04	-6.294268E-04	-5.545533E-04	-3.200100E-04	+8.690525E-06	+2.957494E-04	+3.210238E-04	-2.340304E-04	+2.582505E-04	-3.542469E-04	-3.263569E-04	-9.589918E-06	+3.531283E-04	+6.119447E-04	+6.945670E-04	+5.907513E-04	+3.367901E-04	+0.000000E+00
	S	+6.667010E-05	-3.128257E-05	-7.316475E-05	-7.568142E-05	-5.331026E-05	-1.830159E-05	+1.932159E-05	+5.176362E-05	+7.345617E-05	+8.105825E-05	+7.345617E-05	+5.176362E-05	+1.932159E-05	-1.830159E-05	-5.331026E-05	-7.568142E-05	-7.316475E-05	-3.128257E-05	+6.667010E-05	-3.128257E-05	+1.467823E-05	+3.432996E-05	+3.551082E-05	+2.501395E-05	+8.587373E-06	-9.065968E-06	-2.428824E-05	-3.446670E-05	-3.803370E-05	-3.446670E-05	-2.428824E-05	-9.065968E-06	+8.587373E-06	+2.501395E-05	+3.551082E-05	+3.432996E-05	+1.467823E-05	-3.128257E-05	-7.316475E-05	+3.432996E-05	+8.029207E-05	+8.305391E-05	+5.850347E-05	+2.008444E-05	-2.120380E-05	-5.680616E-05	-8.061189E-05	-8.895452E-05	-8.061189E-05	-5.680616E-05	-2.120380E-05	+2.008444E-05	+5.850347E-05	+8.305391E-05	+8.029207E-05	+3.432996E-05	-7.316475E-05	-7.568142E-05	+3.551082E-05	+8.305391E-05	+8.591075E-05	+6.051584E-05	+2.077529E-05	-2.193315E-05	-5.876015E-05	-8.338473E-05	-9.201432E-05	-8.338473E-05	-5.876015E-05	-2.193315E-05	+2.077529E-05	+6.051584E-05	+8.591075E-05	+8.305391E-05	+3.551082E-05	-7.568142E-05	-5.331026E-05	+2.501395E-05	+5.850347E-05	+6.051584E-05	+4.262757E-05	+1.463419E-05	-1.544979E-05	-4.139086E-05	-5.873650E-05	-6.481521E-05	-5.873650E-05	-4.139086E-05	-1.544979E-05	+1.463419E-05	+4.262757E-05	+6.051584E-05	+5.850347E-05	+2.501395E-05	-5.331026E-05	-1.830159E-05	+8.587373E-06	+2.008444E-05	+2.077529E-05	+1.463419E-05	+5.023967E-06	-5.303965E-06	-1.420962E-05	-2.016444E-05	-2.225128E-05	-2.016444E-05	-1.420962E-05	-5.303965E-06	+5.023967E-06	+1.463419E-05	+2.077529E-05	+2.008444E-05	+8.587373E-06	-1.830159E-05	+1.932159E-05	-9.065968E-06	-2.120380E-05	-2.193315E-05	-1.544979E-05	-5.303965E-06	+5.599569E-06	+1.500156E-05	+2.128825E-05	+2.349140E-05	+2.128825E-05	+1.500156E-05	+5.599569E-06	-5.303965E-06	-1.544979E-05	-2.193315E-05	-2.120380E-05	-9.065968E-06	+1.932159E-05	+5.176362E-05	-2.428824E-05	-5.680616E-05	-5.876015E-05	-4.139086E-05	-1.420962E-05	+1.500156E-05	+4.019002E-05	+5.703243E-05	+6.293479E-05	+5.703243E-05	+4.019002E-05	+1.500156E-05	-1.420962E-05	-4.139086E-05	-5.876015E-05	-5.680616E-05	-2.428824E-05	+5.176362E-05	+7.345617E-05	-3.446670E-05	-8.061189E-05	-8.338473E-05	-5.873650E-05	-2.016444E-05	+2.128825E-05	+5.703243E-05	+8.093298E-05	+8.930884E-05	+8.093298E-05	+5.703243E-05	+2.128825E-05	-2.016444E-05	-5.873650E-05	-8.338473E-05	-8.061189E-05	-3.446670E-05	+7.345617E-05	+8.105825E-05	-3.803370E-05	-8.895452E-05	-9.201432E-05	-6.481521E-05	-2.225128E-05	+2.349140E-05	+6.293479E-05	+8.930884E-05	+9.855152E-05
	A	-1.645520E-05	+1.748144E-05	+2.117215E-05	+1.021867E-05	-4.505664E-06	-1.618043E-05	-2.136262E-05	-1.931118E-05	-1.131152E-05	+0.000000E+00	+1.131152E-05	+1.931118E-05	+2.136262E-05	+1.618043E-05	+4.505664E-06	-1.021867E-05	-2.117215E-05	-1.748144E-05	+1.645520E-05	+7.721017E-06	-8.202543E-06	-9.934277E-06	-4.794747E-06	+2.114123E-06	+7.592089E-06	+1.002365E-05	+9.061085E-06	+5.307528E-06	+0.000000E+00	-5.307528E-06	-9.061085E-06	-1.002365E-05	-7.592089E-06	-2.114123E-06	+4.794747E-06	+9.934277E-06	+8.202543E-06	-7.721017E-06	+1.805818E-05	-1.918439E-05	-2.323463E-05	-1.121412E-05	+4.944583E-06	+1.775664E-05	+2.344365E-05	+2.119237E-05	+1.241343E-05	+0.000000E+00	-1.241343E-05	-2.119237E-05	-2.344365E-05	-1.775664E-05	-4.944583E-06	+1.121412E-05	+2.323463E-05	+1.918439E-05	-1.805818E-05	+1.867933E-05	-1.984428E-05	-2.403384E-05	-1.159985E-05	+5.114664E-06	+1.836742E-05	+2.425005E-05	+2.192134E-05	+1.284042E-05	+0.000000E+00	-1.284042E-05	-2.192134E-05	-2.425005E-05	-1.836742E-05	-5.114664E-06	+1.159985E-05	+2.403384E-05	+1.984428E-05	-1.867933E-05	+1.315779E-05	-1.397838E-05	-1.692952E-05	-8.170978E-06	+3.602787E-06	+1.293808E-05	+1.708182E-05	+1.544147E-05	+9.044835E-06	+0.000000E+00	-9.044835E-06	-1.544147E-05	-1.708182E-05	-1.293808E-05	-3.602787E-06	+8.170978E-06	+1.692952E-05	+1.397838E-05	-1.315779E-05	+4.517113E-06	-4.798826E-06	-5.811962E-06	-2.805125E-06	+1.236849E-06	+4.441685E-06	+5.864247E-06	+5.301108E-06	+3.105123E-06	+0.000000E+00	-3.105123E-06	-5.301108E-06	-5.864247E-06	-4.441685E-06	-1.236849E-06	+2.805125E-06	+5.811962E-06	+4.798826E-06	-4.517113E-06	-4.768863E-06	+5.066276E-06	+6.135877E-06	+2.961461E-06	-1.305782E-06	-4.689231E-06	-6.191077E-06	-5.596552E-06	-3.278179E-06	+0.000000E+00	+3.278179E-06	+5.596552E-06	+6.191077E-06	+4.689231E-06	+1.305782E-06	-2.961461E-06	-6.135877E-06	-5.066276E-06	+4.768863E-06	-1.277605E-05	+1.357284E-05	+1.643836E-05	+7.933921E-06	-3.498263E-06	-1.256271E-05	-1.658624E-05	-1.499348E-05	-8.782425E-06	+0.000000E+00	+8.782425E-06	+1.499348E-05	+1.658624E-05	+1.256271E-05	+3.498263E-06	-7.933921E-06	-1.643836E-05	-1.357284E-05	+1.277605E-05	-1.813011E-05	+1.926080E-05	+2.332717E-05	+1.125878E-05	-4.964278E-06	-1.782736E-05	-2.353703E-05	-2.127679E-05	-1.246287E-05	+0.000000E+00	+1.246287E-05	+2.127679E-05	+2.353703E-05	+1.782736E-05	+4.964278E-06	-1.125878E-05	-2.332717E-05	-1.926080E-05	+1.813011E-05	-2.000641E-05	+2.125413E-05	+2.574133E-05	+1.242397E-05	-5.478037E-06	-1.967234E-05	-2.597291E-05	-2.347875E-05	-1.375267E-05	+0.000000E+00
	S	-1.273951E-06	+1.415501E-07	+8.076682E-07	+9.429734E-07	+7.368932E-07	+3.497120E-07	-8.742800E-08	-4.725275E-07	-7.327299E-07	-8.243212E-07	-7.327299E-07	-4.725275E-07	-8.742800E-08	+3.497120E-07	+7.368932E-07	+9.429734E-07	+8.076682E-07	+1.415501E-07	-1.273951E-06	+5.977561E-07	-6.641735E-08	-3.789696E-07	-4.424568E-07	-3.457609E-07	-1.640899E-07	+4.102248E-08	+2.217167E-07	+3.438075E-07	+3.867834E-07	+3.438075E-07	+2.217167E-07	+4.102248E-08	-1.640899E-07	-3.457609E-07	-4.424568E-07	-3.789696E-07	-6.641735E-08	+5.977561E-07	+1.398052E-06	-1.553392E-07	-8.863470E-07	-1.034833E-06	-8.086774E-07	-3.837791E-07	+9.594478E-08	+5.185587E-07	+8.041086E-07	+9.046222E-07	+8.041086E-07	+5.185587E-07	+9.594478E-08	-3.837791E-07	-8.086774E-07	-1.034833E-06	-8.863470E-07	-1.553392E-07	+1.398052E-06	+1.446142E-06	-1.606824E-07	-9.168350E-07	-1.070429E-06	-8.364938E-07	-3.969801E-07	+9.924503E-08	+5.363958E-07	+8.317679E-07	+9.357389E-07	+8.317679E-07	+5.363958E-07	+9.924503E-08	-3.969801E-07	-8.364938E-07	-1.070429E-06	-9.168350E-07	-1.606824E-07	+1.446142E-06	+1.018667E-06	-1.131853E-07	-6.458219E-07	-7.540137E-07	-5.892292E-07	-2.796342E-07	+6.990855E-08	+3.778391E-07	+5.859002E-07	+6.591378E-07	+5.859002E-07	+3.778391E-07	+6.990855E-08	-2.796342E-07	-5.892292E-07	-7.540137E-07	-6.458219E-07	-1.131853E-07	+1.018667E-06	+3.497120E-07	-3.885689E-08	-2.217128E-07	-2.588555E-07	-2.022844E-07	-9.599937E-08	+2.399984E-08	+1.297134E-07	+2.011415E-07	+2.262842E-07	+2.011415E-07	+1.297134E-07	+2.399984E-08	-9.599937E-08	-2.022844E-07	-2.588555E-07	-2.217128E-07	-3.885689E-08	+3.497120E-07	-3.692023E-07	+4.102248E-08	+2.340694E-07	+2.732821E-07	+2.135582E-07	+1.013497E-07	-2.533741E-08	-1.369427E-07	-2.123517E-07	-2.388956E-07	-2.123517E-07	-1.369427E-07	-2.533741E-08	+1.013497E-07	+2.135582E-07	+2.732821E-07	+2.340694E-07	+4.102248E-08	-3.692023E-07	-9.891138E-07	+1.099015E-07	+6.270852E-07	+7.321381E-07	+5.721344E-07	+2.715214E-07	-6.788036E-08	-3.668772E-07	-5.689020E-07	-6.400148E-07	-5.689020E-07	-3.668772E-07	-6.788036E-08	+2.715214E-07	+5.721344E-07	+7.321381E-07	+6.270852E-07	+1.099015E-07	-9.891138E-07	-1.403621E-06	+1.559579E-07	+8.898775E-07	+1.038955E-06	+8.118985E-07	+3.853078E-07	-9.632694E-08	-5.206242E-07	-8.073115E-07	-9.082255E-07	-8.073115E-07	-5.206242E-07	-9.632694E-08	+3.853078E-07	+8.118985E-07	+1.038955E-06	+8.898775E-07	+1.559579E-07	-1.403621E-06	-1.548884E-06	+1.720982E-07	+9.819720E-07	+1.146478E-06	+8.959229E-07	+4.251838E-07	-1.062959E-07	-5.745042E-07	-8.908612E-07	-1.002219E-06
	A	+2.335577E-07	-1.557051E-07	-2.243985E-07	-1.328073E-07	+6.869343E-09	+1.236482E-07	+1.808927E-07	+1.694438E-07	+1.007504E-07	+0.000000E+00	-1.007504E-07	-1.694438E-07	-1.808927E-07	-1.236482E-07	-6.869343E-09	+1.328073E-07	+2.243985E-07	+1.557051E-07	-2.335577E-07	-1.095886E-07	+7.305908E-08	+1.052910E-07	+6.231510E-08	-3.223195E-09	-5.801751E-08	-8.487747E-08	-7.950547E-08	-4.727352E-08	+0.000000E+00	+4.727352E-08	+7.950547E-08	+8.487747E-08	+5.801751E-08	+3.223195E-09	-6.231510E-08	-1.052910E-07	-7.305908E-08	+1.095886E-07	-2.563096E-07	+1.708731E-07	+2.462583E-07	+1.457447E-07	-7.538518E-09	-1.356933E-07	-1.985143E-07	-1.859501E-07	-1.105649E-07	+0.000000E+00	+1.105649E-07	+1.859501E-07	+1.985143E-07	+1.356933E-07	+7.538518E-09	-1.457447E-07	-2.462583E-07	-1.708731E-07	+2.563096E-07	-2.651260E-07	+1.767507E-07	+2.547289E-07	+1.507579E-07	-7.797824E-09	-1.403608E-07	-2.053427E-07	-1.923463E-07	-1.143681E-07	+0.000000E+00	+1.143681E-07	+1.923463E-07	+2.053427E-07	+1.403608E-07	+7.797824E-09	-1.507579E-07	-2.547289E-07	-1.767507E-07	+2.651260E-07	-1.867557E-07	+1.245038E-07	+1.794320E-07	+1.061944E-07	-5.492815E-09	-9.887067E-08	-1.446441E-07	-1.354894E-07	-8.056128E-08	+0.000000E+00	+8.056128E-08	+1.354894E-07	+1.446441E-07	+9.887067E-08	+5.492815E-09	-1.061944E-07	-1.794320E-07	-1.245038E-07	+1.867557E-07	-6.411387E-08	+4.274258E-08	+6.159960E-08	+3.645690E-08	-1.885702E-09	-3.394264E-08	-4.965682E-08	-4.651398E-08	-2.765696E-08	+0.000000E+00	+2.765696E-08	+4.651398E-08	+4.965682E-08	+3.394264E-08	+1.885702E-09	-3.645690E-08	-6.159960E-08	-4.274258E-08	+6.411387E-08	+6.768709E-08	-4.512473E-08	-6.503270E-08	-3.848874E-08	+1.990797E-09	+3.583434E-08	+5.242432E-08	+4.910632E-08	+2.919835E-08	+0.000000E+00	-2.919835E-08	-4.910632E-08	-5.242432E-08	-3.583434E-08	-1.990797E-09	+3.848874E-08	+6.503270E-08	+4.512473E-08	-6.768709E-08	+1.813375E-07	-1.208917E-07	-1.742263E-07	-1.031135E-07	+5.333457E-09	+9.600222E-08	+1.404477E-07	+1.315586E-07	+7.822403E-08	+0.000000E+00	-7.822403E-08	-1.315586E-07	-1.404477E-07	-9.600222E-08	-5.333457E-09	+1.031135E-07	+1.742263E-07	+1.208917E-07	-1.813375E-07	+2.573305E-07	-1.715537E-07	-2.472392E-07	-1.463252E-07	+7.568545E-09	+1.362338E-07	+1.993050E-07	+1.866908E-07	+1.110053E-07	+0.000000E+00	-1.110053E-07	-1.866908E-07	-1.993050E-07	-1.362338E-07	-7.568545E-09	+1.463252E-07	+2.472392E-07	+1.715537E-07	-2.573305E-07	+2.839620E-07	-1.893080E-07	-2.728262E-07	-1.614686E-07	+8.351824E-09	+1.503328E-07	+2.199314E-07	+2.060117E-07	+1.224934E-07	+0.000000E+00
	A	+9.223296E-05	-6.917472E-05	-1.139348E-04	-7.866929E-05	+4.882921E-06	+1.098657E-04	+2.143060E-04	+3.011135E-04	+3.580809E-04	+3.778839E-04	+3.580809E-04	+3.011135E-04	+2.143060E-04	+1.098657E-04	+4.882921E-06	-7.866929E-05	-1.139348E-04	-6.917472E-05	+9.223296E-05	-9.798512E-05	+7.348884E-05	+1.210404E-04	+8.357555E-05	-5.187448E-06	-1.167176E-04	-2.276713E-04	-3.198926E-04	-3.804128E-04	-4.014508E-04	-3.804128E-04	-3.198926E-04	-2.276713E-04	-1.167176E-04	-5.187448E-06	+8.357555E-05	+1.210404E-04	+7.348884E-05	-9.798512E-05	-1.186719E-04	+8.900393E-05	+1.465947E-04	+1.012202E-04	-6.282631E-06	-1.413592E-04	-2.757377E-04	-3.874289E-04	-4.607262E-04	-4.862058E-04	-4.607262E-04	-3.874289E-04	-2.757377E-04	-1.413592E-04	-6.282631E-06	+1.012202E-04	+1.465947E-04	+8.900393E-05	-1.186719E-04	-5.727661E-05	+4.295746E-05	+7.075346E-05	+4.885358E-05	-3.032291E-06	-6.822655E-05	-1.330839E-04	-1.869913E-04	-2.223680E-04	-2.346656E-04	-2.223680E-04	-1.869913E-04	-1.330839E-04	-6.822655E-05	-3.032291E-06	+4.885358E-05	+7.075346E-05	+4.295746E-05	-5.727661E-05	+2.525468E-05	-1.894101E-05	-3.119696E-05	-2.154076E-05	+1.337012E-06	+3.008278E-05	+5.867999E-05	+8.244910E-05	+9.804758E-05	+1.034699E-04	+9.804758E-05	+8.244910E-05	+5.867999E-05	+3.008278E-05	+1.337012E-06	-2.154076E-05	-3.119696E-05	-1.894101E-05	+2.525468E-05	+9.069283E-05	-6.801962E-05	-1.120323E-04	-7.735565E-05	+4.801385E-06	+1.080312E-04	+2.107275E-04	+2.960854E-04	+3.521016E-04	+3.715739E-04	+3.521016E-04	+2.960854E-04	+2.107275E-04	+1.080312E-04	+4.801385E-06	-7.735565E-05	-1.120323E-04	-6.801962E-05	+9.069283E-05	+1.197395E-04	-8.980463E-05	-1.479135E-04	-1.021308E-04	+6.339150E-06	+1.426309E-04	+2.782183E-04	+3.909143E-04	+4.648710E-04	+4.905798E-04	+4.648710E-04	+3.909143E-04	+2.782183E-04	+1.426309E-04	+6.339150E-06	-1.021308E-04	-1.479135E-04	-8.980463E-05	+1.197395E-04	+1.082410E-04	-8.118076E-05	-1.337095E-04	-9.232321E-05	+5.730406E-06	+1.289341E-04	+2.515012E-04	+3.533751E-04	+4.202298E-04	+4.434698E-04	+4.202298E-04	+3.533751E-04	+2.515012E-04	+1.289341E-04	+5.730406E-06	-9.232321E-05	-1.337095E-04	-8.118076E-05	+1.082410E-04	+6.340214E-05	-4.755160E-05	-7.832029E-05	-5.407830E-05	+3.356584E-06	+7.552314E-05	+1.473167E-04	+2.069893E-04	+2.461495E-04	+2.597623E-04	+2.461495E-04	+2.069893E-04	+1.473167E-04	+7.552314E-05	+3.356584E-06	-5.407830E-05	-7.832029E-05	-4.755160E-05	+6.340214E-05	+0.000000E+00	+0.000000E+00	+0.000000E+00	+0.000000E+00	+0.000000E+00	+0.000000E+00	+0.000000E+00	+0.000000E+00	+0.000000E+00	+0.000000E+00
	S	-5.242605E-05	+7.191376E-05	+6.625196E-05	+1.946798E-06	-7.168667E-05	-1.242276E-04	-1.410003E-04	-1.199253E-04	-6.836994E-05	+0.000000E+00	+6.836994E-05	+1.199253E-04	+1.410003E-04	+1.242276E-04	+7.168667E-05	-1.946798E-06	-6.625196E-05	-7.191376E-05	+5.242605E-05	+5.569564E-05	-7.639870E-05	-7.038380E-05	-2.068211E-06	+7.615745E-05	+1.319751E-04	+1.497939E-04	+1.274045E-04	+7.263388E-05	+0.000000E+00	-7.263388E-05	-1.274045E-04	-1.497939E-04	-1.319751E-04	-7.615745E-05	+2.068211E-06	+7.038380E-05	+7.639870E-05	-5.569564E-05	+6.745419E-05	-9.252813E-05	-8.524334E-05	-2.504855E-06	+9.223594E-05	+1.598379E-04	+1.814186E-04	+1.543023E-04	+8.796846E-05	+0.000000E+00	-8.796846E-05	-1.543023E-04	-1.814186E-04	-1.598379E-04	-9.223594E-05	+2.504855E-06	+8.524334E-05	+9.252813E-05	-6.745419E-05	+3.255655E-05	-4.465840E-05	-4.114242E-05	-1.208960E-06	+4.451738E-05	+7.714526E-05	+8.756111E-05	+7.447350E-05	+4.245769E-05	+0.000000E+00	-4.245769E-05	-7.447350E-05	-8.756111E-05	-7.714526E-05	-4.451738E-05	+1.208960E-06	+4.114242E-05	+4.465840E-05	-3.255655E-05	-1.435499E-05	+1.969100E-05	+1.814072E-05	+5.330606E-07	-1.962882E-05	-3.401526E-05	-3.860787E-05	-3.283722E-05	-1.872065E-05	+0.000000E+00	+1.872065E-05	+3.283722E-05	+3.860787E-05	+3.401526E-05	+1.962882E-05	-5.330606E-07	-1.814072E-05	-1.969100E-05	+1.435499E-05	-5.155063E-05	+7.071292E-05	+6.514566E-05	+1.914290E-06	-7.048963E-05	-1.221532E-04	-1.386459E-04	-1.179227E-04	-6.722828E-05	+0.000000E+00	+6.722828E-05	+1.179227E-04	+1.386459E-04	+1.221532E-04	+7.048963E-05	-1.914290E-06	-6.514566E-05	-7.071292E-05	+5.155063E-05	-6.806102E-05	+9.336053E-05	+8.601021E-05	+2.527389E-06	-9.306571E-05	-1.612759E-04	-1.830507E-04	-1.556904E-04	-8.875984E-05	+0.000000E+00	+8.875984E-05	+1.556904E-04	+1.830507E-04	+1.612759E-04	+9.306571E-05	-2.527389E-06	-8.601021E-05	-9.336053E-05	+6.806102E-05	-6.152517E-05	+8.439519E-05	+7.775071E-05	+2.284686E-06	-8.412868E-05	-1.457887E-04	-1.654725E-04	-1.407396E-04	-8.023630E-05	+0.000000E+00	+8.023630E-05	+1.407396E-04	+1.654725E-04	+1.457887E-04	+8.412868E-05	-2.284686E-06	-7.775071E-05	-8.439519E-05	+6.152517E-05	-3.603835E-05	+4.943446E-05	+4.554246E-05	+1.338254E-06	-4.927835E-05	-8.539567E-05	-9.692546E-05	-8.243818E-05	-4.699839E-05	+0.000000E+00	+4.699839E-05	+8.243818E-05	+9.692546E-05	+8.539567E-05	+4.927835E-05	-1.338254E-06	-4.554246E-05	-4.943446E-05	+3.603835E-05	+0.000000E+00	+0.000000E+00	+0.000000E+00	+0.000000E+00	+0.000000E+00	+0.000000E+00	+0.000000E+00	+0.000000E+00	+0.000000E+00	+0.000000E+00
	A	-1.645520E-05	+7.721017E-06	+1.805818E-05	+1.867933E-05	+1.315779E-05	+4.517113E-06	-4.768863E-06	-1.277605E-05	-1.813011E-05	-2.000641E-05	-1.813011E-05	-1.277605E-05	-4.768863E-06	+4.517113E-06	+1.315779E-05	+1.867933E-05	+1.805818E-05	+7.721017E-06	-1.645520E-05	+1.748144E-05	-8.202543E-06	-1.918439E-05	-1.984428E-05	-1.397838E-05	-4.798826E-06	+5.066276E-06	+1.357284E-05	+1.926080E-05	+2.125413E-05	+1.926080E-05	+1.357284E-05	+5.066276E-06	-4.798826E-06	-1.397838E-05	-1.984428E-05	-1.918439E-05	-8.202543E-06	+1.748144E-05	+2.117215E-05	-9.934277E-06	-2.323463E-05	-2.403384E-05	-1.692952E-05	-5.811962E-06	+6.135877E-06	+1.643836E-05	+2.332717E-05	+2.574133E-05	+2.332717E-05	+1.643836E-05	+6.135877E-06	-5.811962E-06	-1.692952E-05	-2.403384E-05	-2.323463E-05	-9.934277E-06	+2.117215E-05	+1.021867E-05	-4.794747E-06	-1.121412E-05	-1.159985E-05	-8.170978E-06	-2.805125E-06	+2.961461E-06	+7.933921E-06	+1.125878E-05	+1.242397E-05	+1.125878E-05	+7.933921E-06	+2.961461E-06	-2.805125E-06	-8.170978E-06	-1.159985E-05	-1.121412E-05	-4.794747E-06	+1.021867E-05	-4.505664E-06	+2.114123E-06	+4.944583E-06	+5.114664E-06	+3.602787E-06	+1.236849E-06	-1.305782E-06	-3.498263E-06	-4.964278E-06	-5.478037E-06	-4.964278E-06	-3.498263E-06	-1.305782E-06	+1.236849E-06	+3.602787E-06	+5.114664E-06	+4.944583E-06	+2.114123E-06	-4.505664E-06	-1.618043E-05	+7.592089E-06	+1.775664E-05	+1.836742E-05	+1.293808E-05	+4.441685E-06	-4.689231E-06	-1.256271E-05	-1.782736E-05	-1.967234E-05	-1.782736E-05	-1.256271E-05	-4.689231E-06	+4.441685E-06	+1.293808E-05	+1.836742E-05	+1.775664E-05	+7.592089E-06	-1.618043E-05	-2.136262E-05	+1.002365E-05	+2.344365E-05	+2.425005E-05	+1.708182E-05	+5.864247E-06	-6.191077E-06	-1.658624E-05	-2.353703E-05	-2.597291E-05	-2.353703E-05	-1.658624E-05	-6.191077E-06	+5.864247E-06	+1.708182E-05	+2.425005E-05	+2.344365E-05	+1.002365E-05	-2.136262E-05	-1.931118E-05	+9.061085E-06	+2.119237E-05	+2.192134E-05	+1.544147E-05	+5.301108E-06	-5.596552E-06	-1.499348E-05	-2.127679E-05	-2.347875E-05	-2.127679E-05	-1.499348E-05	-5.596552E-06	+5.301108E-06	+1.544147E-05	+2.192134E-05	+2.119237E-05	+9.061085E-06	-1.931118E-05	-1.131152E-05	+5.307528E-06	+1.241343E-05	+1.284042E-05	+9.044835E-06	+3.105123E-06	-3.278179E-06	-8.782425E-06	-1.246287E-05	-1.375267E-05	-1.246287E-05	-8.782425E-06	-3.278179E-06	+3.105123E-06	+9.044835E-06	+1.284042E-05	+1.241343E-05	+5.307528E-06	-1.131152E-05	+0.000000E+00	+0.000000E+00	+0.000000E+00	+0.000000E+00	+0.000000E+00	+0.000000E+00	+0.000000E+00	+0.000000E+00	+0.000000E+00	+0.000000E+00
	S	+4.061395E-06	-4.314686E-06	-5.225610E-06	-2.522123E-06	+1.112067E-06	+3.993576E-06	+5.272620E-06	+4.766294E-06	+2.791856E-06	+0.000000E+00	-2.791856E-06	-4.766294E-06	-5.272620E-06	-3.993576E-06	-1.112067E-06	+2.522123E-06	+5.225610E-06	+4.314686E-06	-4.061395E-06	-4.314686E-06	+4.583774E-06	+5.551508E-06	+2.679417E-06	-1.181422E-06	-4.242638E-06	-5.601450E-06	-5.063547E-06	-2.965971E-06	+0.000000E+00	+2.965971E-06	+5.063547E-06	+5.601450E-06	+4.242638E-06	+1.181422E-06	-2.679417E-06	-5.551508E-06	-4.583774E-06	+4.314686E-06	-5.225610E-06	+5.551508E-06	+6.723552E-06	+3.245100E-06	-1.430845E-06	-5.138351E-06	-6.784038E-06	-6.132572E-06	-3.592152E-06	+0.000000E+00	+3.592152E-06	+6.132572E-06	+6.784038E-06	+5.138351E-06	+1.430845E-06	-3.245100E-06	-6.723552E-06	-5.551508E-06	+5.225610E-06	-2.522123E-06	+2.679417E-06	+3.245100E-06	+1.566237E-06	-6.905928E-07	-2.480008E-06	-3.274294E-06	-2.959866E-06	-1.733741E-06	+0.000000E+00	+1.733741E-06	+2.959866E-06	+3.274294E-06	+2.480008E-06	+6.905928E-07	-1.566237E-06	-3.245100E-06	-2.679417E-06	+2.522123E-06	+1.112067E-06	-1.181422E-06	-1.430845E-06	-6.905928E-07	+3.044995E-07	+1.093497E-06	+1.443717E-06	+1.305078E-06	+7.644493E-07	+0.000000E+00	-7.644493E-07	-1.305078E-06	-1.443717E-06	-1.093497E-06	-3.044995E-07	+6.905928E-07	+1.430845E-06	+1.181422E-06	-1.112067E-06	+3.993576E-06	-4.242638E-06	-5.138351E-06	-2.480008E-06	+1.093497E-06	+3.926890E-06	+5.184576E-06	+4.686705E-06	+2.745236E-06	+0.000000E+00	-2.745236E-06	-4.686705E-06	-5.184576E-06	-3.926890E-06	-1.093497E-06	+2.480008E-06	+5.138351E-06	+4.242638E-06	-3.993576E-06	+5.272620E-06	-5.601450E-06	-6.784038E-06	-3.274294E-06	+1.443717E-06	+5.184576E-06	+6.845068E-06	+6.187742E-06	+3.624468E-06	+0.000000E+00	-3.624468E-06	-6.187742E-06	-6.845068E-06	-5.184576E-06	-1.443717E-06	+3.274294E-06	+6.784038E-06	+5.601450E-06	-5.272620E-06	+4.766294E-06	-5.063547E-06	-6.132572E-06	-2.959866E-06	+1.305078E-06	+4.686705E-06	+6.187742E-06	+5.593537E-06	+3.276413E-06	+0.000000E+00	-3.276413E-06	-5.593537E-06	-6.187742E-06	-4.686705E-06	-1.305078E-06	+2.959866E-06	+6.132572E-06	+5.063547E-06	-4.766294E-06	+2.791856E-06	-2.965971E-06	-3.592152E-06	-1.733741E-06	+7.644493E-07	+2.745236E-06	+3.624468E-06	+3.276413E-06	+1.919158E-06	+0.000000E+00	-1.919158E-06	-3.276413E-06	-3.624468E-06	-2.745236E-06	-7.644493E-07	+1.733741E-06	+3.592152E-06	+2.965971E-06	-2.791856E-06	+0.000000E+00	+0.000000E+00	+0.000000E+00	+0.000000E+00	+0.000000E+00	+0.000000E+00	+0.000000E+00	+0.000000E+00	+0.000000E+00	+0.000000E+00
	A	+3.144305E-07	-3.493673E-08	-1.993449E-07	-2.327403E-07	-1.818765E-07	-8.631427E-08	+2.157857E-08	+1.166270E-07	+1.808489E-07	+2.034551E-07	+1.808489E-07	+1.166270E-07	+2.157857E-08	-8.631427E-08	-1.818765E-07	-2.327403E-07	-1.993449E-07	-3.493673E-08	+3.144305E-07	-3.340402E-07	+3.711558E-08	+2.117771E-07	+2.472552E-07	+1.932193E-07	+9.169731E-08	-2.292433E-08	-1.239005E-07	-1.921277E-07	-2.161437E-07	-1.921277E-07	-1.239005E-07	-2.292433E-08	+9.169731E-08	+1.932193E-07	+2.472552E-07	+2.117771E-07	+3.711558E-08	-3.340402E-07	-4.045633E-07	+4.495148E-08	+2.564879E-07	+2.994562E-07	+2.340121E-07	+1.110566E-07	-2.776415E-08	-1.500586E-07	-2.326900E-07	-2.617763E-07	-2.326900E-07	-1.500586E-07	-2.776415E-08	+1.110566E-07	+2.340121E-07	+2.994562E-07	+2.564879E-07	+4.495148E-08	-4.045633E-07	-1.952612E-07	+2.169569E-08	+1.237930E-07	+1.445316E-07	+1.129452E-07	+5.360111E-08	-1.340028E-08	-7.242530E-08	-1.123071E-07	-1.263455E-07	-1.123071E-07	-7.242530E-08	-1.340028E-08	+5.360111E-08	+1.129452E-07	+1.445316E-07	+1.237930E-07	+2.169569E-08	-1.952612E-07	+8.609550E-08	-9.566167E-09	-5.458342E-08	-6.372755E-08	-4.980034E-08	-2.363406E-08	+5.908515E-09	+3.193412E-08	+4.951898E-08	+5.570885E-08	+4.951898E-08	+3.193412E-08	+5.908515E-09	-2.363406E-08	-4.980034E-08	-6.372755E-08	-5.458342E-08	-9.566167E-09	+8.609550E-08	+3.091801E-07	-3.435334E-08	-1.960161E-07	-2.288539E-07	-1.788395E-07	-8.487297E-08	+2.121824E-08	+1.146795E-07	+1.778291E-07	+2.000577E-07	+1.778291E-07	+1.146795E-07	+2.121824E-08	-8.487297E-08	-1.788395E-07	-2.288539E-07	-1.960161E-07	-3.435334E-08	+3.091801E-07	+4.082028E-07	-4.535587E-08	-2.587953E-07	-3.021501E-07	-2.361173E-07	-1.120557E-07	+2.801392E-08	+1.514086E-07	+2.347833E-07	+2.641313E-07	+2.347833E-07	+1.514086E-07	+2.801392E-08	-1.120557E-07	-2.361173E-07	-3.021501E-07	-2.587953E-07	-4.535587E-08	+4.082028E-07	+3.690034E-07	-4.100038E-08	-2.339434E-07	-2.731349E-07	-2.134432E-07	-1.012951E-07	+2.532377E-08	+1.368689E-07	+2.122373E-07	+2.387669E-07	+2.122373E-07	+1.368689E-07	+2.532377E-08	-1.012951E-07	-2.134432E-07	-2.731349E-07	-2.339434E-07	-4.100038E-08	+3.690034E-07	+2.161437E-07	-2.401596E-08	-1.370323E-07	-1.599887E-07	-1.250243E-07	-5.933355E-08	+1.483339E-08	+8.017093E-08	+1.243179E-07	+1.398577E-07	+1.243179E-07	+8.017093E-08	+1.483339E-08	-5.933355E-08	-1.250243E-07	-1.599887E-07	-1.370323E-07	-2.401596E-08	+2.161437E-07	+0.000000E+00	+0.000000E+00	+0.000000E+00	+0.000000E+00	+0.000000E+00	+0.000000E+00	+0.000000E+00	+0.000000E+00	+0.000000E+00	+0.000000E+00
	S	-5.764560E-08	+3.843040E-08	+5.538499E-08	+3.277887E-08	-1.695459E-09	-3.051826E-08	-4.464708E-08	-4.182132E-08	-2.486673E-08	+0.000000E+00	+2.486673E-08	+4.182132E-08	+4.464708E-08	+3.051826E-08	+1.695459E-09	-3.277887E-08	-5.538499E-08	-3.843040E-08	+5.764560E-08	+6.124070E-08	-4.082714E-08	-5.883911E-08	-3.482314E-08	+1.801197E-09	+3.242155E-08	+4.743152E-08	+4.442953E-08	+2.641756E-08	+0.000000E+00	-2.641756E-08	-4.442953E-08	-4.743152E-08	-3.242155E-08	-1.801197E-09	+3.482314E-08	+5.883911E-08	+4.082714E-08	-6.124070E-08	+7.416994E-08	-4.944663E-08	-7.126132E-08	-4.217507E-08	+2.181469E-09	+3.926644E-08	+5.744535E-08	+5.380957E-08	+3.199488E-08	+0.000000E+00	-3.199488E-08	-5.380957E-08	-5.744535E-08	-3.926644E-08	-2.181469E-09	+4.217507E-08	+7.126132E-08	+4.944663E-08	-7.416994E-08	+3.579788E-08	-2.386525E-08	-3.439404E-08	-2.035566E-08	+1.052879E-09	+1.895182E-08	+2.772581E-08	+2.597101E-08	+1.544222E-08	+0.000000E+00	-1.544222E-08	-2.597101E-08	-2.772581E-08	-1.895182E-08	-1.052879E-09	+2.035566E-08	+3.439404E-08	+2.386525E-08	-3.579788E-08	-1.578417E-08	+1.052278E-08	+1.516519E-08	+8.975315E-09	-4.642404E-10	-8.356328E-09	-1.222500E-08	-1.145126E-08	-6.808860E-09	+0.000000E+00	+6.808860E-09	+1.145126E-08	+1.222500E-08	+8.356328E-09	+4.642404E-10	-8.975315E-09	-1.516519E-08	-1.052278E-08	+1.578417E-08	-5.668302E-08	+3.778868E-08	+5.446015E-08	+3.223152E-08	-1.667148E-09	-3.000866E-08	-4.390155E-08	-4.112297E-08	-2.445150E-08	+0.000000E+00	+2.445150E-08	+4.112297E-08	+4.390155E-08	+3.000866E-08	+1.667148E-09	-3.223152E-08	-5.446015E-08	-3.778868E-08	+5.668302E-08	-7.483719E-08	+4.989146E-08	+7.190240E-08	+4.255448E-08	-2.201094E-09	-3.961969E-08	-5.796214E-08	-5.429365E-08	-3.228271E-08	+0.000000E+00	+3.228271E-08	+5.429365E-08	+5.796214E-08	+3.961969E-08	+2.201094E-09	-4.255448E-08	-7.190240E-08	-4.989146E-08	+7.483719E-08	-6.765063E-08	+4.510042E-08	+6.499767E-08	+3.846801E-08	-1.989724E-09	-3.581504E-08	-5.239608E-08	-4.907987E-08	-2.918263E-08	+0.000000E+00	+2.918263E-08	+4.907987E-08	+5.239608E-08	+3.581504E-08	+1.989724E-09	-3.846801E-08	-6.499767E-08	-4.510042E-08	+6.765063E-08	-3.962634E-08	+2.641756E-08	+3.807236E-08	+2.253262E-08	-1.165481E-09	-2.097865E-08	-3.069099E-08	-2.874852E-08	-1.709371E-08	+0.000000E+00	+1.709371E-08	+2.874852E-08	+3.069099E-08	+2.097865E-08	+1.165481E-09	-2.253262E-08	-3.807236E-08	-2.641756E-08	+3.962634E-08	+0.000000E+00	+0.000000E+00	+0.000000E+00	+0.000000E+00	+0.000000E+00	+0.000000E+00	+0.000000E+00	+0.000000E+00	+0.000000E+00	+0.000000E+00
	S	+7.140616E-06	-5.355462E-06	-8.820761E-06	-6.090526E-06	+3.780326E-07	+8.505734E-06	+1.659143E-05	+2.331201E-05	+2.772239E-05	+2.925553E-05	+2.772239E-05	+2.331201E-05	+1.659143E-05	+8.505734E-06	+3.780326E-07	-6.090526E-06	-8.820761E-06	-5.355462E-06	+7.140616E-06	-7.934018E-07	+5.950514E-07	+9.800846E-07	+6.767251E-07	-4.200363E-08	-9.450816E-07	-1.843492E-06	-2.590224E-06	-3.080266E-06	-3.250614E-06	-3.080266E-06	-2.590224E-06	-1.843492E-06	-9.450816E-07	-4.200363E-08	+6.767251E-07	+9.800846E-07	+5.950514E-07	-7.934018E-07	-4.527057E-06	+3.395293E-06	+5.592247E-06	+3.861314E-06	-2.396677E-07	-5.392524E-06	-1.051875E-05	-1.477951E-05	-1.757563E-05	-1.854762E-05	-1.757563E-05	-1.477951E-05	-1.051875E-05	-5.392524E-06	-2.396677E-07	+3.861314E-06	+5.592247E-06	+3.395293E-06	-4.527057E-06	-5.285456E-06	+3.964092E-06	+6.529093E-06	+4.508183E-06	-2.798183E-07	-6.295911E-06	-1.228091E-05	-1.725546E-05	-2.052001E-05	-2.165483E-05	-2.052001E-05	-1.725546E-05	-1.228091E-05	-6.295911E-06	-2.798183E-07	+4.508183E-06	+6.529093E-06	+3.964092E-06	-5.285456E-06	-4.130357E-06	+3.097767E-06	+5.102205E-06	+3.522951E-06	-2.186659E-07	-4.919983E-06	-9.597005E-06	-1.348440E-05	-1.603550E-05	-1.692231E-05	-1.603550E-05	-1.348440E-05	-9.597005E-06	-4.919983E-06	-2.186659E-07	+3.522951E-06	+5.102205E-06	+3.097767E-06	-4.130357E-06	-1.960169E-06	+1.470127E-06	+2.421385E-06	+1.671909E-06	-1.037737E-07	-2.334907E-06	-4.554511E-06	-6.399376E-06	-7.610069E-06	-8.030928E-06	-7.610069E-06	-6.399376E-06	-4.554511E-06	-2.334907E-06	-1.037737E-07	+1.671909E-06	+2.421385E-06	+1.470127E-06	-1.960169E-06	+4.900423E-07	-3.675317E-07	-6.053464E-07	-4.179773E-07	+2.594342E-08	+5.837269E-07	+1.138628E-06	+1.599844E-06	+1.902517E-06	+2.007732E-06	+1.902517E-06	+1.599844E-06	+1.138628E-06	+5.837269E-07	+2.594342E-08	-4.179773E-07	-6.053464E-07	-3.675317E-07	+4.900423E-07	+2.648562E-06	-1.986421E-06	-3.271753E-06	-2.259068E-06	+1.402180E-07	+3.154905E-06	+6.154012E-06	+8.646776E-06	+1.028265E-05	+1.085131E-05	+1.028265E-05	+8.646776E-06	+6.154012E-06	+3.154905E-06	+1.402180E-07	-2.259068E-06	-3.271753E-06	-1.986421E-06	+2.648562E-06	+4.107021E-06	-3.080266E-06	-5.073379E-06	-3.503047E-06	+2.174305E-07	+4.892187E-06	+9.542784E-06	+1.340822E-05	+1.594491E-05	+1.682671E-05	+1.594491E-05	+1.340822E-05	+9.542784E-06	+4.892187E-06	+2.174305E-07	-3.503047E-06	-5.073379E-06	-3.080266E-06	+4.107021E-06	+4.620399E-06	-3.465299E-06	-5.707551E-06	-3.940928E-06	+2.446093E-07	+5.503710E-06	+1.073563E-05	+1.508424E-05	+1.793802E-05	+1.893005E-05
	A	-4.058791E-06	+5.567517E-06	+5.129184E-06	+1.507198E-07	-5.549936E-06	-9.617621E-06	-1.091615E-05	-9.284535E-06	-5.293157E-06	+0.000000E+00	+5.293157E-06	+9.284535E-06	+1.091615E-05	+9.617621E-06	+5.549936E-06	-1.507198E-07	-5.129184E-06	-5.567517E-06	+4.058791E-06	+4.509768E-07	-6.186130E-07	-5.699093E-07	-1.674665E-08	+6.166595E-07	+1.068625E-06	+1.212906E-06	+1.031615E-06	+5.881285E-07	+0.000000E+00	-5.881285E-07	-1.031615E-06	-1.212906E-06	-1.068625E-06	-6.166595E-07	+1.674665E-08	+5.699093E-07	+6.186130E-07	-4.509768E-07	+2.573221E-06	-3.529733E-06	-3.251835E-06	-9.555440E-08	+3.518587E-06	+6.097446E-06	+6.920699E-06	+5.886274E-06	+3.355792E-06	+0.000000E+00	-3.355792E-06	-5.886274E-06	-6.920699E-06	-6.097446E-06	-3.518587E-06	+9.555440E-08	+3.251835E-06	+3.529733E-06	-2.573221E-06	+3.004301E-06	-4.121054E-06	-3.796602E-06	-1.115622E-07	+4.108041E-06	+7.118925E-06	+8.080094E-06	+6.872377E-06	+3.917974E-06	+0.000000E+00	-3.917974E-06	-6.872377E-06	-8.080094E-06	-7.118925E-06	-4.108041E-06	+1.115622E-07	+3.796602E-06	+4.121054E-06	-3.004301E-06	+2.347732E-06	-3.220426E-06	-2.966881E-06	-8.718108E-08	+3.210257E-06	+5.563134E-06	+6.314246E-06	+5.370467E-06	+3.061728E-06	+0.000000E+00	-3.061728E-06	-5.370467E-06	-6.314246E-06	-5.563134E-06	-3.210257E-06	+8.718108E-08	+2.966881E-06	+3.220426E-06	-2.347732E-06	+1.114178E-06	-1.528338E-06	-1.408011E-06	-4.137407E-08	+1.523512E-06	+2.640131E-06	+2.996591E-06	+2.548696E-06	+1.453023E-06	+0.000000E+00	-1.453023E-06	-2.548696E-06	-2.996591E-06	-2.640131E-06	-1.523512E-06	+4.137407E-08	+1.408011E-06	+1.528338E-06	-1.114178E-06	-2.785445E-07	+3.820845E-07	+3.520028E-07	+1.034352E-08	-3.808780E-07	-6.600328E-07	-7.491478E-07	-6.371740E-07	-3.632559E-07	+0.000000E+00	+3.632559E-07	+6.371740E-07	+7.491478E-07	+6.600328E-07	+3.808780E-07	-1.034352E-08	-3.520028E-07	-3.820845E-07	+2.785445E-07	-1.505467E-06	+2.065076E-06	+1.902491E-06	+5.590425E-08	-2.058555E-06	-3.567320E-06	-4.048965E-06	-3.443774E-06	-1.963311E-06	+0.000000E+00	+1.963311E-06	+3.443774E-06	+4.048965E-06	+3.567320E-06	+2.058555E-06	-5.590425E-08	-1.902491E-06	-2.065076E-06	+1.505467E-06	-2.334468E-06	+3.202232E-06	+2.950119E-06	+8.668853E-08	-3.192120E-06	-5.531704E-06	-6.278572E-06	-5.340125E-06	-3.044430E-06	+0.000000E+00	+3.044430E-06	+5.340125E-06	+6.278572E-06	+5.531704E-06	+3.192120E-06	-8.668853E-08	-2.950119E-06	-3.202232E-06	+2.334468E-06	-2.626277E-06	+3.602511E-06	+3.318884E-06	+9.752459E-08	-3.591135E-06	-6.223167E-06	-7.063394E-06	-6.007641E-06	-3.424984E-06	+0.000000E+00
	S	-1.273951E-06	+5.977561E-07	+1.398052E-06	+1.446142E-06	+1.018667E-06	+3.497120E-07	-3.692023E-07	-9.891138E-07	-1.403621E-06	-1.548884E-06	-1.403621E-06	-9.891138E-07	-3.692023E-07	+3.497120E-07	+1.018667E-06	+1.446142E-06	+1.398052E-06	+5.977561E-07	-1.273951E-06	+1.415501E-07	-6.641735E-08	-1.553392E-07	-1.606824E-07	-1.131853E-07	-3.885689E-08	+4.102248E-08	+1.099015E-07	+1.559579E-07	+1.720982E-07	+1.559579E-07	+1.099015E-07	+4.102248E-08	-3.885689E-08	-1.131853E-07	-1.606824E-07	-1.553392E-07	-6.641735E-08	+1.415501E-07	+8.076682E-07	-3.789696E-07	-8.863470E-07	-9.168350E-07	-6.458219E-07	-2.217128E-07	+2.340694E-07	+6.270852E-07	+8.898775E-07	+9.819720E-07	+8.898775E-07	+6.270852E-07	+2.340694E-07	-2.217128E-07	-6.458219E-07	-9.168350E-07	-8.863470E-07	-3.789696E-07	+8.076682E-07	+9.429734E-07	-4.424568E-07	-1.034833E-06	-1.070429E-06	-7.540137E-07	-2.588555E-07	+2.732821E-07	+7.321381E-07	+1.038955E-06	+1.146478E-06	+1.038955E-06	+7.321381E-07	+2.732821E-07	-2.588555E-07	-7.540137E-07	-1.070429E-06	-1.034833E-06	-4.424568E-07	+9.429734E-07	+7.368932E-07	-3.457609E-07	-8.086774E-07	-8.364938E-07	-5.892292E-07	-2.022844E-07	+2.135582E-07	+5.721344E-07	+8.118985E-07	+8.959229E-07	+8.118985E-07	+5.721344E-07	+2.135582E-07	-2.022844E-07	-5.892292E-07	-8.364938E-07	-8.086774E-07	-3.457609E-07	+7.368932E-07	+3.497120E-07	-1.640899E-07	-3.837791E-07	-3.969801E-07	-2.796342E-07	-9.599937E-08	+1.013497E-07	+2.715214E-07	+3.853078E-07	+4.251838E-07	+3.853078E-07	+2.715214E-07	+1.013497E-07	-9.599937E-08	-2.796342E-07	-3.969801E-07	-3.837791E-07	-1.640899E-07	+3.497120E-07	-8.742800E-08	+4.102248E-08	+9.594478E-08	+9.924503E-08	+6.990855E-08	+2.399984E-08	-2.533741E-08	-6.788036E-08	-9.632694E-08	-1.062959E-07	-9.632694E-08	-6.788036E-08	-2.533741E-08	+2.399984E-08	+6.990855E-08	+9.924503E-08	+9.594478E-08	+4.102248E-08	-8.742800E-08	-4.725275E-07	+2.217167E-07	+5.185587E-07	+5.363958E-07	+3.778391E-07	+1.297134E-07	-1.369427E-07	-3.668772E-07	-5.206242E-07	-5.745042E-07	-5.206242E-07	-3.668772E-07	-1.369427E-07	+1.297134E-07	+3.778391E-07	+5.363958E-07	+5.185587E-07	+2.217167E-07	-4.725275E-07	-7.327299E-07	+3.438075E-07	+8.041086E-07	+8.317679E-07	+5.859002E-07	+2.011415E-07	-2.123517E-07	-5.689020E-07	-8.073115E-07	-8.908612E-07	-8.073115E-07	-5.689020E-07	-2.123517E-07	+2.011415E-07	+5.859002E-07	+8.317679E-07	+8.041086E-07	+3.438075E-07	-7.327299E-07	-8.243212E-07	+3.867834E-07	+9.046222E-07	+9.357389E-07	+6.591378E-07	+2.262842E-07	-2.388956E-07	-6.400148E-07	-9.082255E-07	-1.002219E-06
	A	+3.144305E-07	-3.340402E-07	-4.045633E-07	-1.952612E-07	+8.609550E-08	+3.091801E-07	+4.082028E-07	+3.690034E-07	+2.161437E-07	+0.000000E+00	-2.161437E-07	-3.690034E-07	-4.082028E-07	-3.091801E-07	-8.609550E-08	+1.952612E-07	+4.045633E-07	+3.340402E-07	-3.144305E-07	-3.493673E-08	+3.711558E-08	+4.495148E-08	+2.169569E-08	-9.566167E-09	-3.435334E-08	-4.535587E-08	-4.100038E-08	-2.401596E-08	+0.000000E+00	+2.401596E-08	+4.100038E-08	+4.535587E-08	+3.435334E-08	+9.566167E-09	-2.169569E-08	-4.495148E-08	-3.711558E-08	+3.493673E-08	-1.993449E-07	+2.117771E-07	+2.564879E-07	+1.237930E-07	-5.458342E-08	-1.960161E-07	-2.587953E-07	-2.339434E-07	-1.370323E-07	+0.000000E+00	+1.370323E-07	+2.339434E-07	+2.587953E-07	+1.960161E-07	+5.458342E-08	-1.237930E-07	-2.564879E-07	-2.117771E-07	+1.993449E-07	-2.327403E-07	+2.472552E-07	+2.994562E-07	+1.445316E-07	-6.372755E-08	-2.288539E-07	-3.021501E-07	-2.731349E-07	-1.599887E-07	+0.000000E+00	+1.599887E-07	+2.731349E-07	+3.021501E-07	+2.288539E-07	+6.372755E-08	-1.445316E-07	-2.994562E-07	-2.472552E-07	+2.327403E-07	-1.818765E-07	+1.932193E-07	+2.340121E-07	+1.129452E-07	-4.980034E-08	-1.788395E-07	-2.361173E-07	-2.134432E-07	-1.250243E-07	+0.000000E+00	+1.250243E-07	+2.134432E-07	+2.361173E-07	+1.788395E-07	+4.980034E-08	-1.129452E-07	-2.340121E-07	-1.932193E-07	+1.818765E-07	-8.631427E-08	+9.169731E-08	+1.110566E-07	+5.360111E-08	-2.363406E-08	-8.487297E-08	-1.120557E-07	-1.012951E-07	-5.933355E-08	+0.000000E+00	+5.933355E-08	+1.012951E-07	+1.120557E-07	+8.487297E-08	+2.363406E-08	-5.360111E-08	-1.110566E-07	-9.169731E-08	+8.631427E-08	+2.157857E-08	-2.292433E-08	-2.776415E-08	-1.340028E-08	+5.908515E-09	+2.121824E-08	+2.801392E-08	+2.532377E-08	+1.483339E-08	+0.000000E+00	-1.483339E-08	-2.532377E-08	-2.801392E-08	-2.121824E-08	-5.908515E-09	+1.340028E-08	+2.776415E-08	+2.292433E-08	-2.157857E-08	+1.166270E-07	-1.239005E-07	-1.500586E-07	-7.242530E-08	+3.193412E-08	+1.146795E-07	+1.514086E-07	+1.368689E-07	+8.017093E-08	+0.000000E+00	-8.017093E-08	-1.368689E-07	-1.514086E-07	-1.146795E-07	-3.193412E-08	+7.242530E-08	+1.500586E-07	+1.239005E-07	-1.166270E-07	+1.808489E-07	-1.921277E-07	-2.326900E-07	-1.123071E-07	+4.951898E-08	+1.778291E-07	+2.347833E-07	+2.122373E-07	+1.243179E-07	+0.000000E+00	-1.243179E-07	-2.122373E-07	-2.347833E-07	-1.778291E-07	-4.951898E-08	+1.123071E-07	+2.326900E-07	+1.921277E-07	-1.808489E-07	+2.034551E-07	-2.161437E-07	-2.617763E-07	-1.263455E-07	+5.570885E-08	+2.000577E-07	+2.641313E-07	+2.387669E-07	+1.398577E-07	+0.000000E+00
	S	+2.434301E-08	-2.704779E-09	-1.543315E-08	-1.801860E-08	-1.408076E-08	-6.682395E-09	+1.670599E-09	+9.029188E-09	+1.400121E-08	+1.575136E-08	+1.400121E-08	+9.029188E-09	+1.670599E-09	-6.682395E-09	-1.408076E-08	-1.801860E-08	-1.543315E-08	-2.704779E-09	+2.434301E-08	-2.704779E-09	+3.005310E-10	+1.714794E-09	+2.002067E-09	+1.564529E-09	+7.424883E-10	-1.856221E-10	-1.003243E-09	-1.555690E-09	-1.750151E-09	-1.555690E-09	-1.003243E-09	-1.856221E-10	+7.424883E-10	+1.564529E-09	+2.002067E-09	+1.714794E-09	+3.005310E-10	-2.704779E-09	-1.543315E-08	+1.714794E-09	+9.784416E-09	+1.142356E-08	+8.927018E-09	+4.236551E-09	-1.059138E-09	-5.724387E-09	-8.876583E-09	-9.986156E-09	-8.876583E-09	-5.724387E-09	-1.059138E-09	+4.236551E-09	+8.927018E-09	+1.142356E-08	+9.784416E-09	+1.714794E-09	-1.543315E-08	-1.801860E-08	+2.002067E-09	+1.142356E-08	+1.333730E-08	+1.042252E-08	+4.946283E-09	-1.236571E-09	-6.683370E-09	-1.036364E-08	-1.165909E-08	-1.036364E-08	-6.683370E-09	-1.236571E-09	+4.946283E-09	+1.042252E-08	+1.333730E-08	+1.142356E-08	+2.002067E-09	-1.801860E-08	-1.408076E-08	+1.564529E-09	+8.927018E-09	+1.042252E-08	+8.144754E-09	+3.865307E-09	-9.663267E-10	-5.222766E-09	-8.098738E-09	-9.111081E-09	-8.098738E-09	-5.222766E-09	-9.663267E-10	+3.865307E-09	+8.144754E-09	+1.042252E-08	+8.927018E-09	+1.564529E-09	-1.408076E-08	-6.682395E-09	+7.424883E-10	+4.236551E-09	+4.946283E-09	+3.865307E-09	+1.834383E-09	-4.585957E-10	-2.478601E-09	-3.843469E-09	-4.323903E-09	-3.843469E-09	-2.478601E-09	-4.585957E-10	+1.834383E-09	+3.865307E-09	+4.946283E-09	+4.236551E-09	+7.424883E-10	-6.682395E-09	+1.670599E-09	-1.856221E-10	-1.059138E-09	-1.236571E-09	-9.663267E-10	-4.585957E-10	+1.146489E-10	+6.196502E-10	+9.608673E-10	+1.080976E-09	+9.608673E-10	+6.196502E-10	+1.146489E-10	-4.585957E-10	-9.663267E-10	-1.236571E-09	-1.059138E-09	-1.856221E-10	+1.670599E-09	+9.029188E-09	-1.003243E-09	-5.724387E-09	-6.683370E-09	-5.222766E-09	-2.478601E-09	+6.196502E-10	+3.349062E-09	+5.193259E-09	+5.842416E-09	+5.193259E-09	+3.349062E-09	+6.196502E-10	-2.478601E-09	-5.222766E-09	-6.683370E-09	-5.724387E-09	-1.003243E-09	+9.029188E-09	+1.400121E-08	-1.555690E-09	-8.876583E-09	-1.036364E-08	-8.098738E-09	-3.843469E-09	+9.608673E-10	+5.193259E-09	+8.052983E-09	+9.059606E-09	+8.052983E-09	+5.193259E-09	+9.608673E-10	-3.843469E-09	-8.098738E-09	-1.036364E-08	-8.876583E-09	-1.555690E-09	+1.400121E-08	+1.575136E-08	-1.750151E-09	-9.986156E-09	-1.165909E-08	-9.111081E-09	-4.323903E-09	+1.080976E-09	+5.842416E-09	+9.059606E-09	+1.019206E-08
	A	-4.462885E-09	+2.975257E-09	+4.287870E-09	+2.537719E-09	-1.312613E-10	-2.362704E-09	-3.456548E-09	-3.237779E-09	-1.925166E-09	+0.000000E+00	+1.925166E-09	+3.237779E-09	+3.456548E-09	+2.362704E-09	+1.312613E-10	-2.537719E-09	-4.287870E-09	-2.975257E-09	+4.462885E-09	+4.958761E-10	-3.305841E-10	-4.764300E-10	-2.819688E-10	+1.458459E-11	+2.625227E-10	+3.840609E-10	+3.597533E-10	+2.139074E-10	+0.000000E+00	-2.139074E-10	-3.597533E-10	-3.840609E-10	-2.625227E-10	-1.458459E-11	+2.819688E-10	+4.764300E-10	+3.305841E-10	-4.958761E-10	+2.829411E-09	-1.886274E-09	-2.718454E-09	-1.608881E-09	+8.321797E-11	+1.497923E-09	+2.191406E-09	+2.052710E-09	+1.220530E-09	+0.000000E+00	-1.220530E-09	-2.052710E-09	-2.191406E-09	-1.497923E-09	-8.321797E-11	+1.608881E-09	+2.718454E-09	+1.886274E-09	-2.829411E-09	+3.303410E-09	-2.202273E-09	-3.173865E-09	-1.878410E-09	+9.715912E-11	+1.748864E-09	+2.558524E-09	+2.396592E-09	+1.425000E-09	+0.000000E+00	-1.425000E-09	-2.396592E-09	-2.558524E-09	-1.748864E-09	-9.715912E-11	+1.878410E-09	+3.173865E-09	+2.202273E-09	-3.303410E-09	+2.581473E-09	-1.720982E-09	-2.480239E-09	-1.467896E-09	+7.592567E-11	+1.366662E-09	+1.999376E-09	+1.872833E-09	+1.113577E-09	+0.000000E+00	-1.113577E-09	-1.872833E-09	-1.999376E-09	-1.366662E-09	-7.592567E-11	+1.467896E-09	+2.480239E-09	+1.720982E-09	-2.581473E-09	+1.225106E-09	-8.167372E-10	-1.177062E-09	-6.966288E-10	+3.603252E-11	+6.485854E-10	+9.488564E-10	+8.888022E-10	+5.284770E-10	+0.000000E+00	-5.284770E-10	-8.888022E-10	-9.488564E-10	-6.485854E-10	-3.603252E-11	+6.966288E-10	+1.177062E-09	+8.167372E-10	-1.225106E-09	-3.062764E-10	+2.041843E-10	+2.942656E-10	+1.741572E-10	-9.008130E-12	-1.621463E-10	-2.372141E-10	-2.222006E-10	-1.321192E-10	+0.000000E+00	+1.321192E-10	+2.222006E-10	+2.372141E-10	+1.621463E-10	+9.008130E-12	-1.741572E-10	-2.942656E-10	-2.041843E-10	+3.062764E-10	-1.655351E-09	+1.103567E-09	+1.590435E-09	+9.412781E-10	-4.868680E-11	-8.763624E-10	-1.282086E-09	-1.200941E-09	-7.140731E-10	+0.000000E+00	+7.140731E-10	+1.200941E-09	+1.282086E-09	+8.763624E-10	+4.868680E-11	-9.412781E-10	-1.590435E-09	-1.103567E-09	+1.655351E-09	-2.566888E-09	+1.711259E-09	+2.466226E-09	+1.459603E-09	-7.549671E-11	-1.358941E-09	-1.988080E-09	-1.862252E-09	-1.107285E-09	+0.000000E+00	+1.107285E-09	+1.862252E-09	+1.988080E-09	+1.358941E-09	+7.549671E-11	-1.459603E-09	-2.466226E-09	-1.711259E-09	+2.566888E-09	-2.887749E-09	+1.925166E-09	+2.774504E-09	+1.642054E-09	-8.493380E-11	-1.528808E-09	-2.236590E-09	-2.095034E-09	-1.245696E-09	+0.000000E+00
	A	-1.309113E-06	+9.818347E-07	+1.617140E-06	+1.116596E-06	-6.930598E-08	-1.559385E-06	-3.041763E-06	-4.273869E-06	-5.082439E-06	-5.363513E-06	-5.082439E-06	-4.273869E-06	-3.041763E-06	-1.559385E-06	-6.930598E-08	+1.116596E-06	+1.617140E-06	+9.818347E-07	-1.309113E-06	+8.727420E-07	-6.545565E-07	-1.078093E-06	-7.443976E-07	+4.620399E-08	+1.039590E-06	+2.027842E-06	+2.849246E-06	+3.388292E-06	+3.575675E-06	+3.388292E-06	+2.849246E-06	+2.027842E-06	+1.039590E-06	+4.620399E-08	-7.443976E-07	-1.078093E-06	-6.545565E-07	+8.727420E-07	+1.257775E-06	-9.433314E-07	-1.553722E-06	-1.072808E-06	+6.658810E-08	+1.498232E-06	+2.922478E-06	+4.106266E-06	+4.883127E-06	+5.153179E-06	+4.883127E-06	+4.106266E-06	+2.922478E-06	+1.498232E-06	+6.658810E-08	-1.072808E-06	-1.553722E-06	-9.433314E-07	+1.257775E-06	+7.443976E-07	-5.582982E-07	-9.195500E-07	-6.349274E-07	+3.940928E-08	+8.867089E-07	+1.729630E-06	+2.430239E-06	+2.890014E-06	+3.049841E-06	+2.890014E-06	+2.430239E-06	+1.729630E-06	+8.867089E-07	+3.940928E-08	-6.349274E-07	-9.195500E-07	-5.582982E-07	+7.443976E-07	-3.850332E-08	+2.887749E-08	+4.756293E-08	+3.284107E-08	-2.038411E-09	-4.586425E-08	-8.946360E-08	-1.257020E-07	-1.494835E-07	-1.577504E-07	-1.494835E-07	-1.257020E-07	-8.946360E-08	-4.586425E-08	-2.038411E-09	+3.284107E-08	+4.756293E-08	+2.887749E-08	-3.850332E-08	-6.930598E-07	+5.197949E-07	+8.561327E-07	+5.911393E-07	-3.669140E-08	-8.255566E-07	-1.610345E-06	-2.262636E-06	-2.690703E-06	-2.839507E-06	-2.690703E-06	-2.262636E-06	-1.610345E-06	-8.255566E-07	-3.669140E-08	+5.911393E-07	+8.561327E-07	+5.197949E-07	-6.930598E-07	-1.013921E-06	+7.604406E-07	+1.252490E-06	+8.648148E-07	-5.367816E-08	-1.207759E-06	-2.355875E-06	-3.310153E-06	-3.936399E-06	-4.154093E-06	-3.936399E-06	-3.310153E-06	-2.355875E-06	-1.207759E-06	-5.367816E-08	+8.648148E-07	+1.252490E-06	+7.604406E-07	-1.013921E-06	-9.497486E-07	+7.123115E-07	+1.173219E-06	+8.100797E-07	-5.028081E-08	-1.131318E-06	-2.206769E-06	-3.100650E-06	-3.687259E-06	-3.891176E-06	-3.687259E-06	-3.100650E-06	-2.206769E-06	-1.131318E-06	-5.028081E-08	+8.100797E-07	+1.173219E-06	+7.123115E-07	-9.497486E-07	-5.647154E-07	+4.235366E-07	+6.975896E-07	+4.816690E-07	-2.989670E-08	-6.726757E-07	-1.312133E-06	-1.843630E-06	-2.192425E-06	-2.313672E-06	-2.192425E-06	-1.843630E-06	-1.312133E-06	-6.726757E-07	-2.989670E-08	+4.816690E-07	+6.975896E-07	+4.235366E-07	-5.647154E-07	+0.000000E+00	+0.000000E+00	+0.000000E+00	+0.000000E+00	+0.000000E+00	+0.000000E+00	+0.000000E+00	+0.000000E+00	+0.000000E+00	+0.000000E+00
	S	+7.441117E-07	-1.020711E-06	-9.403503E-07	-2.763197E-08	+1.017488E-06	+1.763231E-06	+2.001295E-06	+1.702165E-06	+9.704121E-07	+0.000000E+00	-9.704121E-07	-1.702165E-06	-2.001295E-06	-1.763231E-06	-1.017488E-06	+2.763197E-08	+9.403503E-07	+1.020711E-06	-7.441117E-07	-4.960745E-07	+6.804743E-07	+6.269002E-07	+1.842131E-08	-6.783255E-07	-1.175487E-06	-1.334197E-06	-1.134777E-06	-6.469414E-07	+0.000000E+00	+6.469414E-07	+1.134777E-06	+1.334197E-06	+1.175487E-06	+6.783255E-07	-1.842131E-08	-6.269002E-07	-6.804743E-07	+4.960745E-07	-7.149309E-07	+9.806835E-07	+9.034739E-07	+2.654836E-08	-9.775867E-07	-1.694084E-06	-1.922813E-06	-1.635413E-06	-9.323567E-07	+0.000000E+00	+9.323567E-07	+1.635413E-06	+1.922813E-06	+1.694084E-06	+9.775867E-07	-2.654836E-08	-9.034739E-07	-9.806835E-07	+7.149309E-07	-4.231224E-07	+5.804045E-07	+5.347090E-07	+1.571230E-08	-5.785717E-07	-1.002621E-06	-1.137991E-06	-9.678977E-07	-5.518030E-07	+0.000000E+00	+5.518030E-07	+9.678977E-07	+1.137991E-06	+1.002621E-06	+5.785717E-07	-1.571230E-08	-5.347090E-07	-5.804045E-07	+4.231224E-07	+2.188564E-08	-3.002092E-08	-2.765736E-08	-8.127050E-10	+2.992612E-08	+5.185972E-08	+5.886161E-08	+5.006367E-08	+2.854153E-08	+0.000000E+00	-2.854153E-08	-5.006367E-08	-5.886161E-08	-5.185972E-08	-2.992612E-08	+8.127050E-10	+2.765736E-08	+3.002092E-08	-2.188564E-08	+3.939415E-07	-5.403766E-07	-4.978325E-07	-1.462869E-08	+5.386702E-07	+9.334750E-07	+1.059509E-06	+9.011461E-07	+5.137476E-07	+0.000000E+00	-5.137476E-07	-9.011461E-07	-1.059509E-06	-9.334750E-07	-5.386702E-07	+1.462869E-08	+4.978325E-07	+5.403766E-07	-3.939415E-07	+5.763218E-07	-7.905510E-07	-7.283106E-07	-2.140123E-08	+7.880546E-07	+1.365639E-06	+1.550022E-06	+1.318343E-06	+7.515937E-07	+0.000000E+00	-7.515937E-07	-1.318343E-06	-1.550022E-06	-1.365639E-06	-7.880546E-07	+2.140123E-08	+7.283106E-07	+7.905510E-07	-5.763218E-07	+5.398458E-07	-7.405161E-07	-6.822149E-07	-2.004672E-08	+7.381777E-07	+1.279206E-06	+1.451920E-06	+1.234904E-06	+7.040245E-07	+0.000000E+00	-7.040245E-07	-1.234904E-06	-1.451920E-06	-1.279206E-06	-7.381777E-07	+2.004672E-08	+6.822149E-07	+7.405161E-07	-5.398458E-07	+3.209894E-07	-4.403069E-07	-4.056413E-07	-1.191967E-08	+4.389165E-07	+7.606092E-07	+8.633037E-07	+7.342672E-07	+4.186091E-07	+0.000000E+00	-4.186091E-07	-7.342672E-07	-8.633037E-07	-7.606092E-07	-4.389165E-07	+1.191967E-08	+4.056413E-07	+4.403069E-07	-3.209894E-07	+0.000000E+00	+0.000000E+00	+0.000000E+00	+0.000000E+00	+0.000000E+00	+0.000000E+00	+0.000000E+00	+0.000000E+00	+0.000000E+00	+0.000000E+00
	A	+2.335577E-07	-1.095886E-07	-2.563096E-07	-2.651260E-07	-1.867557E-07	-6.411387E-08	+6.768709E-08	+1.813375E-07	+2.573305E-07	+2.839620E-07	+2.573305E-07	+1.813375E-07	+6.768709E-08	-6.411387E-08	-1.867557E-07	-2.651260E-07	-2.563096E-07	-1.095886E-07	+2.335577E-07	-1.557051E-07	+7.305908E-08	+1.708731E-07	+1.767507E-07	+1.245038E-07	+4.274258E-08	-4.512473E-08	-1.208917E-07	-1.715537E-07	-1.893080E-07	-1.715537E-07	-1.208917E-07	-4.512473E-08	+4.274258E-08	+1.245038E-07	+1.767507E-07	+1.708731E-07	+7.305908E-08	-1.557051E-07	-2.243985E-07	+1.052910E-07	+2.462583E-07	+2.547289E-07	+1.794320E-07	+6.159960E-08	-6.503270E-08	-1.742263E-07	-2.472392E-07	-2.728262E-07	-2.472392E-07	-1.742263E-07	-6.503270E-08	+6.159960E-08	+1.794320E-07	+2.547289E-07	+2.462583E-07	+1.052910E-07	-2.243985E-07	-1.328073E-07	+6.231510E-08	+1.457447E-07	+1.507579E-07	+1.061944E-07	+3.645690E-08	-3.848874E-08	-1.031135E-07	-1.463252E-07	-1.614686E-07	-1.463252E-07	-1.031135E-07	-3.848874E-08	+3.645690E-08	+1.061944E-07	+1.507579E-07	+1.457447E-07	+6.231510E-08	-1.328073E-07	+6.869343E-09	-3.223195E-09	-7.538518E-09	-7.797824E-09	-5.492815E-09	-1.885702E-09	+1.990797E-09	+5.333457E-09	+7.568545E-09	+8.351824E-09	+7.568545E-09	+5.333457E-09	+1.990797E-09	-1.885702E-09	-5.492815E-09	-7.797824E-09	-7.538518E-09	-3.223195E-09	+6.869343E-09	+1.236482E-07	-5.801751E-08	-1.356933E-07	-1.403608E-07	-9.887067E-08	-3.394264E-08	+3.583434E-08	+9.600222E-08	+1.362338E-07	+1.503328E-07	+1.362338E-07	+9.600222E-08	+3.583434E-08	-3.394264E-08	-9.887067E-08	-1.403608E-07	-1.356933E-07	-5.801751E-08	+1.236482E-07	+1.808927E-07	-8.487747E-08	-1.985143E-07	-2.053427E-07	-1.446441E-07	-4.965682E-08	+5.242432E-08	+1.404477E-07	+1.993050E-07	+2.199314E-07	+1.993050E-07	+1.404477E-07	+5.242432E-08	-4.965682E-08	-1.446441E-07	-2.053427E-07	-1.985143E-07	-8.487747E-08	+1.808927E-07	+1.694438E-07	-7.950547E-08	-1.859501E-07	-1.923463E-07	-1.354894E-07	-4.651398E-08	+4.910632E-08	+1.315586E-07	+1.866908E-07	+2.060117E-07	+1.866908E-07	+1.315586E-07	+4.910632E-08	-4.651398E-08	-1.354894E-07	-1.923463E-07	-1.859501E-07	-7.950547E-08	+1.694438E-07	+1.007504E-07	-4.727352E-08	-1.105649E-07	-1.143681E-07	-8.056128E-08	-2.765696E-08	+2.919835E-08	+7.822403E-08	+1.110053E-07	+1.224934E-07	+1.110053E-07	+7.822403E-08	+2.919835E-08	-2.765696E-08	-8.056128E-08	-1.143681E-07	-1.105649E-07	-4.727352E-08	+1.007504E-07	+0.000000E+00	+0.000000E+00	+0.000000E+00	+0.000000E+00	+0.000000E+00	+0.000000E+00	+0.000000E+00	+0.000000E+00	+0.000000E+00	+0.000000E+00
	S	-5.764560E-08	+6.124070E-08	+7.416994E-08	+3.579788E-08	-1.578417E-08	-5.668302E-08	-7.483719E-08	-6.765063E-08	-3.962634E-08	+0.000000E+00	+3.962634E-08	+6.765063E-08	+7.483719E-08	+5.668302E-08	+1.578417E-08	-3.579788E-08	-7.416994E-08	-6.124070E-08	+5.764560E-08	+3.843040E-08	-4.082714E-08	-4.944663E-08	-2.386525E-08	+1.052278E-08	+3.778868E-08	+4.989146E-08	+4.510042E-08	+2.641756E-08	+0.000000E+00	-2.641756E-08	-4.510042E-08	-4.989146E-08	-3.778868E-08	-1.052278E-08	+2.386525E-08	+4.944663E-08	+4.082714E-08	-3.843040E-08	+5.538499E-08	-5.883911E-08	-7.126132E-08	-3.439404E-08	+1.516519E-08	+5.446015E-08	+7.190240E-08	+6.499767E-08	+3.807236E-08	+0.000000E+00	-3.807236E-08	-6.499767E-08	-7.190240E-08	-5.446015E-08	-1.516519E-08	+3.439404E-08	+7.126132E-08	+5.883911E-08	-5.538499E-08	+3.277887E-08	-3.482314E-08	-4.217507E-08	-2.035566E-08	+8.975315E-09	+3.223152E-08	+4.255448E-08	+3.846801E-08	+2.253262E-08	+0.000000E+00	-2.253262E-08	-3.846801E-08	-4.255448E-08	-3.223152E-08	-8.975315E-09	+2.035566E-08	+4.217507E-08	+3.482314E-08	-3.277887E-08	-1.695459E-09	+1.801197E-09	+2.181469E-09	+1.052879E-09	-4.642404E-10	-1.667148E-09	-2.201094E-09	-1.989724E-09	-1.165481E-09	+0.000000E+00	+1.165481E-09	+1.989724E-09	+2.201094E-09	+1.667148E-09	+4.642404E-10	-1.052879E-09	-2.181469E-09	-1.801197E-09	+1.695459E-09	-3.051826E-08	+3.242155E-08	+3.926644E-08	+1.895182E-08	-8.356328E-09	-3.000866E-08	-3.961969E-08	-3.581504E-08	-2.097865E-08	+0.000000E+00	+2.097865E-08	+3.581504E-08	+3.961969E-08	+3.000866E-08	+8.356328E-09	-1.895182E-08	-3.926644E-08	-3.242155E-08	+3.051826E-08	-4.464708E-08	+4.743152E-08	+5.744535E-08	+2.772581E-08	-1.222500E-08	-4.390155E-08	-5.796214E-08	-5.239608E-08	-3.069099E-08	+0.000000E+00	+3.069099E-08	+5.239608E-08	+5.796214E-08	+4.390155E-08	+1.222500E-08	-2.772581E-08	-5.744535E-08	-4.743152E-08	+4.464708E-08	-4.182132E-08	+4.442953E-08	+5.380957E-08	+2.597101E-08	-1.145126E-08	-4.112297E-08	-5.429365E-08	-4.907987E-08	-2.874852E-08	+0.000000E+00	+2.874852E-08	+4.907987E-08	+5.429365E-08	+4.112297E-08	+1.145126E-08	-2.597101E-08	-5.380957E-08	-4.442953E-08	+4.182132E-08	-2.486673E-08	+2.641756E-08	+3.199488E-08	+1.544222E-08	-6.808860E-09	-2.445150E-08	-3.228271E-08	-2.918263E-08	-1.709371E-08	+0.000000E+00	+1.709371E-08	+2.918263E-08	+3.228271E-08	+2.445150E-08	+6.808860E-09	-1.544222E-08	-3.199488E-08	-2.641756E-08	+2.486673E-08	+0.000000E+00	+0.000000E+00	+0.000000E+00	+0.000000E+00	+0.000000E+00	+0.000000E+00	+0.000000E+00	+0.000000E+00	+0.000000E+00	+0.000000E+00
	A	-4.462885E-09	+4.958761E-10	+2.829411E-09	+3.303410E-09	+2.581473E-09	+1.225106E-09	-3.062764E-10	-1.655351E-09	-2.566888E-09	-2.887749E-09	-2.566888E-09	-1.655351E-09	-3.062764E-10	+1.225106E-09	+2.581473E-09	+3.303410E-09	+2.829411E-09	+4.958761E-10	-4.462885E-09	+2.975257E-09	-3.305841E-10	-1.886274E-09	-2.202273E-09	-1.720982E-09	-8.167372E-10	+2.041843E-10	+1.103567E-09	+1.711259E-09	+1.925166E-09	+1.711259E-09	+1.103567E-09	+2.041843E-10	-8.167372E-10	-1.720982E-09	-2.202273E-09	-1.886274E-09	-3.305841E-10	+2.975257E-09	+4.287870E-09	-4.764300E-10	-2.718454E-09	-3.173865E-09	-2.480239E-09	-1.177062E-09	+2.942656E-10	+1.590435E-09	+2.466226E-09	+2.774504E-09	+2.466226E-09	+1.590435E-09	+2.942656E-10	-1.177062E-09	-2.480239E-09	-3.173865E-09	-2.718454E-09	-4.764300E-10	+4.287870E-09	+2.537719E-09	-2.819688E-10	-1.608881E-09	-1.878410E-09	-1.467896E-09	-6.966288E-10	+1.741572E-10	+9.412781E-10	+1.459603E-09	+1.642054E-09	+1.459603E-09	+9.412781E-10	+1.741572E-10	-6.966288E-10	-1.467896E-09	-1.878410E-09	-1.608881E-09	-2.819688E-10	+2.537719E-09	-1.312613E-10	+1.458459E-11	+8.321797E-11	+9.715912E-11	+7.592567E-11	+3.603252E-11	-9.008130E-12	-4.868680E-11	-7.549671E-11	-8.493380E-11	-7.549671E-11	-4.868680E-11	-9.008130E-12	+3.603252E-11	+7.592567E-11	+9.715912E-11	+8.321797E-11	+1.458459E-11	-1.312613E-10	-2.362704E-09	+2.625227E-10	+1.497923E-09	+1.748864E-09	+1.366662E-09	+6.485854E-10	-1.621463E-10	-8.763624E-10	-1.358941E-09	-1.528808E-09	-1.358941E-09	-8.763624E-10	-1.621463E-10	+6.485854E-10	+1.366662E-09	+1.748864E-09	+1.497923E-09	+2.625227E-10	-2.362704E-09	-3.456548E-09	+3.840609E-10	+2.191406E-09	+2.558524E-09	+1.999376E-09	+9.488564E-10	-2.372141E-10	-1.282086E-09	-1.988080E-09	-2.236590E-09	-1.988080E-09	-1.282086E-09	-2.372141E-10	+9.488564E-10	+1.999376E-09	+2.558524E-09	+2.191406E-09	+3.840609E-10	-3.456548E-09	-3.237779E-09	+3.597533E-10	+2.052710E-09	+2.396592E-09	+1.872833E-09	+8.888022E-10	-2.222006E-10	-1.200941E-09	-1.862252E-09	-2.095034E-09	-1.862252E-09	-1.200941E-09	-2.222006E-10	+8.888022E-10	+1.872833E-09	+2.396592E-09	+2.052710E-09	+3.597533E-10	-3.237779E-09	-1.925166E-09	+2.139074E-10	+1.220530E-09	+1.425000E-09	+1.113577E-09	+5.284770E-10	-1.321192E-10	-7.140731E-10	-1.107285E-09	-1.245696E-09	-1.107285E-09	-7.140731E-10	-1.321192E-10	+5.284770E-10	+1.113577E-09	+1.425000E-09	+1.220530E-09	+2.139074E-10	-1.925166E-09	+0.000000E+00	+0.000000E+00	+0.000000E+00	+0.000000E+00	+0.000000E+00	+0.000000E+00	+0.000000E+00	+0.000000E+00	+0.000000E+00	+0.000000E+00
	S	+8.181956E-10	-5.454637E-10	-7.861095E-10	-4.652485E-10	+2.406458E-11	+4.331624E-10	+6.337005E-10	+5.935929E-10	+3.529471E-10	+0.000000E+00	-3.529471E-10	-5.935929E-10	-6.337005E-10	-4.331624E-10	-2.406458E-11	+4.652485E-10	+7.861095E-10	+5.454637E-10	-8.181956E-10	-5.454637E-10	+3.636425E-10	+5.240730E-10	+3.101657E-10	-1.604305E-11	-2.887749E-10	-4.224670E-10	-3.957286E-10	-2.352981E-10	+0.000000E+00	+2.352981E-10	+3.957286E-10	+4.224670E-10	+2.887749E-10	+1.604305E-11	-3.101657E-10	-5.240730E-10	-3.636425E-10	+5.454637E-10	-7.861095E-10	+5.240730E-10	+7.552817E-10	+4.470035E-10	-2.312087E-11	-4.161756E-10	-6.088495E-10	-5.703148E-10	-3.391061E-10	+0.000000E+00	+3.391061E-10	+5.703148E-10	+6.088495E-10	+4.161756E-10	+2.312087E-11	-4.470035E-10	-7.552817E-10	-5.240730E-10	+7.861095E-10	-4.652485E-10	+3.101657E-10	+4.470035E-10	+2.645531E-10	-1.368378E-11	-2.463080E-10	-3.603395E-10	-3.375332E-10	-2.006954E-10	+0.000000E+00	+2.006954E-10	+3.375332E-10	+3.603395E-10	+2.463080E-10	+1.368378E-11	-2.645531E-10	-4.470035E-10	-3.101657E-10	+4.652485E-10	+2.406458E-11	-1.604305E-11	-2.312087E-11	-1.368378E-11	+7.077817E-13	+1.274007E-11	+1.863825E-11	+1.745861E-11	+1.038080E-11	+0.000000E+00	-1.038080E-11	-1.745861E-11	-1.863825E-11	-1.274007E-11	-7.077817E-13	+1.368378E-11	+2.312087E-11	+1.604305E-11	-2.406458E-11	+4.331624E-10	-2.887749E-10	-4.161756E-10	-2.463080E-10	+1.274007E-11	+2.293213E-10	+3.354885E-10	+3.142551E-10	+1.868544E-10	+0.000000E+00	-1.868544E-10	-3.142551E-10	-3.354885E-10	-2.293213E-10	-1.274007E-11	+2.463080E-10	+4.161756E-10	+2.887749E-10	-4.331624E-10	+6.337005E-10	-4.224670E-10	-6.088495E-10	-3.603395E-10	+1.863825E-11	+3.354885E-10	+4.908073E-10	+4.597435E-10	+2.733610E-10	+0.000000E+00	-2.733610E-10	-4.597435E-10	-4.908073E-10	-3.354885E-10	-1.863825E-11	+3.603395E-10	+6.088495E-10	+4.224670E-10	-6.337005E-10	+5.935929E-10	-3.957286E-10	-5.703148E-10	-3.375332E-10	+1.745861E-11	+3.142551E-10	+4.597435E-10	+4.306458E-10	+2.560597E-10	+0.000000E+00	-2.560597E-10	-4.306458E-10	-4.597435E-10	-3.142551E-10	-1.745861E-11	+3.375332E-10	+5.703148E-10	+3.957286E-10	-5.935929E-10	+3.529471E-10	-2.352981E-10	-3.391061E-10	-2.006954E-10	+1.038080E-11	+1.868544E-10	+2.733610E-10	+2.560597E-10	+1.522517E-10	+0.000000E+00	-1.522517E-10	-2.560597E-10	-2.733610E-10	-1.868544E-10	-1.038080E-11	+2.006954E-10	+3.391061E-10	+2.352981E-10	-3.529471E-10	+0.000000E+00	+0.000000E+00	+0.000000E+00	+0.000000E+00	+0.000000E+00	+0.000000E+00	+0.000000E+00	+0.000000E+00	+0.000000E+00	+0.000000E+00
# Matrix ends.
#
#
# ---------------------------------- LICENSE NOTICE -----------------------------------
# THIS DATA IS RELEASED UNDER THE CREATIVE COMMONS LICENSE "CC BY-NC-SA 4.0".
#   This license lets you remix, tweak, and build upon this work non-commercially,
#   as long as you credit me and license your new creations under the terms identical
#   to the current license.
# SEE "https://creativecommons.org/licenses/by-nc-sa/4.0" FOR DETAILS.
#
# RELEASED BY: Chandra Shekhar
#      E-mail: chandraiitk[AT]yahoo[DOT]co[DOT]in
#    Homepage: https://sites.google.com/site/chandraacads
# FOR ANY QUESTION OR COMMENT, OR FOR A COMMERCIAL LICENSE, PLEASE EMAIL ME.
#
# For additional details, please visit my homepage.
#
# ==================================== End of File ====================================
