# ================================== Start of File ====================================
# Spatial dimensions = 2
# Kernel size = 27x27
# Polynomial order = 3x3
# Size of the convolution coefficient matrix = 16x729
#
# Column# 1:
#    S/A => The left and the right halves of the row are symmetric(S)/anti-symmetric(A) about the middle column.
#           If symmetric elements on the right half, their signs are same as the corresponding elements on the left side.
#           If anti-symmetric elements, the signs are opposite.
# Column# 2~365 = the left-half columns of the row.
# Column# 366 = the middle column of the row.
# Column# 367~730, which are the right-half columns, are not stored, because they are symmetric/anti-symmetric
#           of the elements in the column# 365~2, respectively.
# Matrix starts:
	S	+2.113886E-03	+1.233100E-03	+4.227771E-04	-3.170828E-04	-9.864799E-04	-1.585414E-03	-2.113886E-03	-2.571894E-03	-2.959440E-03	-3.276523E-03	-3.523143E-03	-3.699300E-03	-3.804994E-03	-3.840225E-03	-3.804994E-03	-3.699300E-03	-3.523143E-03	-3.276523E-03	-2.959440E-03	-2.571894E-03	-2.113886E-03	-1.585414E-03	-9.864799E-04	-3.170828E-04	+4.227771E-04	+1.233100E-03	+2.113886E-03	+1.233100E-03	+7.193083E-04	+2.466200E-04	-1.849650E-04	-5.754466E-04	-9.248249E-04	-1.233100E-03	-1.500272E-03	-1.726340E-03	-1.911305E-03	-2.055167E-03	-2.157925E-03	-2.219580E-03	-2.240132E-03	-2.219580E-03	-2.157925E-03	-2.055167E-03	-1.911305E-03	-1.726340E-03	-1.500272E-03	-1.233100E-03	-9.248249E-04	-5.754466E-04	-1.849650E-04	+2.466200E-04	+7.193083E-04	+1.233100E-03	+4.227771E-04	+2.466200E-04	+8.455542E-05	-6.341657E-05	-1.972960E-04	-3.170828E-04	-4.227771E-04	-5.143788E-04	-5.918880E-04	-6.553045E-04	-7.046285E-04	-7.398600E-04	-7.609988E-04	-7.680451E-04	-7.609988E-04	-7.398600E-04	-7.046285E-04	-6.553045E-04	-5.918880E-04	-5.143788E-04	-4.227771E-04	-3.170828E-04	-1.972960E-04	-6.341657E-05	+8.455542E-05	+2.466200E-04	+4.227771E-04	-3.170828E-04	-1.849650E-04	-6.341657E-05	+4.756243E-05	+1.479720E-04	+2.378121E-04	+3.170828E-04	+3.857841E-04	+4.439160E-04	+4.914784E-04	+5.284714E-04	+5.548950E-04	+5.707491E-04	+5.760338E-04	+5.707491E-04	+5.548950E-04	+5.284714E-04	+4.914784E-04	+4.439160E-04	+3.857841E-04	+3.170828E-04	+2.378121E-04	+1.479720E-04	+4.756243E-05	-6.341657E-05	-1.849650E-04	-3.170828E-04	-9.864799E-04	-5.754466E-04	-1.972960E-04	+1.479720E-04	+4.603573E-04	+7.398600E-04	+9.864799E-04	+1.200217E-03	+1.381072E-03	+1.529044E-03	+1.644133E-03	+1.726340E-03	+1.775664E-03	+1.792105E-03	+1.775664E-03	+1.726340E-03	+1.644133E-03	+1.529044E-03	+1.381072E-03	+1.200217E-03	+9.864799E-04	+7.398600E-04	+4.603573E-04	+1.479720E-04	-1.972960E-04	-5.754466E-04	-9.864799E-04	-1.585414E-03	-9.248249E-04	-3.170828E-04	+2.378121E-04	+7.398600E-04	+1.189061E-03	+1.585414E-03	+1.928921E-03	+2.219580E-03	+2.457392E-03	+2.642357E-03	+2.774475E-03	+2.853746E-03	+2.880169E-03	+2.853746E-03	+2.774475E-03	+2.642357E-03	+2.457392E-03	+2.219580E-03	+1.928921E-03	+1.585414E-03	+1.189061E-03	+7.398600E-04	+2.378121E-04	-3.170828E-04	-9.248249E-04	-1.585414E-03	-2.113886E-03	-1.233100E-03	-4.227771E-04	+3.170828E-04	+9.864799E-04	+1.585414E-03	+2.113886E-03	+2.571894E-03	+2.959440E-03	+3.276523E-03	+3.523143E-03	+3.699300E-03	+3.804994E-03	+3.840225E-03	+3.804994E-03	+3.699300E-03	+3.523143E-03	+3.276523E-03	+2.959440E-03	+2.571894E-03	+2.113886E-03	+1.585414E-03	+9.864799E-04	+3.170828E-04	-4.227771E-04	-1.233100E-03	-2.113886E-03	-2.571894E-03	-1.500272E-03	-5.143788E-04	+3.857841E-04	+1.200217E-03	+1.928921E-03	+2.571894E-03	+3.129138E-03	+3.600652E-03	+3.986436E-03	+4.286490E-03	+4.500815E-03	+4.629409E-03	+4.672274E-03	+4.629409E-03	+4.500815E-03	+4.286490E-03	+3.986436E-03	+3.600652E-03	+3.129138E-03	+2.571894E-03	+1.928921E-03	+1.200217E-03	+3.857841E-04	-5.143788E-04	-1.500272E-03	-2.571894E-03	-2.959440E-03	-1.726340E-03	-5.918880E-04	+4.439160E-04	+1.381072E-03	+2.219580E-03	+2.959440E-03	+3.600652E-03	+4.143216E-03	+4.587132E-03	+4.932400E-03	+5.179020E-03	+5.326992E-03	+5.376316E-03	+5.326992E-03	+5.179020E-03	+4.932400E-03	+4.587132E-03	+4.143216E-03	+3.600652E-03	+2.959440E-03	+2.219580E-03	+1.381072E-03	+4.439160E-04	-5.918880E-04	-1.726340E-03	-2.959440E-03	-3.276523E-03	-1.911305E-03	-6.553045E-04	+4.914784E-04	+1.529044E-03	+2.457392E-03	+3.276523E-03	+3.986436E-03	+4.587132E-03	+5.078610E-03	+5.460871E-03	+5.733915E-03	+5.897741E-03	+5.952349E-03	+5.897741E-03	+5.733915E-03	+5.460871E-03	+5.078610E-03	+4.587132E-03	+3.986436E-03	+3.276523E-03	+2.457392E-03	+1.529044E-03	+4.914784E-04	-6.553045E-04	-1.911305E-03	-3.276523E-03	-3.523143E-03	-2.055167E-03	-7.046285E-04	+5.284714E-04	+1.644133E-03	+2.642357E-03	+3.523143E-03	+4.286490E-03	+4.932400E-03	+5.460871E-03	+5.871904E-03	+6.165500E-03	+6.341657E-03	+6.400376E-03	+6.341657E-03	+6.165500E-03	+5.871904E-03	+5.460871E-03	+4.932400E-03	+4.286490E-03	+3.523143E-03	+2.642357E-03	+1.644133E-03	+5.284714E-04	-7.046285E-04	-2.055167E-03	-3.523143E-03	-3.699300E-03	-2.157925E-03	-7.398600E-04	+5.548950E-04	+1.726340E-03	+2.774475E-03	+3.699300E-03	+4.500815E-03	+5.179020E-03	+5.733915E-03	+6.165500E-03	+6.473775E-03	+6.658740E-03	+6.720395E-03	+6.658740E-03	+6.473775E-03	+6.165500E-03	+5.733915E-03	+5.179020E-03	+4.500815E-03	+3.699300E-03	+2.774475E-03	+1.726340E-03	+5.548950E-04	-7.398600E-04	-2.157925E-03	-3.699300E-03	-3.804994E-03	-2.219580E-03	-7.609988E-04	+5.707491E-04	+1.775664E-03	+2.853746E-03	+3.804994E-03	+4.629409E-03	+5.326992E-03	+5.897741E-03	+6.341657E-03	+6.658740E-03	+6.848989E-03	+6.912406E-03	+6.848989E-03	+6.658740E-03	+6.341657E-03	+5.897741E-03	+5.326992E-03	+4.629409E-03	+3.804994E-03	+2.853746E-03	+1.775664E-03	+5.707491E-04	-7.609988E-04	-2.219580E-03	-3.804994E-03	-3.840225E-03	-2.240132E-03	-7.680451E-04	+5.760338E-04	+1.792105E-03	+2.880169E-03	+3.840225E-03	+4.672274E-03	+5.376316E-03	+5.952349E-03	+6.400376E-03	+6.720395E-03	+6.912406E-03	+6.976410E-03
	A	-7.018324E-04	-2.375648E-04	+1.282355E-04	+4.037741E-04	+5.972566E-04	+7.168885E-04	+7.708757E-04	+7.674235E-04	+7.147377E-04	+6.210238E-04	+4.944875E-04	+3.433343E-04	+1.757700E-04	+0.000000E+00	-1.757700E-04	-3.433343E-04	-4.944875E-04	-6.210238E-04	-7.147377E-04	-7.674235E-04	-7.708757E-04	-7.168885E-04	-5.972566E-04	-4.037741E-04	-1.282355E-04	+2.375648E-04	+7.018324E-04	-4.094022E-04	-1.385795E-04	+7.480405E-05	+2.355349E-04	+3.483997E-04	+4.181850E-04	+4.496775E-04	+4.476637E-04	+4.169303E-04	+3.622639E-04	+2.884510E-04	+2.002784E-04	+1.025325E-04	+0.000000E+00	-1.025325E-04	-2.002784E-04	-2.884510E-04	-3.622639E-04	-4.169303E-04	-4.476637E-04	-4.496775E-04	-4.181850E-04	-3.483997E-04	-2.355349E-04	-7.480405E-05	+1.385795E-04	+4.094022E-04	-1.403665E-04	-4.751296E-05	+2.564710E-05	+8.075482E-05	+1.194513E-04	+1.433777E-04	+1.541751E-04	+1.534847E-04	+1.429475E-04	+1.242048E-04	+9.889750E-05	+6.866687E-05	+3.515399E-05	+0.000000E+00	-3.515399E-05	-6.866687E-05	-9.889750E-05	-1.242048E-04	-1.429475E-04	-1.534847E-04	-1.541751E-04	-1.433777E-04	-1.194513E-04	-8.075482E-05	-2.564710E-05	+4.751296E-05	+1.403665E-04	+1.052749E-04	+3.563472E-05	-1.923533E-05	-6.056611E-05	-8.958848E-05	-1.075333E-04	-1.156313E-04	-1.151135E-04	-1.072107E-04	-9.315357E-05	-7.417312E-05	-5.150015E-05	-2.636550E-05	+0.000000E+00	+2.636550E-05	+5.150015E-05	+7.417312E-05	+9.315357E-05	+1.072107E-04	+1.151135E-04	+1.156313E-04	+1.075333E-04	+8.958848E-05	+6.056611E-05	+1.923533E-05	-3.563472E-05	-1.052749E-04	+3.275218E-04	+1.108636E-04	-5.984324E-05	-1.884279E-04	-2.787197E-04	-3.345480E-04	-3.597420E-04	-3.581310E-04	-3.335442E-04	-2.898111E-04	-2.307608E-04	-1.602227E-04	-8.202599E-05	+0.000000E+00	+8.202599E-05	+1.602227E-04	+2.307608E-04	+2.898111E-04	+3.335442E-04	+3.581310E-04	+3.597420E-04	+3.345480E-04	+2.787197E-04	+1.884279E-04	+5.984324E-05	-1.108636E-04	-3.275218E-04	+5.263743E-04	+1.781736E-04	-9.617663E-05	-3.028306E-04	-4.479424E-04	-5.376664E-04	-5.781567E-04	-5.755676E-04	-5.360533E-04	-4.657678E-04	-3.708656E-04	-2.575008E-04	-1.318275E-04	+0.000000E+00	+1.318275E-04	+2.575008E-04	+3.708656E-04	+4.657678E-04	+5.360533E-04	+5.755676E-04	+5.781567E-04	+5.376664E-04	+4.479424E-04	+3.028306E-04	+9.617663E-05	-1.781736E-04	-5.263743E-04	+7.018324E-04	+2.375648E-04	-1.282355E-04	-4.037741E-04	-5.972566E-04	-7.168885E-04	-7.708757E-04	-7.674235E-04	-7.147377E-04	-6.210238E-04	-4.944875E-04	-3.433343E-04	-1.757700E-04	+0.000000E+00	+1.757700E-04	+3.433343E-04	+4.944875E-04	+6.210238E-04	+7.147377E-04	+7.674235E-04	+7.708757E-04	+7.168885E-04	+5.972566E-04	+4.037741E-04	+1.282355E-04	-2.375648E-04	-7.018324E-04	+8.538961E-04	+2.890371E-04	-1.560199E-04	-4.912585E-04	-7.266622E-04	-8.722144E-04	-9.378987E-04	-9.336986E-04	-8.695975E-04	-7.555789E-04	-6.016264E-04	-4.177234E-04	-2.138535E-04	+0.000000E+00	+2.138535E-04	+4.177234E-04	+6.016264E-04	+7.555789E-04	+8.695975E-04	+9.336986E-04	+9.378987E-04	+8.722144E-04	+7.266622E-04	+4.912585E-04	+1.560199E-04	-2.890371E-04	-8.538961E-04	+9.825653E-04	+3.325907E-04	-1.795297E-04	-5.652837E-04	-8.361592E-04	-1.003644E-03	-1.079226E-03	-1.074393E-03	-1.000633E-03	-8.694333E-04	-6.922825E-04	-4.806681E-04	-2.460780E-04	+0.000000E+00	+2.460780E-04	+4.806681E-04	+6.922825E-04	+8.694333E-04	+1.000633E-03	+1.074393E-03	+1.079226E-03	+1.003644E-03	+8.361592E-04	+5.652837E-04	+1.795297E-04	-3.325907E-04	-9.825653E-04	+1.087840E-03	+3.682254E-04	-1.987650E-04	-6.258498E-04	-9.257477E-04	-1.111177E-03	-1.194857E-03	-1.189506E-03	-1.107843E-03	-9.625869E-04	-7.664556E-04	-5.321682E-04	-2.724435E-04	+0.000000E+00	+2.724435E-04	+5.321682E-04	+7.664556E-04	+9.625869E-04	+1.107843E-03	+1.189506E-03	+1.194857E-03	+1.111177E-03	+9.257477E-04	+6.258498E-04	+1.987650E-04	-3.682254E-04	-1.087840E-03	+1.169721E-03	+3.959413E-04	-2.137258E-04	-6.729568E-04	-9.954276E-04	-1.194814E-03	-1.284793E-03	-1.279039E-03	-1.191229E-03	-1.035040E-03	-8.241458E-04	-5.722239E-04	-2.929500E-04	+0.000000E+00	+2.929500E-04	+5.722239E-04	+8.241458E-04	+1.035040E-03	+1.191229E-03	+1.279039E-03	+1.284793E-03	+1.194814E-03	+9.954276E-04	+6.729568E-04	+2.137258E-04	-3.959413E-04	-1.169721E-03	+1.228207E-03	+4.157384E-04	-2.244121E-04	-7.066047E-04	-1.045199E-03	-1.254555E-03	-1.349032E-03	-1.342991E-03	-1.250791E-03	-1.086792E-03	-8.653531E-04	-6.008351E-04	-3.075975E-04	+0.000000E+00	+3.075975E-04	+6.008351E-04	+8.653531E-04	+1.086792E-03	+1.250791E-03	+1.342991E-03	+1.349032E-03	+1.254555E-03	+1.045199E-03	+7.066047E-04	+2.244121E-04	-4.157384E-04	-1.228207E-03	+1.263298E-03	+4.276166E-04	-2.308239E-04	-7.267934E-04	-1.075062E-03	-1.290399E-03	-1.387576E-03	-1.381362E-03	-1.286528E-03	-1.117843E-03	-8.900775E-04	-6.180018E-04	-3.163860E-04	+0.000000E+00	+3.163860E-04	+6.180018E-04	+8.900775E-04	+1.117843E-03	+1.286528E-03	+1.381362E-03	+1.387576E-03	+1.290399E-03	+1.075062E-03	+7.267934E-04	+2.308239E-04	-4.276166E-04	-1.263298E-03	+1.274995E-03	+4.315760E-04	-2.329612E-04	-7.335229E-04	-1.085016E-03	-1.302348E-03	-1.400424E-03	-1.394153E-03	-1.298440E-03	-1.128193E-03	-8.983189E-04	-6.237240E-04	-3.193155E-04	+0.000000E+00
	S	-6.291326E-05	-4.839482E-05	-3.503785E-05	-2.284235E-05	-1.180834E-05	-1.935793E-06	+6.775274E-06	+1.432487E-05	+2.071298E-05	+2.593962E-05	+3.000479E-05	+3.290848E-05	+3.465069E-05	+3.523143E-05	+3.465069E-05	+3.290848E-05	+3.000479E-05	+2.593962E-05	+2.071298E-05	+1.432487E-05	+6.775274E-06	-1.935793E-06	-1.180834E-05	-2.284235E-05	-3.503785E-05	-4.839482E-05	-6.291326E-05	-3.669940E-05	-2.823031E-05	-2.043874E-05	-1.332471E-05	-6.888196E-06	-1.129212E-06	+3.952243E-06	+8.356172E-06	+1.208257E-05	+1.513145E-05	+1.750279E-05	+1.919661E-05	+2.021290E-05	+2.055167E-05	+2.021290E-05	+1.919661E-05	+1.750279E-05	+1.513145E-05	+1.208257E-05	+8.356172E-06	+3.952243E-06	-1.129212E-06	-6.888196E-06	-1.332471E-05	-2.043874E-05	-2.823031E-05	-3.669940E-05	-1.258265E-05	-9.678963E-06	-7.007569E-06	-4.568471E-06	-2.361667E-06	-3.871585E-07	+1.355055E-06	+2.864973E-06	+4.142596E-06	+5.187924E-06	+6.000957E-06	+6.581695E-06	+6.930138E-06	+7.046285E-06	+6.930138E-06	+6.581695E-06	+6.000957E-06	+5.187924E-06	+4.142596E-06	+2.864973E-06	+1.355055E-06	-3.871585E-07	-2.361667E-06	-4.568471E-06	-7.007569E-06	-9.678963E-06	-1.258265E-05	+9.436989E-06	+7.259222E-06	+5.255677E-06	+3.426353E-06	+1.771250E-06	+2.903689E-07	-1.016291E-06	-2.148730E-06	-3.106947E-06	-3.890943E-06	-4.500718E-06	-4.936271E-06	-5.197603E-06	-5.284714E-06	-5.197603E-06	-4.936271E-06	-4.500718E-06	-3.890943E-06	-3.106947E-06	-2.148730E-06	-1.016291E-06	+2.903689E-07	+1.771250E-06	+3.426353E-06	+5.255677E-06	+7.259222E-06	+9.436989E-06	+2.935952E-05	+2.258425E-05	+1.635100E-05	+1.065976E-05	+5.510556E-06	+9.033699E-07	-3.161795E-06	-6.684937E-06	-9.666058E-06	-1.210516E-05	-1.400223E-05	-1.535729E-05	-1.617032E-05	-1.644133E-05	-1.617032E-05	-1.535729E-05	-1.400223E-05	-1.210516E-05	-9.666058E-06	-6.684937E-06	-3.161795E-06	+9.033699E-07	+5.510556E-06	+1.065976E-05	+1.635100E-05	+2.258425E-05	+2.935952E-05	+4.718495E-05	+3.629611E-05	+2.627839E-05	+1.713177E-05	+8.856251E-06	+1.451844E-06	-5.081456E-06	-1.074365E-05	-1.553474E-05	-1.945472E-05	-2.250359E-05	-2.468136E-05	-2.598802E-05	-2.642357E-05	-2.598802E-05	-2.468136E-05	-2.250359E-05	-1.945472E-05	-1.553474E-05	-1.074365E-05	-5.081456E-06	+1.451844E-06	+8.856251E-06	+1.713177E-05	+2.627839E-05	+3.629611E-05	+4.718495E-05	+6.291326E-05	+4.839482E-05	+3.503785E-05	+2.284235E-05	+1.180834E-05	+1.935793E-06	-6.775274E-06	-1.432487E-05	-2.071298E-05	-2.593962E-05	-3.000479E-05	-3.290848E-05	-3.465069E-05	-3.523143E-05	-3.465069E-05	-3.290848E-05	-3.000479E-05	-2.593962E-05	-2.071298E-05	-1.432487E-05	-6.775274E-06	+1.935793E-06	+1.180834E-05	+2.284235E-05	+3.503785E-05	+4.839482E-05	+6.291326E-05	+7.654447E-05	+5.888036E-05	+4.262938E-05	+2.779153E-05	+1.436681E-05	+2.355214E-06	-8.243250E-06	-1.742859E-05	-2.520079E-05	-3.155987E-05	-3.650582E-05	-4.003864E-05	-4.215834E-05	-4.286490E-05	-4.215834E-05	-4.003864E-05	-3.650582E-05	-3.155987E-05	-2.520079E-05	-1.742859E-05	-8.243250E-06	+2.355214E-06	+1.436681E-05	+2.779153E-05	+4.262938E-05	+5.888036E-05	+7.654447E-05	+8.807857E-05	+6.775274E-05	+4.905299E-05	+3.197929E-05	+1.653167E-05	+2.710110E-06	-9.485384E-06	-2.005481E-05	-2.899817E-05	-3.631547E-05	-4.200670E-05	-4.607187E-05	-4.851096E-05	-4.932400E-05	-4.851096E-05	-4.607187E-05	-4.200670E-05	-3.631547E-05	-2.899817E-05	-2.005481E-05	-9.485384E-06	+2.710110E-06	+1.653167E-05	+3.197929E-05	+4.905299E-05	+6.775274E-05	+8.807857E-05	+9.751556E-05	+7.501197E-05	+5.430866E-05	+3.540565E-05	+1.830292E-05	+3.000479E-06	-1.050168E-05	-2.220354E-05	-3.210512E-05	-4.020641E-05	-4.650742E-05	-5.100814E-05	-5.370857E-05	-5.460871E-05	-5.370857E-05	-5.100814E-05	-4.650742E-05	-4.020641E-05	-3.210512E-05	-2.220354E-05	-1.050168E-05	+3.000479E-06	+1.830292E-05	+3.540565E-05	+5.430866E-05	+7.501197E-05	+9.751556E-05	+1.048554E-04	+8.065803E-05	+5.839641E-05	+3.807059E-05	+1.968056E-05	+3.226321E-06	-1.129212E-05	-2.387478E-05	-3.452164E-05	-4.323270E-05	-5.000798E-05	-5.484746E-05	-5.775115E-05	-5.871904E-05	-5.775115E-05	-5.484746E-05	-5.000798E-05	-4.323270E-05	-3.452164E-05	-2.387478E-05	-1.129212E-05	+3.226321E-06	+1.968056E-05	+3.807059E-05	+5.839641E-05	+8.065803E-05	+1.048554E-04	+1.100982E-04	+8.469093E-05	+6.131623E-05	+3.997412E-05	+2.066459E-05	+3.387637E-06	-1.185673E-05	-2.506851E-05	-3.624772E-05	-4.539434E-05	-5.250838E-05	-5.758983E-05	-6.063871E-05	-6.165500E-05	-6.063871E-05	-5.758983E-05	-5.250838E-05	-4.539434E-05	-3.624772E-05	-2.506851E-05	-1.185673E-05	+3.387637E-06	+2.066459E-05	+3.997412E-05	+6.131623E-05	+8.469093E-05	+1.100982E-04	+1.132439E-04	+8.711067E-05	+6.306812E-05	+4.111624E-05	+2.125500E-05	+3.484427E-06	-1.219549E-05	-2.578476E-05	-3.728337E-05	-4.669132E-05	-5.400862E-05	-5.923526E-05	-6.237124E-05	-6.341657E-05	-6.237124E-05	-5.923526E-05	-5.400862E-05	-4.669132E-05	-3.728337E-05	-2.578476E-05	-1.219549E-05	+3.484427E-06	+2.125500E-05	+4.111624E-05	+6.306812E-05	+8.711067E-05	+1.132439E-04	+1.142924E-04	+8.791725E-05	+6.365209E-05	+4.149694E-05	+2.145181E-05	+3.516690E-06	-1.230842E-05	-2.602351E-05	-3.762858E-05	-4.712365E-05	-5.450870E-05	-5.978373E-05	-6.294875E-05	-6.400376E-05
	A	+9.786507E-06	+5.269658E-06	+1.656178E-06	-1.129212E-06	-3.161795E-06	-4.516850E-06	-5.269658E-06	-5.495500E-06	-5.269658E-06	-4.667411E-06	-3.764041E-06	-2.634829E-06	-1.355055E-06	+0.000000E+00	+1.355055E-06	+2.634829E-06	+3.764041E-06	+4.667411E-06	+5.269658E-06	+5.495500E-06	+5.269658E-06	+4.516850E-06	+3.161795E-06	+1.129212E-06	-1.656178E-06	-5.269658E-06	-9.786507E-06	+5.708796E-06	+3.073967E-06	+9.661039E-07	-6.587072E-07	-1.844380E-06	-2.634829E-06	-3.073967E-06	-3.205708E-06	-3.073967E-06	-2.722657E-06	-2.195691E-06	-1.536984E-06	-7.904487E-07	+0.000000E+00	+7.904487E-07	+1.536984E-06	+2.195691E-06	+2.722657E-06	+3.073967E-06	+3.205708E-06	+3.073967E-06	+2.634829E-06	+1.844380E-06	+6.587072E-07	-9.661039E-07	-3.073967E-06	-5.708796E-06	+1.957301E-06	+1.053932E-06	+3.312356E-07	-2.258425E-07	-6.323589E-07	-9.033699E-07	-1.053932E-06	-1.099100E-06	-1.053932E-06	-9.334822E-07	-7.528083E-07	-5.269658E-07	-2.710110E-07	+0.000000E+00	+2.710110E-07	+5.269658E-07	+7.528083E-07	+9.334822E-07	+1.053932E-06	+1.099100E-06	+1.053932E-06	+9.033699E-07	+6.323589E-07	+2.258425E-07	-3.312356E-07	-1.053932E-06	-1.957301E-06	-1.467976E-06	-7.904487E-07	-2.484267E-07	+1.693819E-07	+4.742692E-07	+6.775274E-07	+7.904487E-07	+8.243250E-07	+7.904487E-07	+7.001117E-07	+5.646062E-07	+3.952243E-07	+2.032582E-07	+0.000000E+00	-2.032582E-07	-3.952243E-07	-5.646062E-07	-7.001117E-07	-7.904487E-07	-8.243250E-07	-7.904487E-07	-6.775274E-07	-4.742692E-07	-1.693819E-07	+2.484267E-07	+7.904487E-07	+1.467976E-06	-4.567037E-06	-2.459174E-06	-7.728831E-07	+5.269658E-07	+1.475504E-06	+2.107863E-06	+2.459174E-06	+2.564567E-06	+2.459174E-06	+2.178125E-06	+1.756553E-06	+1.229587E-06	+6.323589E-07	+0.000000E+00	-6.323589E-07	-1.229587E-06	-1.756553E-06	-2.178125E-06	-2.459174E-06	-2.564567E-06	-2.459174E-06	-2.107863E-06	-1.475504E-06	-5.269658E-07	+7.728831E-07	+2.459174E-06	+4.567037E-06	-7.339881E-06	-3.952243E-06	-1.242134E-06	+8.469093E-07	+2.371346E-06	+3.387637E-06	+3.952243E-06	+4.121625E-06	+3.952243E-06	+3.500558E-06	+2.823031E-06	+1.976122E-06	+1.016291E-06	+0.000000E+00	-1.016291E-06	-1.976122E-06	-2.823031E-06	-3.500558E-06	-3.952243E-06	-4.121625E-06	-3.952243E-06	-3.387637E-06	-2.371346E-06	-8.469093E-07	+1.242134E-06	+3.952243E-06	+7.339881E-06	-9.786507E-06	-5.269658E-06	-1.656178E-06	+1.129212E-06	+3.161795E-06	+4.516850E-06	+5.269658E-06	+5.495500E-06	+5.269658E-06	+4.667411E-06	+3.764041E-06	+2.634829E-06	+1.355055E-06	+0.000000E+00	-1.355055E-06	-2.634829E-06	-3.764041E-06	-4.667411E-06	-5.269658E-06	-5.495500E-06	-5.269658E-06	-4.516850E-06	-3.161795E-06	-1.129212E-06	+1.656178E-06	+5.269658E-06	+9.786507E-06	-1.190692E-05	-6.411417E-06	-2.015017E-06	+1.373875E-06	+3.846850E-06	+5.495500E-06	+6.411417E-06	+6.686192E-06	+6.411417E-06	+5.678684E-06	+4.579584E-06	+3.205708E-06	+1.648650E-06	+0.000000E+00	-1.648650E-06	-3.205708E-06	-4.579584E-06	-5.678684E-06	-6.411417E-06	-6.686192E-06	-6.411417E-06	-5.495500E-06	-3.846850E-06	-1.373875E-06	+2.015017E-06	+6.411417E-06	+1.190692E-05	-1.370111E-05	-7.377521E-06	-2.318649E-06	+1.580897E-06	+4.426513E-06	+6.323589E-06	+7.377521E-06	+7.693700E-06	+7.377521E-06	+6.534376E-06	+5.269658E-06	+3.688760E-06	+1.897077E-06	+0.000000E+00	-1.897077E-06	-3.688760E-06	-5.269658E-06	-6.534376E-06	-7.377521E-06	-7.693700E-06	-7.377521E-06	-6.323589E-06	-4.426513E-06	-1.580897E-06	+2.318649E-06	+7.377521E-06	+1.370111E-05	-1.516909E-05	-8.167970E-06	-2.567076E-06	+1.750279E-06	+4.900782E-06	+7.001117E-06	+8.167970E-06	+8.518025E-06	+8.167970E-06	+7.234487E-06	+5.834264E-06	+4.083985E-06	+2.100335E-06	+0.000000E+00	-2.100335E-06	-4.083985E-06	-5.834264E-06	-7.234487E-06	-8.167970E-06	-8.518025E-06	-8.167970E-06	-7.001117E-06	-4.900782E-06	-1.750279E-06	+2.567076E-06	+8.167970E-06	+1.516909E-05	-1.631085E-05	-8.782763E-06	-2.760297E-06	+1.882021E-06	+5.269658E-06	+7.528083E-06	+8.782763E-06	+9.159167E-06	+8.782763E-06	+7.779019E-06	+6.273402E-06	+4.391381E-06	+2.258425E-06	+0.000000E+00	-2.258425E-06	-4.391381E-06	-6.273402E-06	-7.779019E-06	-8.782763E-06	-9.159167E-06	-8.782763E-06	-7.528083E-06	-5.269658E-06	-1.882021E-06	+2.760297E-06	+8.782763E-06	+1.631085E-05	-1.712639E-05	-9.221901E-06	-2.898312E-06	+1.976122E-06	+5.533141E-06	+7.904487E-06	+9.221901E-06	+9.617125E-06	+9.221901E-06	+8.167970E-06	+6.587072E-06	+4.610951E-06	+2.371346E-06	+0.000000E+00	-2.371346E-06	-4.610951E-06	-6.587072E-06	-8.167970E-06	-9.221901E-06	-9.617125E-06	-9.221901E-06	-7.904487E-06	-5.533141E-06	-1.976122E-06	+2.898312E-06	+9.221901E-06	+1.712639E-05	-1.761571E-05	-9.485384E-06	-2.981121E-06	+2.032582E-06	+5.691230E-06	+8.130329E-06	+9.485384E-06	+9.891900E-06	+9.485384E-06	+8.401340E-06	+6.775274E-06	+4.742692E-06	+2.439099E-06	+0.000000E+00	-2.439099E-06	-4.742692E-06	-6.775274E-06	-8.401340E-06	-9.485384E-06	-9.891900E-06	-9.485384E-06	-8.130329E-06	-5.691230E-06	-2.032582E-06	+2.981121E-06	+9.485384E-06	+1.761571E-05	-1.777882E-05	-9.573212E-06	-3.008724E-06	+2.051403E-06	+5.743927E-06	+8.205610E-06	+9.573212E-06	+9.983492E-06	+9.573212E-06	+8.479130E-06	+6.838008E-06	+4.786606E-06	+2.461683E-06	+0.000000E+00
	A	-7.018324E-04	-4.094022E-04	-1.403665E-04	+1.052749E-04	+3.275218E-04	+5.263743E-04	+7.018324E-04	+8.538961E-04	+9.825653E-04	+1.087840E-03	+1.169721E-03	+1.228207E-03	+1.263298E-03	+1.274995E-03	+1.263298E-03	+1.228207E-03	+1.169721E-03	+1.087840E-03	+9.825653E-04	+8.538961E-04	+7.018324E-04	+5.263743E-04	+3.275218E-04	+1.052749E-04	-1.403665E-04	-4.094022E-04	-7.018324E-04	-2.375648E-04	-1.385795E-04	-4.751296E-05	+3.563472E-05	+1.108636E-04	+1.781736E-04	+2.375648E-04	+2.890371E-04	+3.325907E-04	+3.682254E-04	+3.959413E-04	+4.157384E-04	+4.276166E-04	+4.315760E-04	+4.276166E-04	+4.157384E-04	+3.959413E-04	+3.682254E-04	+3.325907E-04	+2.890371E-04	+2.375648E-04	+1.781736E-04	+1.108636E-04	+3.563472E-05	-4.751296E-05	-1.385795E-04	-2.375648E-04	+1.282355E-04	+7.480405E-05	+2.564710E-05	-1.923533E-05	-5.984324E-05	-9.617663E-05	-1.282355E-04	-1.560199E-04	-1.795297E-04	-1.987650E-04	-2.137258E-04	-2.244121E-04	-2.308239E-04	-2.329612E-04	-2.308239E-04	-2.244121E-04	-2.137258E-04	-1.987650E-04	-1.795297E-04	-1.560199E-04	-1.282355E-04	-9.617663E-05	-5.984324E-05	-1.923533E-05	+2.564710E-05	+7.480405E-05	+1.282355E-04	+4.037741E-04	+2.355349E-04	+8.075482E-05	-6.056611E-05	-1.884279E-04	-3.028306E-04	-4.037741E-04	-4.912585E-04	-5.652837E-04	-6.258498E-04	-6.729568E-04	-7.066047E-04	-7.267934E-04	-7.335229E-04	-7.267934E-04	-7.066047E-04	-6.729568E-04	-6.258498E-04	-5.652837E-04	-4.912585E-04	-4.037741E-04	-3.028306E-04	-1.884279E-04	-6.056611E-05	+8.075482E-05	+2.355349E-04	+4.037741E-04	+5.972566E-04	+3.483997E-04	+1.194513E-04	-8.958848E-05	-2.787197E-04	-4.479424E-04	-5.972566E-04	-7.266622E-04	-8.361592E-04	-9.257477E-04	-9.954276E-04	-1.045199E-03	-1.075062E-03	-1.085016E-03	-1.075062E-03	-1.045199E-03	-9.954276E-04	-9.257477E-04	-8.361592E-04	-7.266622E-04	-5.972566E-04	-4.479424E-04	-2.787197E-04	-8.958848E-05	+1.194513E-04	+3.483997E-04	+5.972566E-04	+7.168885E-04	+4.181850E-04	+1.433777E-04	-1.075333E-04	-3.345480E-04	-5.376664E-04	-7.168885E-04	-8.722144E-04	-1.003644E-03	-1.111177E-03	-1.194814E-03	-1.254555E-03	-1.290399E-03	-1.302348E-03	-1.290399E-03	-1.254555E-03	-1.194814E-03	-1.111177E-03	-1.003644E-03	-8.722144E-04	-7.168885E-04	-5.376664E-04	-3.345480E-04	-1.075333E-04	+1.433777E-04	+4.181850E-04	+7.168885E-04	+7.708757E-04	+4.496775E-04	+1.541751E-04	-1.156313E-04	-3.597420E-04	-5.781567E-04	-7.708757E-04	-9.378987E-04	-1.079226E-03	-1.194857E-03	-1.284793E-03	-1.349032E-03	-1.387576E-03	-1.400424E-03	-1.387576E-03	-1.349032E-03	-1.284793E-03	-1.194857E-03	-1.079226E-03	-9.378987E-04	-7.708757E-04	-5.781567E-04	-3.597420E-04	-1.156313E-04	+1.541751E-04	+4.496775E-04	+7.708757E-04	+7.674235E-04	+4.476637E-04	+1.534847E-04	-1.151135E-04	-3.581310E-04	-5.755676E-04	-7.674235E-04	-9.336986E-04	-1.074393E-03	-1.189506E-03	-1.279039E-03	-1.342991E-03	-1.381362E-03	-1.394153E-03	-1.381362E-03	-1.342991E-03	-1.279039E-03	-1.189506E-03	-1.074393E-03	-9.336986E-04	-7.674235E-04	-5.755676E-04	-3.581310E-04	-1.151135E-04	+1.534847E-04	+4.476637E-04	+7.674235E-04	+7.147377E-04	+4.169303E-04	+1.429475E-04	-1.072107E-04	-3.335442E-04	-5.360533E-04	-7.147377E-04	-8.695975E-04	-1.000633E-03	-1.107843E-03	-1.191229E-03	-1.250791E-03	-1.286528E-03	-1.298440E-03	-1.286528E-03	-1.250791E-03	-1.191229E-03	-1.107843E-03	-1.000633E-03	-8.695975E-04	-7.147377E-04	-5.360533E-04	-3.335442E-04	-1.072107E-04	+1.429475E-04	+4.169303E-04	+7.147377E-04	+6.210238E-04	+3.622639E-04	+1.242048E-04	-9.315357E-05	-2.898111E-04	-4.657678E-04	-6.210238E-04	-7.555789E-04	-8.694333E-04	-9.625869E-04	-1.035040E-03	-1.086792E-03	-1.117843E-03	-1.128193E-03	-1.117843E-03	-1.086792E-03	-1.035040E-03	-9.625869E-04	-8.694333E-04	-7.555789E-04	-6.210238E-04	-4.657678E-04	-2.898111E-04	-9.315357E-05	+1.242048E-04	+3.622639E-04	+6.210238E-04	+4.944875E-04	+2.884510E-04	+9.889750E-05	-7.417312E-05	-2.307608E-04	-3.708656E-04	-4.944875E-04	-6.016264E-04	-6.922825E-04	-7.664556E-04	-8.241458E-04	-8.653531E-04	-8.900775E-04	-8.983189E-04	-8.900775E-04	-8.653531E-04	-8.241458E-04	-7.664556E-04	-6.922825E-04	-6.016264E-04	-4.944875E-04	-3.708656E-04	-2.307608E-04	-7.417312E-05	+9.889750E-05	+2.884510E-04	+4.944875E-04	+3.433343E-04	+2.002784E-04	+6.866687E-05	-5.150015E-05	-1.602227E-04	-2.575008E-04	-3.433343E-04	-4.177234E-04	-4.806681E-04	-5.321682E-04	-5.722239E-04	-6.008351E-04	-6.180018E-04	-6.237240E-04	-6.180018E-04	-6.008351E-04	-5.722239E-04	-5.321682E-04	-4.806681E-04	-4.177234E-04	-3.433343E-04	-2.575008E-04	-1.602227E-04	-5.150015E-05	+6.866687E-05	+2.002784E-04	+3.433343E-04	+1.757700E-04	+1.025325E-04	+3.515399E-05	-2.636550E-05	-8.202599E-05	-1.318275E-04	-1.757700E-04	-2.138535E-04	-2.460780E-04	-2.724435E-04	-2.929500E-04	-3.075975E-04	-3.163860E-04	-3.193155E-04	-3.163860E-04	-3.075975E-04	-2.929500E-04	-2.724435E-04	-2.460780E-04	-2.138535E-04	-1.757700E-04	-1.318275E-04	-8.202599E-05	-2.636550E-05	+3.515399E-05	+1.025325E-04	+1.757700E-04	+0.000000E+00	+0.000000E+00	+0.000000E+00	+0.000000E+00	+0.000000E+00	+0.000000E+00	+0.000000E+00	+0.000000E+00	+0.000000E+00	+0.000000E+00	+0.000000E+00	+0.000000E+00	+0.000000E+00	+0.000000E+00
	S	+2.330158E-04	+7.887402E-05	-4.257555E-05	-1.340573E-04	-1.982955E-04	-2.380146E-04	-2.559389E-04	-2.547927E-04	-2.373005E-04	-2.061865E-04	-1.641751E-04	-1.139906E-04	-5.835749E-05	+0.000000E+00	+5.835749E-05	+1.139906E-04	+1.641751E-04	+2.061865E-04	+2.373005E-04	+2.547927E-04	+2.559389E-04	+2.380146E-04	+1.982955E-04	+1.340573E-04	+4.257555E-05	-7.887402E-05	-2.330158E-04	+7.887402E-05	+2.669824E-05	-1.441149E-05	-4.537734E-05	-6.712148E-05	-8.056608E-05	-8.663331E-05	-8.624534E-05	-8.032435E-05	-6.979251E-05	-5.557198E-05	-3.858494E-05	-1.975355E-05	+0.000000E+00	+1.975355E-05	+3.858494E-05	+5.557198E-05	+6.979251E-05	+8.032435E-05	+8.624534E-05	+8.663331E-05	+8.056608E-05	+6.712148E-05	+4.537734E-05	+1.441149E-05	-2.669824E-05	-7.887402E-05	-4.257555E-05	-1.441149E-05	+7.779203E-06	+2.449431E-05	+3.623162E-05	+4.348890E-05	+4.676395E-05	+4.655453E-05	+4.335842E-05	+3.767342E-05	+2.999730E-05	+2.082783E-05	+1.066281E-05	+0.000000E+00	-1.066281E-05	-2.082783E-05	-2.999730E-05	-3.767342E-05	-4.335842E-05	-4.655453E-05	-4.676395E-05	-4.348890E-05	-3.623162E-05	-2.449431E-05	-7.779203E-06	+1.441149E-05	+4.257555E-05	-1.340573E-04	-4.537734E-05	+2.449431E-05	+7.712504E-05	+1.140822E-04	+1.369332E-04	+1.472453E-04	+1.465859E-04	+1.365223E-04	+1.186220E-04	+9.445224E-05	+6.558042E-05	+3.357389E-05	+0.000000E+00	-3.357389E-05	-6.558042E-05	-9.445224E-05	-1.186220E-04	-1.365223E-04	-1.465859E-04	-1.472453E-04	-1.369332E-04	-1.140822E-04	-7.712504E-05	-2.449431E-05	+4.537734E-05	+1.340573E-04	-1.982955E-04	-6.712148E-05	+3.623162E-05	+1.140822E-04	+1.687487E-04	+2.025495E-04	+2.178030E-04	+2.168276E-04	+2.019418E-04	+1.754639E-04	+1.397123E-04	+9.700557E-05	+4.966199E-05	+0.000000E+00	-4.966199E-05	-9.700557E-05	-1.397123E-04	-1.754639E-04	-2.019418E-04	-2.168276E-04	-2.178030E-04	-2.025495E-04	-1.687487E-04	-1.140822E-04	-3.623162E-05	+6.712148E-05	+1.982955E-04	-2.380146E-04	-8.056608E-05	+4.348890E-05	+1.369332E-04	+2.025495E-04	+2.431206E-04	+2.614294E-04	+2.602587E-04	+2.423912E-04	+2.106097E-04	+1.676971E-04	+1.164360E-04	+5.960941E-05	+0.000000E+00	-5.960941E-05	-1.164360E-04	-1.676971E-04	-2.106097E-04	-2.423912E-04	-2.602587E-04	-2.614294E-04	-2.431206E-04	-2.025495E-04	-1.369332E-04	-4.348890E-05	+8.056608E-05	+2.380146E-04	-2.559389E-04	-8.663331E-05	+4.676395E-05	+1.472453E-04	+2.178030E-04	+2.614294E-04	+2.811170E-04	+2.798581E-04	+2.606451E-04	+2.264702E-04	+1.803259E-04	+1.252045E-04	+6.409845E-05	+0.000000E+00	-6.409845E-05	-1.252045E-04	-1.803259E-04	-2.264702E-04	-2.606451E-04	-2.798581E-04	-2.811170E-04	-2.614294E-04	-2.178030E-04	-1.472453E-04	-4.676395E-05	+8.663331E-05	+2.559389E-04	-2.547927E-04	-8.624534E-05	+4.655453E-05	+1.465859E-04	+2.168276E-04	+2.602587E-04	+2.798581E-04	+2.786049E-04	+2.594778E-04	+2.254560E-04	+1.795184E-04	+1.246438E-04	+6.381140E-05	+0.000000E+00	-6.381140E-05	-1.246438E-04	-1.795184E-04	-2.254560E-04	-2.594778E-04	-2.786049E-04	-2.798581E-04	-2.602587E-04	-2.168276E-04	-1.465859E-04	-4.655453E-05	+8.624534E-05	+2.547927E-04	-2.373005E-04	-8.032435E-05	+4.335842E-05	+1.365223E-04	+2.019418E-04	+2.423912E-04	+2.606451E-04	+2.594778E-04	+2.416639E-04	+2.099778E-04	+1.671939E-04	+1.160867E-04	+5.943057E-05	+0.000000E+00	-5.943057E-05	-1.160867E-04	-1.671939E-04	-2.099778E-04	-2.416639E-04	-2.594778E-04	-2.606451E-04	-2.423912E-04	-2.019418E-04	-1.365223E-04	-4.335842E-05	+8.032435E-05	+2.373005E-04	-2.061865E-04	-6.979251E-05	+3.767342E-05	+1.186220E-04	+1.754639E-04	+2.106097E-04	+2.264702E-04	+2.254560E-04	+2.099778E-04	+1.824463E-04	+1.452720E-04	+1.008658E-04	+5.163824E-05	+0.000000E+00	-5.163824E-05	-1.008658E-04	-1.452720E-04	-1.824463E-04	-2.099778E-04	-2.254560E-04	-2.264702E-04	-2.106097E-04	-1.754639E-04	-1.186220E-04	-3.767342E-05	+6.979251E-05	+2.061865E-04	-1.641751E-04	-5.557198E-05	+2.999730E-05	+9.445224E-05	+1.397123E-04	+1.676971E-04	+1.803259E-04	+1.795184E-04	+1.671939E-04	+1.452720E-04	+1.156722E-04	+8.031396E-05	+4.111672E-05	+0.000000E+00	-4.111672E-05	-8.031396E-05	-1.156722E-04	-1.452720E-04	-1.671939E-04	-1.795184E-04	-1.803259E-04	-1.676971E-04	-1.397123E-04	-9.445224E-05	-2.999730E-05	+5.557198E-05	+1.641751E-04	-1.139906E-04	-3.858494E-05	+2.082783E-05	+6.558042E-05	+9.700557E-05	+1.164360E-04	+1.252045E-04	+1.246438E-04	+1.160867E-04	+1.008658E-04	+8.031396E-05	+5.576388E-05	+2.854831E-05	+0.000000E+00	-2.854831E-05	-5.576388E-05	-8.031396E-05	-1.008658E-04	-1.160867E-04	-1.246438E-04	-1.252045E-04	-1.164360E-04	-9.700557E-05	-6.558042E-05	-2.082783E-05	+3.858494E-05	+1.139906E-04	-5.835749E-05	-1.975355E-05	+1.066281E-05	+3.357389E-05	+4.966199E-05	+5.960941E-05	+6.409845E-05	+6.381140E-05	+5.943057E-05	+5.163824E-05	+4.111672E-05	+2.854831E-05	+1.461531E-05	+0.000000E+00	-1.461531E-05	-2.854831E-05	-4.111672E-05	-5.163824E-05	-5.943057E-05	-6.381140E-05	-6.409845E-05	-5.960941E-05	-4.966199E-05	-3.357389E-05	-1.066281E-05	+1.975355E-05	+5.835749E-05	+0.000000E+00	+0.000000E+00	+0.000000E+00	+0.000000E+00	+0.000000E+00	+0.000000E+00	+0.000000E+00	+0.000000E+00	+0.000000E+00	+0.000000E+00	+0.000000E+00	+0.000000E+00	+0.000000E+00	+0.000000E+00
	A	+2.088787E-05	+1.606759E-05	+1.163294E-05	+7.583903E-06	+3.920492E-06	+6.427036E-07	-2.249463E-06	-4.756007E-06	-6.876929E-06	-8.612229E-06	-9.961907E-06	-1.092596E-05	-1.150440E-05	-1.169721E-05	-1.150440E-05	-1.092596E-05	-9.961907E-06	-8.612229E-06	-6.876929E-06	-4.756007E-06	-2.249463E-06	+6.427036E-07	+3.920492E-06	+7.583903E-06	+1.163294E-05	+1.606759E-05	+2.088787E-05	+7.070380E-06	+5.438754E-06	+3.937658E-06	+2.567092E-06	+1.327056E-06	+2.175502E-07	-7.614256E-07	-1.609871E-06	-2.327787E-06	-2.915172E-06	-3.372028E-06	-3.698353E-06	-3.894148E-06	-3.959413E-06	-3.894148E-06	-3.698353E-06	-3.372028E-06	-2.915172E-06	-2.327787E-06	-1.609871E-06	-7.614256E-07	+2.175502E-07	+1.327056E-06	+2.567092E-06	+3.937658E-06	+5.438754E-06	+7.070380E-06	-3.816533E-06	-2.935795E-06	-2.125515E-06	-1.385695E-06	-7.163339E-07	-1.174318E-07	+4.110112E-07	+8.689952E-07	+1.256520E-06	+1.573586E-06	+1.820193E-06	+1.996340E-06	+2.102029E-06	+2.137258E-06	+2.102029E-06	+1.996340E-06	+1.820193E-06	+1.573586E-06	+1.256520E-06	+8.689952E-07	+4.110112E-07	-1.174318E-07	-7.163339E-07	-1.385695E-06	-2.125515E-06	-2.935795E-06	-3.816533E-06	-1.201709E-05	-9.243912E-06	-6.692592E-06	-4.363127E-06	-2.255515E-06	-3.697565E-07	+1.294148E-06	+2.736198E-06	+3.956394E-06	+4.954737E-06	+5.731226E-06	+6.285860E-06	+6.618641E-06	+6.729568E-06	+6.618641E-06	+6.285860E-06	+5.731226E-06	+4.954737E-06	+3.956394E-06	+2.736198E-06	+1.294148E-06	-3.697565E-07	-2.255515E-06	-4.363127E-06	-6.692592E-06	-9.243912E-06	-1.201709E-05	-1.777549E-05	-1.367346E-05	-9.899582E-06	-6.453871E-06	-3.336323E-06	-5.469382E-07	+1.914284E-06	+4.047343E-06	+5.852239E-06	+7.328972E-06	+8.477543E-06	+9.297950E-06	+9.790195E-06	+9.954276E-06	+9.790195E-06	+9.297950E-06	+8.477543E-06	+7.328972E-06	+5.852239E-06	+4.047343E-06	+1.914284E-06	-5.469382E-07	-3.336323E-06	-6.453871E-06	-9.899582E-06	-1.367346E-05	-1.777549E-05	-2.133597E-05	-1.641228E-05	-1.188249E-05	-7.746598E-06	-4.004597E-06	-6.564913E-07	+2.297720E-06	+4.858036E-06	+7.024457E-06	+8.796984E-06	+1.017562E-05	+1.116035E-05	+1.175120E-05	+1.194814E-05	+1.175120E-05	+1.116035E-05	+1.017562E-05	+8.796984E-06	+7.024457E-06	+4.858036E-06	+2.297720E-06	-6.564913E-07	-4.004597E-06	-7.746598E-06	-1.188249E-05	-1.641228E-05	-2.133597E-05	-2.294273E-05	-1.764825E-05	-1.277733E-05	-8.329975E-06	-4.306174E-06	-7.059301E-07	+2.470755E-06	+5.223883E-06	+7.553452E-06	+9.459463E-06	+1.094192E-05	+1.200081E-05	+1.263615E-05	+1.284793E-05	+1.263615E-05	+1.200081E-05	+1.094192E-05	+9.459463E-06	+7.553452E-06	+5.223883E-06	+2.470755E-06	-7.059301E-07	-4.306174E-06	-8.329975E-06	-1.277733E-05	-1.764825E-05	-2.294273E-05	-2.283998E-05	-1.756922E-05	-1.272011E-05	-8.292671E-06	-4.286889E-06	-7.027688E-07	+2.459691E-06	+5.200489E-06	+7.519626E-06	+9.417101E-06	+1.089292E-05	+1.194707E-05	+1.257956E-05	+1.279039E-05	+1.257956E-05	+1.194707E-05	+1.089292E-05	+9.417101E-06	+7.519626E-06	+5.200489E-06	+2.459691E-06	-7.027688E-07	-4.286889E-06	-8.292671E-06	-1.272011E-05	-1.756922E-05	-2.283998E-05	-2.127195E-05	-1.636304E-05	-1.184684E-05	-7.723356E-06	-3.992582E-06	-6.545217E-07	+2.290826E-06	+4.843460E-06	+7.003382E-06	+8.770590E-06	+1.014509E-05	+1.112687E-05	+1.171594E-05	+1.191229E-05	+1.171594E-05	+1.112687E-05	+1.014509E-05	+8.770590E-06	+7.003382E-06	+4.843460E-06	+2.290826E-06	-6.545217E-07	-3.992582E-06	-7.723356E-06	-1.184684E-05	-1.636304E-05	-2.127195E-05	-1.848285E-05	-1.421758E-05	-1.029353E-05	-6.710697E-06	-3.469089E-06	-5.687031E-07	+1.990461E-06	+4.208403E-06	+6.085123E-06	+7.620622E-06	+8.814898E-06	+9.667953E-06	+1.017979E-05	+1.035040E-05	+1.017979E-05	+9.667953E-06	+8.814898E-06	+7.620622E-06	+6.085123E-06	+4.208403E-06	+1.990461E-06	-5.687031E-07	-3.469089E-06	-6.710697E-06	-1.029353E-05	-1.421758E-05	-1.848285E-05	-1.471689E-05	-1.132068E-05	-8.196175E-06	-5.343363E-06	-2.762247E-06	-4.528274E-07	+1.584896E-06	+3.350922E-06	+4.845253E-06	+6.067887E-06	+7.018824E-06	+7.698065E-06	+8.105610E-06	+8.241458E-06	+8.105610E-06	+7.698065E-06	+7.018824E-06	+6.067887E-06	+4.845253E-06	+3.350922E-06	+1.584896E-06	-4.528274E-07	-2.762247E-06	-5.343363E-06	-8.196175E-06	-1.132068E-05	-1.471689E-05	-1.021828E-05	-7.860218E-06	-5.690798E-06	-3.710023E-06	-1.917893E-06	-3.144087E-07	+1.100431E-06	+2.326625E-06	+3.364173E-06	+4.213077E-06	+4.873335E-06	+5.344948E-06	+5.627916E-06	+5.722239E-06	+5.627916E-06	+5.344948E-06	+4.873335E-06	+4.213077E-06	+3.364173E-06	+2.326625E-06	+1.100431E-06	-3.144087E-07	-1.917893E-06	-3.710023E-06	-5.690798E-06	-7.860218E-06	-1.021828E-05	-5.231249E-06	-4.024038E-06	-2.913403E-06	-1.899346E-06	-9.818652E-07	-1.609615E-07	+5.633653E-07	+1.191115E-06	+1.722288E-06	+2.156884E-06	+2.494903E-06	+2.736346E-06	+2.881211E-06	+2.929500E-06	+2.881211E-06	+2.736346E-06	+2.494903E-06	+2.156884E-06	+1.722288E-06	+1.191115E-06	+5.633653E-07	-1.609615E-07	-9.818652E-07	-1.899346E-06	-2.913403E-06	-4.024038E-06	-5.231249E-06	+0.000000E+00	+0.000000E+00	+0.000000E+00	+0.000000E+00	+0.000000E+00	+0.000000E+00	+0.000000E+00	+0.000000E+00	+0.000000E+00	+0.000000E+00	+0.000000E+00	+0.000000E+00	+0.000000E+00	+0.000000E+00
	S	-3.249224E-06	-1.749582E-06	-5.498687E-07	+3.749105E-07	+1.049749E-06	+1.499642E-06	+1.749582E-06	+1.824564E-06	+1.749582E-06	+1.549630E-06	+1.249702E-06	+8.747911E-07	+4.498926E-07	+0.000000E+00	-4.498926E-07	-8.747911E-07	-1.249702E-06	-1.549630E-06	-1.749582E-06	-1.824564E-06	-1.749582E-06	-1.499642E-06	-1.049749E-06	-3.749105E-07	+5.498687E-07	+1.749582E-06	+3.249224E-06	-1.099837E-06	-5.922199E-07	-1.861262E-07	+1.269043E-07	+3.553319E-07	+5.076170E-07	+5.922199E-07	+6.176007E-07	+5.922199E-07	+5.245376E-07	+4.230142E-07	+2.961099E-07	+1.522851E-07	+0.000000E+00	-1.522851E-07	-2.961099E-07	-4.230142E-07	-5.245376E-07	-5.922199E-07	-6.176007E-07	-5.922199E-07	-5.076170E-07	-3.553319E-07	-1.269043E-07	+1.861262E-07	+5.922199E-07	+1.099837E-06	+5.936829E-07	+3.196754E-07	+1.004694E-07	-6.850187E-08	-1.918052E-07	-2.740075E-07	-3.196754E-07	-3.333758E-07	-3.196754E-07	-2.831411E-07	-2.283396E-07	-1.598377E-07	-8.220225E-08	+0.000000E+00	+8.220225E-08	+1.598377E-07	+2.283396E-07	+2.831411E-07	+3.196754E-07	+3.333758E-07	+3.196754E-07	+2.740075E-07	+1.918052E-07	+6.850187E-08	-1.004694E-07	-3.196754E-07	-5.936829E-07	+1.869324E-06	+1.006559E-06	+3.163472E-07	-2.156913E-07	-6.039356E-07	-8.627651E-07	-1.006559E-06	-1.049698E-06	-1.006559E-06	-8.915240E-07	-7.189710E-07	-5.032797E-07	-2.588295E-07	+0.000000E+00	+2.588295E-07	+5.032797E-07	+7.189710E-07	+8.915240E-07	+1.006559E-06	+1.049698E-06	+1.006559E-06	+8.627651E-07	+6.039356E-07	+2.156913E-07	-3.163472E-07	-1.006559E-06	-1.869324E-06	+2.765077E-06	+1.488887E-06	+4.679361E-07	-3.190473E-07	-8.933325E-07	-1.276189E-06	-1.488887E-06	-1.552697E-06	-1.488887E-06	-1.318729E-06	-1.063491E-06	-7.444437E-07	-3.828568E-07	+0.000000E+00	+3.828568E-07	+7.444437E-07	+1.063491E-06	+1.318729E-06	+1.488887E-06	+1.552697E-06	+1.488887E-06	+1.276189E-06	+8.933325E-07	+3.190473E-07	-4.679361E-07	-1.488887E-06	-2.765077E-06	+3.318928E-06	+1.787115E-06	+5.616648E-07	-3.829533E-07	-1.072269E-06	-1.531813E-06	-1.787115E-06	-1.863706E-06	-1.787115E-06	-1.582874E-06	-1.276511E-06	-8.935577E-07	-4.595439E-07	+0.000000E+00	+4.595439E-07	+8.935577E-07	+1.276511E-06	+1.582874E-06	+1.787115E-06	+1.863706E-06	+1.787115E-06	+1.531813E-06	+1.072269E-06	+3.829533E-07	-5.616648E-07	-1.787115E-06	-3.318928E-06	+3.568869E-06	+1.921699E-06	+6.039624E-07	-4.117926E-07	-1.153019E-06	-1.647170E-06	-1.921699E-06	-2.004057E-06	-1.921699E-06	-1.702076E-06	-1.372642E-06	-9.608493E-07	-4.941511E-07	+0.000000E+00	+4.941511E-07	+9.608493E-07	+1.372642E-06	+1.702076E-06	+1.921699E-06	+2.004057E-06	+1.921699E-06	+1.647170E-06	+1.153019E-06	+4.117926E-07	-6.039624E-07	-1.921699E-06	-3.568869E-06	+3.552887E-06	+1.913093E-06	+6.012577E-07	-4.099484E-07	-1.147856E-06	-1.639794E-06	-1.913093E-06	-1.995082E-06	-1.913093E-06	-1.694454E-06	-1.366495E-06	-9.565464E-07	-4.919381E-07	+0.000000E+00	+4.919381E-07	+9.565464E-07	+1.366495E-06	+1.694454E-06	+1.913093E-06	+1.995082E-06	+1.913093E-06	+1.639794E-06	+1.147856E-06	+4.099484E-07	-6.012577E-07	-1.913093E-06	-3.552887E-06	+3.308971E-06	+1.781753E-06	+5.599797E-07	-3.818043E-07	-1.069052E-06	-1.527217E-06	-1.781753E-06	-1.858114E-06	-1.781753E-06	-1.578124E-06	-1.272681E-06	-8.908767E-07	-4.581652E-07	+0.000000E+00	+4.581652E-07	+8.908767E-07	+1.272681E-06	+1.578124E-06	+1.781753E-06	+1.858114E-06	+1.781753E-06	+1.527217E-06	+1.069052E-06	+3.818043E-07	-5.599797E-07	-1.781753E-06	-3.308971E-06	+2.875110E-06	+1.548136E-06	+4.865571E-07	-3.317435E-07	-9.288817E-07	-1.326974E-06	-1.548136E-06	-1.614485E-06	-1.548136E-06	-1.371206E-06	-1.105812E-06	-7.740681E-07	-3.980922E-07	+0.000000E+00	+3.980922E-07	+7.740681E-07	+1.105812E-06	+1.371206E-06	+1.548136E-06	+1.614485E-06	+1.548136E-06	+1.326974E-06	+9.288817E-07	+3.317435E-07	-4.865571E-07	-1.548136E-06	-2.875110E-06	+2.289294E-06	+1.232697E-06	+3.874190E-07	-2.641493E-07	-7.396180E-07	-1.056597E-06	-1.232697E-06	-1.285527E-06	-1.232697E-06	-1.091817E-06	-8.804977E-07	-6.163484E-07	-3.169792E-07	+0.000000E+00	+3.169792E-07	+6.163484E-07	+8.804977E-07	+1.091817E-06	+1.232697E-06	+1.285527E-06	+1.232697E-06	+1.056597E-06	+7.396180E-07	+2.641493E-07	-3.874190E-07	-1.232697E-06	-2.289294E-06	+1.589511E-06	+8.558904E-07	+2.689941E-07	-1.834051E-07	-5.135343E-07	-7.336204E-07	-8.558904E-07	-8.925715E-07	-8.558904E-07	-7.580744E-07	-6.113503E-07	-4.279452E-07	-2.200861E-07	+0.000000E+00	+2.200861E-07	+4.279452E-07	+6.113503E-07	+7.580744E-07	+8.558904E-07	+8.925715E-07	+8.558904E-07	+7.336204E-07	+5.135343E-07	+1.834051E-07	-2.689941E-07	-8.558904E-07	-1.589511E-06	+8.137499E-07	+4.381730E-07	+1.377115E-07	-9.389422E-08	-2.629038E-07	-3.755769E-07	-4.381730E-07	-4.569519E-07	-4.381730E-07	-3.880961E-07	-3.129807E-07	-2.190865E-07	-1.126731E-07	+0.000000E+00	+1.126731E-07	+2.190865E-07	+3.129807E-07	+3.880961E-07	+4.381730E-07	+4.569519E-07	+4.381730E-07	+3.755769E-07	+2.629038E-07	+9.389422E-08	-1.377115E-07	-4.381730E-07	-8.137499E-07	+0.000000E+00	+0.000000E+00	+0.000000E+00	+0.000000E+00	+0.000000E+00	+0.000000E+00	+0.000000E+00	+0.000000E+00	+0.000000E+00	+0.000000E+00	+0.000000E+00	+0.000000E+00	+0.000000E+00	+0.000000E+00
	S	-6.291326E-05	-3.669940E-05	-1.258265E-05	+9.436989E-06	+2.935952E-05	+4.718495E-05	+6.291326E-05	+7.654447E-05	+8.807857E-05	+9.751556E-05	+1.048554E-04	+1.100982E-04	+1.132439E-04	+1.142924E-04	+1.132439E-04	+1.100982E-04	+1.048554E-04	+9.751556E-05	+8.807857E-05	+7.654447E-05	+6.291326E-05	+4.718495E-05	+2.935952E-05	+9.436989E-06	-1.258265E-05	-3.669940E-05	-6.291326E-05	-4.839482E-05	-2.823031E-05	-9.678963E-06	+7.259222E-06	+2.258425E-05	+3.629611E-05	+4.839482E-05	+5.888036E-05	+6.775274E-05	+7.501197E-05	+8.065803E-05	+8.469093E-05	+8.711067E-05	+8.791725E-05	+8.711067E-05	+8.469093E-05	+8.065803E-05	+7.501197E-05	+6.775274E-05	+5.888036E-05	+4.839482E-05	+3.629611E-05	+2.258425E-05	+7.259222E-06	-9.678963E-06	-2.823031E-05	-4.839482E-05	-3.503785E-05	-2.043874E-05	-7.007569E-06	+5.255677E-06	+1.635100E-05	+2.627839E-05	+3.503785E-05	+4.262938E-05	+4.905299E-05	+5.430866E-05	+5.839641E-05	+6.131623E-05	+6.306812E-05	+6.365209E-05	+6.306812E-05	+6.131623E-05	+5.839641E-05	+5.430866E-05	+4.905299E-05	+4.262938E-05	+3.503785E-05	+2.627839E-05	+1.635100E-05	+5.255677E-06	-7.007569E-06	-2.043874E-05	-3.503785E-05	-2.284235E-05	-1.332471E-05	-4.568471E-06	+3.426353E-06	+1.065976E-05	+1.713177E-05	+2.284235E-05	+2.779153E-05	+3.197929E-05	+3.540565E-05	+3.807059E-05	+3.997412E-05	+4.111624E-05	+4.149694E-05	+4.111624E-05	+3.997412E-05	+3.807059E-05	+3.540565E-05	+3.197929E-05	+2.779153E-05	+2.284235E-05	+1.713177E-05	+1.065976E-05	+3.426353E-06	-4.568471E-06	-1.332471E-05	-2.284235E-05	-1.180834E-05	-6.888196E-06	-2.361667E-06	+1.771250E-06	+5.510556E-06	+8.856251E-06	+1.180834E-05	+1.436681E-05	+1.653167E-05	+1.830292E-05	+1.968056E-05	+2.066459E-05	+2.125500E-05	+2.145181E-05	+2.125500E-05	+2.066459E-05	+1.968056E-05	+1.830292E-05	+1.653167E-05	+1.436681E-05	+1.180834E-05	+8.856251E-06	+5.510556E-06	+1.771250E-06	-2.361667E-06	-6.888196E-06	-1.180834E-05	-1.935793E-06	-1.129212E-06	-3.871585E-07	+2.903689E-07	+9.033699E-07	+1.451844E-06	+1.935793E-06	+2.355214E-06	+2.710110E-06	+3.000479E-06	+3.226321E-06	+3.387637E-06	+3.484427E-06	+3.516690E-06	+3.484427E-06	+3.387637E-06	+3.226321E-06	+3.000479E-06	+2.710110E-06	+2.355214E-06	+1.935793E-06	+1.451844E-06	+9.033699E-07	+2.903689E-07	-3.871585E-07	-1.129212E-06	-1.935793E-06	+6.775274E-06	+3.952243E-06	+1.355055E-06	-1.016291E-06	-3.161795E-06	-5.081456E-06	-6.775274E-06	-8.243250E-06	-9.485384E-06	-1.050168E-05	-1.129212E-05	-1.185673E-05	-1.219549E-05	-1.230842E-05	-1.219549E-05	-1.185673E-05	-1.129212E-05	-1.050168E-05	-9.485384E-06	-8.243250E-06	-6.775274E-06	-5.081456E-06	-3.161795E-06	-1.016291E-06	+1.355055E-06	+3.952243E-06	+6.775274E-06	+1.432487E-05	+8.356172E-06	+2.864973E-06	-2.148730E-06	-6.684937E-06	-1.074365E-05	-1.432487E-05	-1.742859E-05	-2.005481E-05	-2.220354E-05	-2.387478E-05	-2.506851E-05	-2.578476E-05	-2.602351E-05	-2.578476E-05	-2.506851E-05	-2.387478E-05	-2.220354E-05	-2.005481E-05	-1.742859E-05	-1.432487E-05	-1.074365E-05	-6.684937E-06	-2.148730E-06	+2.864973E-06	+8.356172E-06	+1.432487E-05	+2.071298E-05	+1.208257E-05	+4.142596E-06	-3.106947E-06	-9.666058E-06	-1.553474E-05	-2.071298E-05	-2.520079E-05	-2.899817E-05	-3.210512E-05	-3.452164E-05	-3.624772E-05	-3.728337E-05	-3.762858E-05	-3.728337E-05	-3.624772E-05	-3.452164E-05	-3.210512E-05	-2.899817E-05	-2.520079E-05	-2.071298E-05	-1.553474E-05	-9.666058E-06	-3.106947E-06	+4.142596E-06	+1.208257E-05	+2.071298E-05	+2.593962E-05	+1.513145E-05	+5.187924E-06	-3.890943E-06	-1.210516E-05	-1.945472E-05	-2.593962E-05	-3.155987E-05	-3.631547E-05	-4.020641E-05	-4.323270E-05	-4.539434E-05	-4.669132E-05	-4.712365E-05	-4.669132E-05	-4.539434E-05	-4.323270E-05	-4.020641E-05	-3.631547E-05	-3.155987E-05	-2.593962E-05	-1.945472E-05	-1.210516E-05	-3.890943E-06	+5.187924E-06	+1.513145E-05	+2.593962E-05	+3.000479E-05	+1.750279E-05	+6.000957E-06	-4.500718E-06	-1.400223E-05	-2.250359E-05	-3.000479E-05	-3.650582E-05	-4.200670E-05	-4.650742E-05	-5.000798E-05	-5.250838E-05	-5.400862E-05	-5.450870E-05	-5.400862E-05	-5.250838E-05	-5.000798E-05	-4.650742E-05	-4.200670E-05	-3.650582E-05	-3.000479E-05	-2.250359E-05	-1.400223E-05	-4.500718E-06	+6.000957E-06	+1.750279E-05	+3.000479E-05	+3.290848E-05	+1.919661E-05	+6.581695E-06	-4.936271E-06	-1.535729E-05	-2.468136E-05	-3.290848E-05	-4.003864E-05	-4.607187E-05	-5.100814E-05	-5.484746E-05	-5.758983E-05	-5.923526E-05	-5.978373E-05	-5.923526E-05	-5.758983E-05	-5.484746E-05	-5.100814E-05	-4.607187E-05	-4.003864E-05	-3.290848E-05	-2.468136E-05	-1.535729E-05	-4.936271E-06	+6.581695E-06	+1.919661E-05	+3.290848E-05	+3.465069E-05	+2.021290E-05	+6.930138E-06	-5.197603E-06	-1.617032E-05	-2.598802E-05	-3.465069E-05	-4.215834E-05	-4.851096E-05	-5.370857E-05	-5.775115E-05	-6.063871E-05	-6.237124E-05	-6.294875E-05	-6.237124E-05	-6.063871E-05	-5.775115E-05	-5.370857E-05	-4.851096E-05	-4.215834E-05	-3.465069E-05	-2.598802E-05	-1.617032E-05	-5.197603E-06	+6.930138E-06	+2.021290E-05	+3.465069E-05	+3.523143E-05	+2.055167E-05	+7.046285E-06	-5.284714E-06	-1.644133E-05	-2.642357E-05	-3.523143E-05	-4.286490E-05	-4.932400E-05	-5.460871E-05	-5.871904E-05	-6.165500E-05	-6.341657E-05	-6.400376E-05
	A	+2.088787E-05	+7.070380E-06	-3.816533E-06	-1.201709E-05	-1.777549E-05	-2.133597E-05	-2.294273E-05	-2.283998E-05	-2.127195E-05	-1.848285E-05	-1.471689E-05	-1.021828E-05	-5.231249E-06	+0.000000E+00	+5.231249E-06	+1.021828E-05	+1.471689E-05	+1.848285E-05	+2.127195E-05	+2.283998E-05	+2.294273E-05	+2.133597E-05	+1.777549E-05	+1.201709E-05	+3.816533E-06	-7.070380E-06	-2.088787E-05	+1.606759E-05	+5.438754E-06	-2.935795E-06	-9.243912E-06	-1.367346E-05	-1.641228E-05	-1.764825E-05	-1.756922E-05	-1.636304E-05	-1.421758E-05	-1.132068E-05	-7.860218E-06	-4.024038E-06	+0.000000E+00	+4.024038E-06	+7.860218E-06	+1.132068E-05	+1.421758E-05	+1.636304E-05	+1.756922E-05	+1.764825E-05	+1.641228E-05	+1.367346E-05	+9.243912E-06	+2.935795E-06	-5.438754E-06	-1.606759E-05	+1.163294E-05	+3.937658E-06	-2.125515E-06	-6.692592E-06	-9.899582E-06	-1.188249E-05	-1.277733E-05	-1.272011E-05	-1.184684E-05	-1.029353E-05	-8.196175E-06	-5.690798E-06	-2.913403E-06	+0.000000E+00	+2.913403E-06	+5.690798E-06	+8.196175E-06	+1.029353E-05	+1.184684E-05	+1.272011E-05	+1.277733E-05	+1.188249E-05	+9.899582E-06	+6.692592E-06	+2.125515E-06	-3.937658E-06	-1.163294E-05	+7.583903E-06	+2.567092E-06	-1.385695E-06	-4.363127E-06	-6.453871E-06	-7.746598E-06	-8.329975E-06	-8.292671E-06	-7.723356E-06	-6.710697E-06	-5.343363E-06	-3.710023E-06	-1.899346E-06	+0.000000E+00	+1.899346E-06	+3.710023E-06	+5.343363E-06	+6.710697E-06	+7.723356E-06	+8.292671E-06	+8.329975E-06	+7.746598E-06	+6.453871E-06	+4.363127E-06	+1.385695E-06	-2.567092E-06	-7.583903E-06	+3.920492E-06	+1.327056E-06	-7.163339E-07	-2.255515E-06	-3.336323E-06	-4.004597E-06	-4.306174E-06	-4.286889E-06	-3.992582E-06	-3.469089E-06	-2.762247E-06	-1.917893E-06	-9.818652E-07	+0.000000E+00	+9.818652E-07	+1.917893E-06	+2.762247E-06	+3.469089E-06	+3.992582E-06	+4.286889E-06	+4.306174E-06	+4.004597E-06	+3.336323E-06	+2.255515E-06	+7.163339E-07	-1.327056E-06	-3.920492E-06	+6.427036E-07	+2.175502E-07	-1.174318E-07	-3.697565E-07	-5.469382E-07	-6.564913E-07	-7.059301E-07	-7.027688E-07	-6.545217E-07	-5.687031E-07	-4.528274E-07	-3.144087E-07	-1.609615E-07	+0.000000E+00	+1.609615E-07	+3.144087E-07	+4.528274E-07	+5.687031E-07	+6.545217E-07	+7.027688E-07	+7.059301E-07	+6.564913E-07	+5.469382E-07	+3.697565E-07	+1.174318E-07	-2.175502E-07	-6.427036E-07	-2.249463E-06	-7.614256E-07	+4.110112E-07	+1.294148E-06	+1.914284E-06	+2.297720E-06	+2.470755E-06	+2.459691E-06	+2.290826E-06	+1.990461E-06	+1.584896E-06	+1.100431E-06	+5.633653E-07	+0.000000E+00	-5.633653E-07	-1.100431E-06	-1.584896E-06	-1.990461E-06	-2.290826E-06	-2.459691E-06	-2.470755E-06	-2.297720E-06	-1.914284E-06	-1.294148E-06	-4.110112E-07	+7.614256E-07	+2.249463E-06	-4.756007E-06	-1.609871E-06	+8.689952E-07	+2.736198E-06	+4.047343E-06	+4.858036E-06	+5.223883E-06	+5.200489E-06	+4.843460E-06	+4.208403E-06	+3.350922E-06	+2.326625E-06	+1.191115E-06	+0.000000E+00	-1.191115E-06	-2.326625E-06	-3.350922E-06	-4.208403E-06	-4.843460E-06	-5.200489E-06	-5.223883E-06	-4.858036E-06	-4.047343E-06	-2.736198E-06	-8.689952E-07	+1.609871E-06	+4.756007E-06	-6.876929E-06	-2.327787E-06	+1.256520E-06	+3.956394E-06	+5.852239E-06	+7.024457E-06	+7.553452E-06	+7.519626E-06	+7.003382E-06	+6.085123E-06	+4.845253E-06	+3.364173E-06	+1.722288E-06	+0.000000E+00	-1.722288E-06	-3.364173E-06	-4.845253E-06	-6.085123E-06	-7.003382E-06	-7.519626E-06	-7.553452E-06	-7.024457E-06	-5.852239E-06	-3.956394E-06	-1.256520E-06	+2.327787E-06	+6.876929E-06	-8.612229E-06	-2.915172E-06	+1.573586E-06	+4.954737E-06	+7.328972E-06	+8.796984E-06	+9.459463E-06	+9.417101E-06	+8.770590E-06	+7.620622E-06	+6.067887E-06	+4.213077E-06	+2.156884E-06	+0.000000E+00	-2.156884E-06	-4.213077E-06	-6.067887E-06	-7.620622E-06	-8.770590E-06	-9.417101E-06	-9.459463E-06	-8.796984E-06	-7.328972E-06	-4.954737E-06	-1.573586E-06	+2.915172E-06	+8.612229E-06	-9.961907E-06	-3.372028E-06	+1.820193E-06	+5.731226E-06	+8.477543E-06	+1.017562E-05	+1.094192E-05	+1.089292E-05	+1.014509E-05	+8.814898E-06	+7.018824E-06	+4.873335E-06	+2.494903E-06	+0.000000E+00	-2.494903E-06	-4.873335E-06	-7.018824E-06	-8.814898E-06	-1.014509E-05	-1.089292E-05	-1.094192E-05	-1.017562E-05	-8.477543E-06	-5.731226E-06	-1.820193E-06	+3.372028E-06	+9.961907E-06	-1.092596E-05	-3.698353E-06	+1.996340E-06	+6.285860E-06	+9.297950E-06	+1.116035E-05	+1.200081E-05	+1.194707E-05	+1.112687E-05	+9.667953E-06	+7.698065E-06	+5.344948E-06	+2.736346E-06	+0.000000E+00	-2.736346E-06	-5.344948E-06	-7.698065E-06	-9.667953E-06	-1.112687E-05	-1.194707E-05	-1.200081E-05	-1.116035E-05	-9.297950E-06	-6.285860E-06	-1.996340E-06	+3.698353E-06	+1.092596E-05	-1.150440E-05	-3.894148E-06	+2.102029E-06	+6.618641E-06	+9.790195E-06	+1.175120E-05	+1.263615E-05	+1.257956E-05	+1.171594E-05	+1.017979E-05	+8.105610E-06	+5.627916E-06	+2.881211E-06	+0.000000E+00	-2.881211E-06	-5.627916E-06	-8.105610E-06	-1.017979E-05	-1.171594E-05	-1.257956E-05	-1.263615E-05	-1.175120E-05	-9.790195E-06	-6.618641E-06	-2.102029E-06	+3.894148E-06	+1.150440E-05	-1.169721E-05	-3.959413E-06	+2.137258E-06	+6.729568E-06	+9.954276E-06	+1.194814E-05	+1.284793E-05	+1.279039E-05	+1.191229E-05	+1.035040E-05	+8.241458E-06	+5.722239E-06	+2.929500E-06	+0.000000E+00
	S	+1.872418E-06	+1.440322E-06	+1.042793E-06	+6.798319E-07	+3.514385E-07	+5.761288E-08	-2.016451E-07	-4.263353E-07	-6.164578E-07	-7.720125E-07	-8.929996E-07	-9.794189E-07	-1.031270E-06	-1.048554E-06	-1.031270E-06	-9.794189E-07	-8.929996E-07	-7.720125E-07	-6.164578E-07	-4.263353E-07	-2.016451E-07	+5.761288E-08	+3.514385E-07	+6.798319E-07	+1.042793E-06	+1.440322E-06	+1.872418E-06	+1.440322E-06	+1.107940E-06	+8.021485E-07	+5.229477E-07	+2.703373E-07	+4.431760E-08	-1.551116E-07	-3.279502E-07	-4.741983E-07	-5.938558E-07	-6.869228E-07	-7.533992E-07	-7.932850E-07	-8.065803E-07	-7.932850E-07	-7.533992E-07	-6.869228E-07	-5.938558E-07	-4.741983E-07	-3.279502E-07	-1.551116E-07	+4.431760E-08	+2.703373E-07	+5.229477E-07	+8.021485E-07	+1.107940E-06	+1.440322E-06	+1.042793E-06	+8.021485E-07	+5.807555E-07	+3.786141E-07	+1.957242E-07	+3.208594E-08	-1.123008E-07	-2.374360E-07	-3.433196E-07	-4.299516E-07	-4.973321E-07	-5.454610E-07	-5.743383E-07	-5.839641E-07	-5.743383E-07	-5.454610E-07	-4.973321E-07	-4.299516E-07	-3.433196E-07	-2.374360E-07	-1.123008E-07	+3.208594E-08	+1.957242E-07	+3.786141E-07	+5.807555E-07	+8.021485E-07	+1.042793E-06	+6.798319E-07	+5.229477E-07	+3.786141E-07	+2.468313E-07	+1.275992E-07	+2.091791E-08	-7.321267E-08	-1.547925E-07	-2.238216E-07	-2.802999E-07	-3.242275E-07	-3.556044E-07	-3.744305E-07	-3.807059E-07	-3.744305E-07	-3.556044E-07	-3.242275E-07	-2.802999E-07	-2.238216E-07	-1.547925E-07	-7.321267E-08	+2.091791E-08	+1.275992E-07	+2.468313E-07	+3.786141E-07	+5.229477E-07	+6.798319E-07	+3.514385E-07	+2.703373E-07	+1.957242E-07	+1.275992E-07	+6.596231E-08	+1.081349E-08	-3.784723E-08	-8.001985E-08	-1.157044E-07	-1.449008E-07	-1.676092E-07	-1.838294E-07	-1.935615E-07	-1.968056E-07	-1.935615E-07	-1.838294E-07	-1.676092E-07	-1.449008E-07	-1.157044E-07	-8.001985E-08	-3.784723E-08	+1.081349E-08	+6.596231E-08	+1.275992E-07	+1.957242E-07	+2.703373E-07	+3.514385E-07	+5.761288E-08	+4.431760E-08	+3.208594E-08	+2.091791E-08	+1.081349E-08	+1.772704E-09	-6.204464E-09	-1.311801E-08	-1.896793E-08	-2.375423E-08	-2.747691E-08	-3.013597E-08	-3.173140E-08	-3.226321E-08	-3.173140E-08	-3.013597E-08	-2.747691E-08	-2.375423E-08	-1.896793E-08	-1.311801E-08	-6.204464E-09	+1.772704E-09	+1.081349E-08	+2.091791E-08	+3.208594E-08	+4.431760E-08	+5.761288E-08	-2.016451E-07	-1.551116E-07	-1.123008E-07	-7.321267E-08	-3.784723E-08	-6.204464E-09	+2.171562E-08	+4.591303E-08	+6.638776E-08	+8.313981E-08	+9.616919E-08	+1.054759E-07	+1.110599E-07	+1.129212E-07	+1.110599E-07	+1.054759E-07	+9.616919E-08	+8.313981E-08	+6.638776E-08	+4.591303E-08	+2.171562E-08	-6.204464E-09	-3.784723E-08	-7.321267E-08	-1.123008E-07	-1.551116E-07	-2.016451E-07	-4.263353E-07	-3.279502E-07	-2.374360E-07	-1.547925E-07	-8.001985E-08	-1.311801E-08	+4.591303E-08	+9.707327E-08	+1.403627E-07	+1.757813E-07	+2.033291E-07	+2.230062E-07	+2.348124E-07	+2.387478E-07	+2.348124E-07	+2.230062E-07	+2.033291E-07	+1.757813E-07	+1.403627E-07	+9.707327E-08	+4.591303E-08	-1.311801E-08	-8.001985E-08	-1.547925E-07	-2.374360E-07	-3.279502E-07	-4.263353E-07	-6.164578E-07	-4.741983E-07	-3.433196E-07	-2.238216E-07	-1.157044E-07	-1.896793E-08	+6.638776E-08	+1.403627E-07	+2.029569E-07	+2.541703E-07	+2.940029E-07	+3.224548E-07	+3.395260E-07	+3.452164E-07	+3.395260E-07	+3.224548E-07	+2.940029E-07	+2.541703E-07	+2.029569E-07	+1.403627E-07	+6.638776E-08	-1.896793E-08	-1.157044E-07	-2.238216E-07	-3.433196E-07	-4.741983E-07	-6.164578E-07	-7.720125E-07	-5.938558E-07	-4.299516E-07	-2.802999E-07	-1.449008E-07	-2.375423E-08	+8.313981E-08	+1.757813E-07	+2.541703E-07	+3.183067E-07	+3.681906E-07	+4.038219E-07	+4.252008E-07	+4.323270E-07	+4.252008E-07	+4.038219E-07	+3.681906E-07	+3.183067E-07	+2.541703E-07	+1.757813E-07	+8.313981E-08	-2.375423E-08	-1.449008E-07	-2.802999E-07	-4.299516E-07	-5.938558E-07	-7.720125E-07	-8.929996E-07	-6.869228E-07	-4.973321E-07	-3.242275E-07	-1.676092E-07	-2.747691E-08	+9.616919E-08	+2.033291E-07	+2.940029E-07	+3.681906E-07	+4.258921E-07	+4.671075E-07	+4.918367E-07	+5.000798E-07	+4.918367E-07	+4.671075E-07	+4.258921E-07	+3.681906E-07	+2.940029E-07	+2.033291E-07	+9.616919E-08	-2.747691E-08	-1.676092E-07	-3.242275E-07	-4.973321E-07	-6.869228E-07	-8.929996E-07	-9.794189E-07	-7.533992E-07	-5.454610E-07	-3.556044E-07	-1.838294E-07	-3.013597E-08	+1.054759E-07	+2.230062E-07	+3.224548E-07	+4.038219E-07	+4.671075E-07	+5.123114E-07	+5.394338E-07	+5.484746E-07	+5.394338E-07	+5.123114E-07	+4.671075E-07	+4.038219E-07	+3.224548E-07	+2.230062E-07	+1.054759E-07	-3.013597E-08	-1.838294E-07	-3.556044E-07	-5.454610E-07	-7.533992E-07	-9.794189E-07	-1.031270E-06	-7.932850E-07	-5.743383E-07	-3.744305E-07	-1.935615E-07	-3.173140E-08	+1.110599E-07	+2.348124E-07	+3.395260E-07	+4.252008E-07	+4.918367E-07	+5.394338E-07	+5.679921E-07	+5.775115E-07	+5.679921E-07	+5.394338E-07	+4.918367E-07	+4.252008E-07	+3.395260E-07	+2.348124E-07	+1.110599E-07	-3.173140E-08	-1.935615E-07	-3.744305E-07	-5.743383E-07	-7.932850E-07	-1.031270E-06	-1.048554E-06	-8.065803E-07	-5.839641E-07	-3.807059E-07	-1.968056E-07	-3.226321E-08	+1.129212E-07	+2.387478E-07	+3.452164E-07	+4.323270E-07	+5.000798E-07	+5.484746E-07	+5.775115E-07	+5.871904E-07
	A	-2.912651E-07	-1.568351E-07	-4.929102E-08	+3.360751E-08	+9.410103E-08	+1.344300E-07	+1.568351E-07	+1.635566E-07	+1.568351E-07	+1.389110E-07	+1.120250E-07	+7.841753E-08	+4.032901E-08	+0.000000E+00	-4.032901E-08	-7.841753E-08	-1.120250E-07	-1.389110E-07	-1.568351E-07	-1.635566E-07	-1.568351E-07	-1.344300E-07	-9.410103E-08	-3.360751E-08	+4.929102E-08	+1.568351E-07	+2.912651E-07	-2.240501E-07	-1.206423E-07	-3.791617E-08	+2.585193E-08	+7.238541E-08	+1.034077E-07	+1.206423E-07	+1.258127E-07	+1.206423E-07	+1.068547E-07	+8.617311E-08	+6.032117E-08	+3.102232E-08	+0.000000E+00	-3.102232E-08	-6.032117E-08	-8.617311E-08	-1.068547E-07	-1.206423E-07	-1.258127E-07	-1.206423E-07	-1.034077E-07	-7.238541E-08	-2.585193E-08	+3.791617E-08	+1.206423E-07	+2.240501E-07	-1.622123E-07	-8.734506E-08	-2.745130E-08	+1.871680E-08	+5.240704E-08	+7.486719E-08	+8.734506E-08	+9.108842E-08	+8.734506E-08	+7.736277E-08	+6.238933E-08	+4.367253E-08	+2.246016E-08	+0.000000E+00	-2.246016E-08	-4.367253E-08	-6.238933E-08	-7.736277E-08	-8.734506E-08	-9.108842E-08	-8.734506E-08	-7.486719E-08	-5.240704E-08	-1.871680E-08	+2.745130E-08	+8.734506E-08	+1.622123E-07	-1.057516E-07	-5.694319E-08	-1.789643E-08	+1.220211E-08	+3.416591E-08	+4.880845E-08	+5.694319E-08	+5.938361E-08	+5.694319E-08	+5.043540E-08	+4.067371E-08	+2.847159E-08	+1.464253E-08	+0.000000E+00	-1.464253E-08	-2.847159E-08	-4.067371E-08	-5.043540E-08	-5.694319E-08	-5.938361E-08	-5.694319E-08	-4.880845E-08	-3.416591E-08	-1.220211E-08	+1.789643E-08	+5.694319E-08	+1.057516E-07	-5.466822E-08	-2.943673E-08	-9.251545E-09	+6.307871E-09	+1.766204E-08	+2.523149E-08	+2.943673E-08	+3.069831E-08	+2.943673E-08	+2.607254E-08	+2.102624E-08	+1.471837E-08	+7.569446E-09	+0.000000E+00	-7.569446E-09	-1.471837E-08	-2.102624E-08	-2.607254E-08	-2.943673E-08	-3.069831E-08	-2.943673E-08	-2.523149E-08	-1.766204E-08	-6.307871E-09	+9.251545E-09	+2.943673E-08	+5.466822E-08	-8.962003E-09	-4.825694E-09	-1.516647E-09	+1.034077E-09	+2.895416E-09	+4.136309E-09	+4.825694E-09	+5.032509E-09	+4.825694E-09	+4.274186E-09	+3.446924E-09	+2.412847E-09	+1.240893E-09	+0.000000E+00	-1.240893E-09	-2.412847E-09	-3.446924E-09	-4.274186E-09	-4.825694E-09	-5.032509E-09	-4.825694E-09	-4.136309E-09	-2.895416E-09	-1.034077E-09	+1.516647E-09	+4.825694E-09	+8.962003E-09	+3.136701E-08	+1.688993E-08	+5.308263E-09	-3.619270E-09	-1.013396E-08	-1.447708E-08	-1.688993E-08	-1.761378E-08	-1.688993E-08	-1.495965E-08	-1.206423E-08	-8.444964E-09	-4.343125E-09	+0.000000E+00	+4.343125E-09	+8.444964E-09	+1.206423E-08	+1.495965E-08	+1.688993E-08	+1.761378E-08	+1.688993E-08	+1.447708E-08	+1.013396E-08	+3.619270E-09	-5.308263E-09	-1.688993E-08	-3.136701E-08	+6.631882E-08	+3.571014E-08	+1.122319E-08	-7.652172E-09	-2.142608E-08	-3.060869E-08	-3.571014E-08	-3.724057E-08	-3.571014E-08	-3.162898E-08	-2.550724E-08	-1.785507E-08	-9.182606E-09	+0.000000E+00	+9.182606E-09	+1.785507E-08	+2.550724E-08	+3.162898E-08	+3.571014E-08	+3.724057E-08	+3.571014E-08	+3.060869E-08	+2.142608E-08	+7.652172E-09	-1.122319E-08	-3.571014E-08	-6.631882E-08	+9.589343E-08	+5.163493E-08	+1.622812E-08	-1.106463E-08	-3.098096E-08	-4.425851E-08	-5.163493E-08	-5.384785E-08	-5.163493E-08	-4.573379E-08	-3.688209E-08	-2.581746E-08	-1.327755E-08	+0.000000E+00	+1.327755E-08	+2.581746E-08	+3.688209E-08	+4.573379E-08	+5.163493E-08	+5.384785E-08	+5.163493E-08	+4.425851E-08	+3.098096E-08	+1.106463E-08	-1.622812E-08	-5.163493E-08	-9.589343E-08	+1.200908E-07	+6.466430E-08	+2.032307E-08	-1.385664E-08	-3.879858E-08	-5.542654E-08	-6.466430E-08	-6.743563E-08	-6.466430E-08	-5.727409E-08	-4.618879E-08	-3.233215E-08	-1.662796E-08	+0.000000E+00	+1.662796E-08	+3.233215E-08	+4.618879E-08	+5.727409E-08	+6.466430E-08	+6.743563E-08	+6.466430E-08	+5.542654E-08	+3.879858E-08	+1.385664E-08	-2.032307E-08	-6.466430E-08	-1.200908E-07	+1.389110E-07	+7.479826E-08	+2.350802E-08	-1.602820E-08	-4.487895E-08	-6.411279E-08	-7.479826E-08	-7.800390E-08	-7.479826E-08	-6.624988E-08	-5.342733E-08	-3.739913E-08	-1.923384E-08	+0.000000E+00	+1.923384E-08	+3.739913E-08	+5.342733E-08	+6.624988E-08	+7.479826E-08	+7.800390E-08	+7.479826E-08	+6.411279E-08	+4.487895E-08	+1.602820E-08	-2.350802E-08	-7.479826E-08	-1.389110E-07	+1.523541E-07	+8.203680E-08	+2.578299E-08	-1.757931E-08	-4.922208E-08	-7.031725E-08	-8.203680E-08	-8.555266E-08	-8.203680E-08	-7.266116E-08	-5.859771E-08	-4.101840E-08	-2.109518E-08	+0.000000E+00	+2.109518E-08	+4.101840E-08	+5.859771E-08	+7.266116E-08	+8.203680E-08	+8.555266E-08	+8.203680E-08	+7.031725E-08	+4.922208E-08	+1.757931E-08	-2.578299E-08	-8.203680E-08	-1.523541E-07	+1.604199E-07	+8.637992E-08	+2.714798E-08	-1.850998E-08	-5.182795E-08	-7.403993E-08	-8.637992E-08	-9.008192E-08	-8.637992E-08	-7.650793E-08	-6.169994E-08	-4.318996E-08	-2.221198E-08	+0.000000E+00	+2.221198E-08	+4.318996E-08	+6.169994E-08	+7.650793E-08	+8.637992E-08	+9.008192E-08	+8.637992E-08	+7.403993E-08	+5.182795E-08	+1.850998E-08	-2.714798E-08	-8.637992E-08	-1.604199E-07	+1.631085E-07	+8.782763E-08	+2.760297E-08	-1.882021E-08	-5.269658E-08	-7.528083E-08	-8.782763E-08	-9.159167E-08	-8.782763E-08	-7.779019E-08	-6.273402E-08	-4.391381E-08	-2.258425E-08	+0.000000E+00
	A	+9.786507E-06	+5.708796E-06	+1.957301E-06	-1.467976E-06	-4.567037E-06	-7.339881E-06	-9.786507E-06	-1.190692E-05	-1.370111E-05	-1.516909E-05	-1.631085E-05	-1.712639E-05	-1.761571E-05	-1.777882E-05	-1.761571E-05	-1.712639E-05	-1.631085E-05	-1.516909E-05	-1.370111E-05	-1.190692E-05	-9.786507E-06	-7.339881E-06	-4.567037E-06	-1.467976E-06	+1.957301E-06	+5.708796E-06	+9.786507E-06	+5.269658E-06	+3.073967E-06	+1.053932E-06	-7.904487E-07	-2.459174E-06	-3.952243E-06	-5.269658E-06	-6.411417E-06	-7.377521E-06	-8.167970E-06	-8.782763E-06	-9.221901E-06	-9.485384E-06	-9.573212E-06	-9.485384E-06	-9.221901E-06	-8.782763E-06	-8.167970E-06	-7.377521E-06	-6.411417E-06	-5.269658E-06	-3.952243E-06	-2.459174E-06	-7.904487E-07	+1.053932E-06	+3.073967E-06	+5.269658E-06	+1.656178E-06	+9.661039E-07	+3.312356E-07	-2.484267E-07	-7.728831E-07	-1.242134E-06	-1.656178E-06	-2.015017E-06	-2.318649E-06	-2.567076E-06	-2.760297E-06	-2.898312E-06	-2.981121E-06	-3.008724E-06	-2.981121E-06	-2.898312E-06	-2.760297E-06	-2.567076E-06	-2.318649E-06	-2.015017E-06	-1.656178E-06	-1.242134E-06	-7.728831E-07	-2.484267E-07	+3.312356E-07	+9.661039E-07	+1.656178E-06	-1.129212E-06	-6.587072E-07	-2.258425E-07	+1.693819E-07	+5.269658E-07	+8.469093E-07	+1.129212E-06	+1.373875E-06	+1.580897E-06	+1.750279E-06	+1.882021E-06	+1.976122E-06	+2.032582E-06	+2.051403E-06	+2.032582E-06	+1.976122E-06	+1.882021E-06	+1.750279E-06	+1.580897E-06	+1.373875E-06	+1.129212E-06	+8.469093E-07	+5.269658E-07	+1.693819E-07	-2.258425E-07	-6.587072E-07	-1.129212E-06	-3.161795E-06	-1.844380E-06	-6.323589E-07	+4.742692E-07	+1.475504E-06	+2.371346E-06	+3.161795E-06	+3.846850E-06	+4.426513E-06	+4.900782E-06	+5.269658E-06	+5.533141E-06	+5.691230E-06	+5.743927E-06	+5.691230E-06	+5.533141E-06	+5.269658E-06	+4.900782E-06	+4.426513E-06	+3.846850E-06	+3.161795E-06	+2.371346E-06	+1.475504E-06	+4.742692E-07	-6.323589E-07	-1.844380E-06	-3.161795E-06	-4.516850E-06	-2.634829E-06	-9.033699E-07	+6.775274E-07	+2.107863E-06	+3.387637E-06	+4.516850E-06	+5.495500E-06	+6.323589E-06	+7.001117E-06	+7.528083E-06	+7.904487E-06	+8.130329E-06	+8.205610E-06	+8.130329E-06	+7.904487E-06	+7.528083E-06	+7.001117E-06	+6.323589E-06	+5.495500E-06	+4.516850E-06	+3.387637E-06	+2.107863E-06	+6.775274E-07	-9.033699E-07	-2.634829E-06	-4.516850E-06	-5.269658E-06	-3.073967E-06	-1.053932E-06	+7.904487E-07	+2.459174E-06	+3.952243E-06	+5.269658E-06	+6.411417E-06	+7.377521E-06	+8.167970E-06	+8.782763E-06	+9.221901E-06	+9.485384E-06	+9.573212E-06	+9.485384E-06	+9.221901E-06	+8.782763E-06	+8.167970E-06	+7.377521E-06	+6.411417E-06	+5.269658E-06	+3.952243E-06	+2.459174E-06	+7.904487E-07	-1.053932E-06	-3.073967E-06	-5.269658E-06	-5.495500E-06	-3.205708E-06	-1.099100E-06	+8.243250E-07	+2.564567E-06	+4.121625E-06	+5.495500E-06	+6.686192E-06	+7.693700E-06	+8.518025E-06	+9.159167E-06	+9.617125E-06	+9.891900E-06	+9.983492E-06	+9.891900E-06	+9.617125E-06	+9.159167E-06	+8.518025E-06	+7.693700E-06	+6.686192E-06	+5.495500E-06	+4.121625E-06	+2.564567E-06	+8.243250E-07	-1.099100E-06	-3.205708E-06	-5.495500E-06	-5.269658E-06	-3.073967E-06	-1.053932E-06	+7.904487E-07	+2.459174E-06	+3.952243E-06	+5.269658E-06	+6.411417E-06	+7.377521E-06	+8.167970E-06	+8.782763E-06	+9.221901E-06	+9.485384E-06	+9.573212E-06	+9.485384E-06	+9.221901E-06	+8.782763E-06	+8.167970E-06	+7.377521E-06	+6.411417E-06	+5.269658E-06	+3.952243E-06	+2.459174E-06	+7.904487E-07	-1.053932E-06	-3.073967E-06	-5.269658E-06	-4.667411E-06	-2.722657E-06	-9.334822E-07	+7.001117E-07	+2.178125E-06	+3.500558E-06	+4.667411E-06	+5.678684E-06	+6.534376E-06	+7.234487E-06	+7.779019E-06	+8.167970E-06	+8.401340E-06	+8.479130E-06	+8.401340E-06	+8.167970E-06	+7.779019E-06	+7.234487E-06	+6.534376E-06	+5.678684E-06	+4.667411E-06	+3.500558E-06	+2.178125E-06	+7.001117E-07	-9.334822E-07	-2.722657E-06	-4.667411E-06	-3.764041E-06	-2.195691E-06	-7.528083E-07	+5.646062E-07	+1.756553E-06	+2.823031E-06	+3.764041E-06	+4.579584E-06	+5.269658E-06	+5.834264E-06	+6.273402E-06	+6.587072E-06	+6.775274E-06	+6.838008E-06	+6.775274E-06	+6.587072E-06	+6.273402E-06	+5.834264E-06	+5.269658E-06	+4.579584E-06	+3.764041E-06	+2.823031E-06	+1.756553E-06	+5.646062E-07	-7.528083E-07	-2.195691E-06	-3.764041E-06	-2.634829E-06	-1.536984E-06	-5.269658E-07	+3.952243E-07	+1.229587E-06	+1.976122E-06	+2.634829E-06	+3.205708E-06	+3.688760E-06	+4.083985E-06	+4.391381E-06	+4.610951E-06	+4.742692E-06	+4.786606E-06	+4.742692E-06	+4.610951E-06	+4.391381E-06	+4.083985E-06	+3.688760E-06	+3.205708E-06	+2.634829E-06	+1.976122E-06	+1.229587E-06	+3.952243E-07	-5.269658E-07	-1.536984E-06	-2.634829E-06	-1.355055E-06	-7.904487E-07	-2.710110E-07	+2.032582E-07	+6.323589E-07	+1.016291E-06	+1.355055E-06	+1.648650E-06	+1.897077E-06	+2.100335E-06	+2.258425E-06	+2.371346E-06	+2.439099E-06	+2.461683E-06	+2.439099E-06	+2.371346E-06	+2.258425E-06	+2.100335E-06	+1.897077E-06	+1.648650E-06	+1.355055E-06	+1.016291E-06	+6.323589E-07	+2.032582E-07	-2.710110E-07	-7.904487E-07	-1.355055E-06	+0.000000E+00	+0.000000E+00	+0.000000E+00	+0.000000E+00	+0.000000E+00	+0.000000E+00	+0.000000E+00	+0.000000E+00	+0.000000E+00	+0.000000E+00	+0.000000E+00	+0.000000E+00	+0.000000E+00	+0.000000E+00
	S	-3.249224E-06	-1.099837E-06	+5.936829E-07	+1.869324E-06	+2.765077E-06	+3.318928E-06	+3.568869E-06	+3.552887E-06	+3.308971E-06	+2.875110E-06	+2.289294E-06	+1.589511E-06	+8.137499E-07	+0.000000E+00	-8.137499E-07	-1.589511E-06	-2.289294E-06	-2.875110E-06	-3.308971E-06	-3.552887E-06	-3.568869E-06	-3.318928E-06	-2.765077E-06	-1.869324E-06	-5.936829E-07	+1.099837E-06	+3.249224E-06	-1.749582E-06	-5.922199E-07	+3.196754E-07	+1.006559E-06	+1.488887E-06	+1.787115E-06	+1.921699E-06	+1.913093E-06	+1.781753E-06	+1.548136E-06	+1.232697E-06	+8.558904E-07	+4.381730E-07	+0.000000E+00	-4.381730E-07	-8.558904E-07	-1.232697E-06	-1.548136E-06	-1.781753E-06	-1.913093E-06	-1.921699E-06	-1.787115E-06	-1.488887E-06	-1.006559E-06	-3.196754E-07	+5.922199E-07	+1.749582E-06	-5.498687E-07	-1.861262E-07	+1.004694E-07	+3.163472E-07	+4.679361E-07	+5.616648E-07	+6.039624E-07	+6.012577E-07	+5.599797E-07	+4.865571E-07	+3.874190E-07	+2.689941E-07	+1.377115E-07	+0.000000E+00	-1.377115E-07	-2.689941E-07	-3.874190E-07	-4.865571E-07	-5.599797E-07	-6.012577E-07	-6.039624E-07	-5.616648E-07	-4.679361E-07	-3.163472E-07	-1.004694E-07	+1.861262E-07	+5.498687E-07	+3.749105E-07	+1.269043E-07	-6.850187E-08	-2.156913E-07	-3.190473E-07	-3.829533E-07	-4.117926E-07	-4.099484E-07	-3.818043E-07	-3.317435E-07	-2.641493E-07	-1.834051E-07	-9.389422E-08	+0.000000E+00	+9.389422E-08	+1.834051E-07	+2.641493E-07	+3.317435E-07	+3.818043E-07	+4.099484E-07	+4.117926E-07	+3.829533E-07	+3.190473E-07	+2.156913E-07	+6.850187E-08	-1.269043E-07	-3.749105E-07	+1.049749E-06	+3.553319E-07	-1.918052E-07	-6.039356E-07	-8.933325E-07	-1.072269E-06	-1.153019E-06	-1.147856E-06	-1.069052E-06	-9.288817E-07	-7.396180E-07	-5.135343E-07	-2.629038E-07	+0.000000E+00	+2.629038E-07	+5.135343E-07	+7.396180E-07	+9.288817E-07	+1.069052E-06	+1.147856E-06	+1.153019E-06	+1.072269E-06	+8.933325E-07	+6.039356E-07	+1.918052E-07	-3.553319E-07	-1.049749E-06	+1.499642E-06	+5.076170E-07	-2.740075E-07	-8.627651E-07	-1.276189E-06	-1.531813E-06	-1.647170E-06	-1.639794E-06	-1.527217E-06	-1.326974E-06	-1.056597E-06	-7.336204E-07	-3.755769E-07	+0.000000E+00	+3.755769E-07	+7.336204E-07	+1.056597E-06	+1.326974E-06	+1.527217E-06	+1.639794E-06	+1.647170E-06	+1.531813E-06	+1.276189E-06	+8.627651E-07	+2.740075E-07	-5.076170E-07	-1.499642E-06	+1.749582E-06	+5.922199E-07	-3.196754E-07	-1.006559E-06	-1.488887E-06	-1.787115E-06	-1.921699E-06	-1.913093E-06	-1.781753E-06	-1.548136E-06	-1.232697E-06	-8.558904E-07	-4.381730E-07	+0.000000E+00	+4.381730E-07	+8.558904E-07	+1.232697E-06	+1.548136E-06	+1.781753E-06	+1.913093E-06	+1.921699E-06	+1.787115E-06	+1.488887E-06	+1.006559E-06	+3.196754E-07	-5.922199E-07	-1.749582E-06	+1.824564E-06	+6.176007E-07	-3.333758E-07	-1.049698E-06	-1.552697E-06	-1.863706E-06	-2.004057E-06	-1.995082E-06	-1.858114E-06	-1.614485E-06	-1.285527E-06	-8.925715E-07	-4.569519E-07	+0.000000E+00	+4.569519E-07	+8.925715E-07	+1.285527E-06	+1.614485E-06	+1.858114E-06	+1.995082E-06	+2.004057E-06	+1.863706E-06	+1.552697E-06	+1.049698E-06	+3.333758E-07	-6.176007E-07	-1.824564E-06	+1.749582E-06	+5.922199E-07	-3.196754E-07	-1.006559E-06	-1.488887E-06	-1.787115E-06	-1.921699E-06	-1.913093E-06	-1.781753E-06	-1.548136E-06	-1.232697E-06	-8.558904E-07	-4.381730E-07	+0.000000E+00	+4.381730E-07	+8.558904E-07	+1.232697E-06	+1.548136E-06	+1.781753E-06	+1.913093E-06	+1.921699E-06	+1.787115E-06	+1.488887E-06	+1.006559E-06	+3.196754E-07	-5.922199E-07	-1.749582E-06	+1.549630E-06	+5.245376E-07	-2.831411E-07	-8.915240E-07	-1.318729E-06	-1.582874E-06	-1.702076E-06	-1.694454E-06	-1.578124E-06	-1.371206E-06	-1.091817E-06	-7.580744E-07	-3.880961E-07	+0.000000E+00	+3.880961E-07	+7.580744E-07	+1.091817E-06	+1.371206E-06	+1.578124E-06	+1.694454E-06	+1.702076E-06	+1.582874E-06	+1.318729E-06	+8.915240E-07	+2.831411E-07	-5.245376E-07	-1.549630E-06	+1.249702E-06	+4.230142E-07	-2.283396E-07	-7.189710E-07	-1.063491E-06	-1.276511E-06	-1.372642E-06	-1.366495E-06	-1.272681E-06	-1.105812E-06	-8.804977E-07	-6.113503E-07	-3.129807E-07	+0.000000E+00	+3.129807E-07	+6.113503E-07	+8.804977E-07	+1.105812E-06	+1.272681E-06	+1.366495E-06	+1.372642E-06	+1.276511E-06	+1.063491E-06	+7.189710E-07	+2.283396E-07	-4.230142E-07	-1.249702E-06	+8.747911E-07	+2.961099E-07	-1.598377E-07	-5.032797E-07	-7.444437E-07	-8.935577E-07	-9.608493E-07	-9.565464E-07	-8.908767E-07	-7.740681E-07	-6.163484E-07	-4.279452E-07	-2.190865E-07	+0.000000E+00	+2.190865E-07	+4.279452E-07	+6.163484E-07	+7.740681E-07	+8.908767E-07	+9.565464E-07	+9.608493E-07	+8.935577E-07	+7.444437E-07	+5.032797E-07	+1.598377E-07	-2.961099E-07	-8.747911E-07	+4.498926E-07	+1.522851E-07	-8.220225E-08	-2.588295E-07	-3.828568E-07	-4.595439E-07	-4.941511E-07	-4.919381E-07	-4.581652E-07	-3.980922E-07	-3.169792E-07	-2.200861E-07	-1.126731E-07	+0.000000E+00	+1.126731E-07	+2.200861E-07	+3.169792E-07	+3.980922E-07	+4.581652E-07	+4.919381E-07	+4.941511E-07	+4.595439E-07	+3.828568E-07	+2.588295E-07	+8.220225E-08	-1.522851E-07	-4.498926E-07	+0.000000E+00	+0.000000E+00	+0.000000E+00	+0.000000E+00	+0.000000E+00	+0.000000E+00	+0.000000E+00	+0.000000E+00	+0.000000E+00	+0.000000E+00	+0.000000E+00	+0.000000E+00	+0.000000E+00	+0.000000E+00
	A	-2.912651E-07	-2.240501E-07	-1.622123E-07	-1.057516E-07	-5.466822E-08	-8.962003E-09	+3.136701E-08	+6.631882E-08	+9.589343E-08	+1.200908E-07	+1.389110E-07	+1.523541E-07	+1.604199E-07	+1.631085E-07	+1.604199E-07	+1.523541E-07	+1.389110E-07	+1.200908E-07	+9.589343E-08	+6.631882E-08	+3.136701E-08	-8.962003E-09	-5.466822E-08	-1.057516E-07	-1.622123E-07	-2.240501E-07	-2.912651E-07	-1.568351E-07	-1.206423E-07	-8.734506E-08	-5.694319E-08	-2.943673E-08	-4.825694E-09	+1.688993E-08	+3.571014E-08	+5.163493E-08	+6.466430E-08	+7.479826E-08	+8.203680E-08	+8.637992E-08	+8.782763E-08	+8.637992E-08	+8.203680E-08	+7.479826E-08	+6.466430E-08	+5.163493E-08	+3.571014E-08	+1.688993E-08	-4.825694E-09	-2.943673E-08	-5.694319E-08	-8.734506E-08	-1.206423E-07	-1.568351E-07	-4.929102E-08	-3.791617E-08	-2.745130E-08	-1.789643E-08	-9.251545E-09	-1.516647E-09	+5.308263E-09	+1.122319E-08	+1.622812E-08	+2.032307E-08	+2.350802E-08	+2.578299E-08	+2.714798E-08	+2.760297E-08	+2.714798E-08	+2.578299E-08	+2.350802E-08	+2.032307E-08	+1.622812E-08	+1.122319E-08	+5.308263E-09	-1.516647E-09	-9.251545E-09	-1.789643E-08	-2.745130E-08	-3.791617E-08	-4.929102E-08	+3.360751E-08	+2.585193E-08	+1.871680E-08	+1.220211E-08	+6.307871E-09	+1.034077E-09	-3.619270E-09	-7.652172E-09	-1.106463E-08	-1.385664E-08	-1.602820E-08	-1.757931E-08	-1.850998E-08	-1.882021E-08	-1.850998E-08	-1.757931E-08	-1.602820E-08	-1.385664E-08	-1.106463E-08	-7.652172E-09	-3.619270E-09	+1.034077E-09	+6.307871E-09	+1.220211E-08	+1.871680E-08	+2.585193E-08	+3.360751E-08	+9.410103E-08	+7.238541E-08	+5.240704E-08	+3.416591E-08	+1.766204E-08	+2.895416E-09	-1.013396E-08	-2.142608E-08	-3.098096E-08	-3.879858E-08	-4.487895E-08	-4.922208E-08	-5.182795E-08	-5.269658E-08	-5.182795E-08	-4.922208E-08	-4.487895E-08	-3.879858E-08	-3.098096E-08	-2.142608E-08	-1.013396E-08	+2.895416E-09	+1.766204E-08	+3.416591E-08	+5.240704E-08	+7.238541E-08	+9.410103E-08	+1.344300E-07	+1.034077E-07	+7.486719E-08	+4.880845E-08	+2.523149E-08	+4.136309E-09	-1.447708E-08	-3.060869E-08	-4.425851E-08	-5.542654E-08	-6.411279E-08	-7.031725E-08	-7.403993E-08	-7.528083E-08	-7.403993E-08	-7.031725E-08	-6.411279E-08	-5.542654E-08	-4.425851E-08	-3.060869E-08	-1.447708E-08	+4.136309E-09	+2.523149E-08	+4.880845E-08	+7.486719E-08	+1.034077E-07	+1.344300E-07	+1.568351E-07	+1.206423E-07	+8.734506E-08	+5.694319E-08	+2.943673E-08	+4.825694E-09	-1.688993E-08	-3.571014E-08	-5.163493E-08	-6.466430E-08	-7.479826E-08	-8.203680E-08	-8.637992E-08	-8.782763E-08	-8.637992E-08	-8.203680E-08	-7.479826E-08	-6.466430E-08	-5.163493E-08	-3.571014E-08	-1.688993E-08	+4.825694E-09	+2.943673E-08	+5.694319E-08	+8.734506E-08	+1.206423E-07	+1.568351E-07	+1.635566E-07	+1.258127E-07	+9.108842E-08	+5.938361E-08	+3.069831E-08	+5.032509E-09	-1.761378E-08	-3.724057E-08	-5.384785E-08	-6.743563E-08	-7.800390E-08	-8.555266E-08	-9.008192E-08	-9.159167E-08	-9.008192E-08	-8.555266E-08	-7.800390E-08	-6.743563E-08	-5.384785E-08	-3.724057E-08	-1.761378E-08	+5.032509E-09	+3.069831E-08	+5.938361E-08	+9.108842E-08	+1.258127E-07	+1.635566E-07	+1.568351E-07	+1.206423E-07	+8.734506E-08	+5.694319E-08	+2.943673E-08	+4.825694E-09	-1.688993E-08	-3.571014E-08	-5.163493E-08	-6.466430E-08	-7.479826E-08	-8.203680E-08	-8.637992E-08	-8.782763E-08	-8.637992E-08	-8.203680E-08	-7.479826E-08	-6.466430E-08	-5.163493E-08	-3.571014E-08	-1.688993E-08	+4.825694E-09	+2.943673E-08	+5.694319E-08	+8.734506E-08	+1.206423E-07	+1.568351E-07	+1.389110E-07	+1.068547E-07	+7.736277E-08	+5.043540E-08	+2.607254E-08	+4.274186E-09	-1.495965E-08	-3.162898E-08	-4.573379E-08	-5.727409E-08	-6.624988E-08	-7.266116E-08	-7.650793E-08	-7.779019E-08	-7.650793E-08	-7.266116E-08	-6.624988E-08	-5.727409E-08	-4.573379E-08	-3.162898E-08	-1.495965E-08	+4.274186E-09	+2.607254E-08	+5.043540E-08	+7.736277E-08	+1.068547E-07	+1.389110E-07	+1.120250E-07	+8.617311E-08	+6.238933E-08	+4.067371E-08	+2.102624E-08	+3.446924E-09	-1.206423E-08	-2.550724E-08	-3.688209E-08	-4.618879E-08	-5.342733E-08	-5.859771E-08	-6.169994E-08	-6.273402E-08	-6.169994E-08	-5.859771E-08	-5.342733E-08	-4.618879E-08	-3.688209E-08	-2.550724E-08	-1.206423E-08	+3.446924E-09	+2.102624E-08	+4.067371E-08	+6.238933E-08	+8.617311E-08	+1.120250E-07	+7.841753E-08	+6.032117E-08	+4.367253E-08	+2.847159E-08	+1.471837E-08	+2.412847E-09	-8.444964E-09	-1.785507E-08	-2.581746E-08	-3.233215E-08	-3.739913E-08	-4.101840E-08	-4.318996E-08	-4.391381E-08	-4.318996E-08	-4.101840E-08	-3.739913E-08	-3.233215E-08	-2.581746E-08	-1.785507E-08	-8.444964E-09	+2.412847E-09	+1.471837E-08	+2.847159E-08	+4.367253E-08	+6.032117E-08	+7.841753E-08	+4.032901E-08	+3.102232E-08	+2.246016E-08	+1.464253E-08	+7.569446E-09	+1.240893E-09	-4.343125E-09	-9.182606E-09	-1.327755E-08	-1.662796E-08	-1.923384E-08	-2.109518E-08	-2.221198E-08	-2.258425E-08	-2.221198E-08	-2.109518E-08	-1.923384E-08	-1.662796E-08	-1.327755E-08	-9.182606E-09	-4.343125E-09	+1.240893E-09	+7.569446E-09	+1.464253E-08	+2.246016E-08	+3.102232E-08	+4.032901E-08	+0.000000E+00	+0.000000E+00	+0.000000E+00	+0.000000E+00	+0.000000E+00	+0.000000E+00	+0.000000E+00	+0.000000E+00	+0.000000E+00	+0.000000E+00	+0.000000E+00	+0.000000E+00	+0.000000E+00	+0.000000E+00
	S	+4.530790E-08	+2.439656E-08	+7.667492E-09	-5.227835E-09	-1.463794E-08	-2.091134E-08	-2.439656E-08	-2.544213E-08	-2.439656E-08	-2.160839E-08	-1.742612E-08	-1.219828E-08	-6.273402E-09	+0.000000E+00	+6.273402E-09	+1.219828E-08	+1.742612E-08	+2.160839E-08	+2.439656E-08	+2.544213E-08	+2.439656E-08	+2.091134E-08	+1.463794E-08	+5.227835E-09	-7.667492E-09	-2.439656E-08	-4.530790E-08	+2.439656E-08	+1.313661E-08	+4.128649E-09	-2.814988E-09	-7.881967E-09	-1.125995E-08	-1.313661E-08	-1.369961E-08	-1.313661E-08	-1.163528E-08	-9.383294E-09	-6.568306E-09	-3.377986E-09	+0.000000E+00	+3.377986E-09	+6.568306E-09	+9.383294E-09	+1.163528E-08	+1.313661E-08	+1.369961E-08	+1.313661E-08	+1.125995E-08	+7.881967E-09	+2.814988E-09	-4.128649E-09	-1.313661E-08	-2.439656E-08	+7.667492E-09	+4.128649E-09	+1.297575E-09	-8.847106E-10	-2.477190E-09	-3.538842E-09	-4.128649E-09	-4.305591E-09	-4.128649E-09	-3.656804E-09	-2.949035E-09	-2.064325E-09	-1.061653E-09	+0.000000E+00	+1.061653E-09	+2.064325E-09	+2.949035E-09	+3.656804E-09	+4.128649E-09	+4.305591E-09	+4.128649E-09	+3.538842E-09	+2.477190E-09	+8.847106E-10	-1.297575E-09	-4.128649E-09	-7.667492E-09	-5.227835E-09	-2.814988E-09	-8.847106E-10	+6.032117E-10	+1.688993E-09	+2.412847E-09	+2.814988E-09	+2.935630E-09	+2.814988E-09	+2.493275E-09	+2.010706E-09	+1.407494E-09	+7.238541E-10	+0.000000E+00	-7.238541E-10	-1.407494E-09	-2.010706E-09	-2.493275E-09	-2.814988E-09	-2.935630E-09	-2.814988E-09	-2.412847E-09	-1.688993E-09	-6.032117E-10	+8.847106E-10	+2.814988E-09	+5.227835E-09	-1.463794E-08	-7.881967E-09	-2.477190E-09	+1.688993E-09	+4.729180E-09	+6.755972E-09	+7.881967E-09	+8.219765E-09	+7.881967E-09	+6.981171E-09	+5.629976E-09	+3.940983E-09	+2.026791E-09	+0.000000E+00	-2.026791E-09	-3.940983E-09	-5.629976E-09	-6.981171E-09	-7.881967E-09	-8.219765E-09	-7.881967E-09	-6.755972E-09	-4.729180E-09	-1.688993E-09	+2.477190E-09	+7.881967E-09	+1.463794E-08	-2.091134E-08	-1.125995E-08	-3.538842E-09	+2.412847E-09	+6.755972E-09	+9.651388E-09	+1.125995E-08	+1.174252E-08	+1.125995E-08	+9.973101E-09	+8.042823E-09	+5.629976E-09	+2.895416E-09	+0.000000E+00	-2.895416E-09	-5.629976E-09	-8.042823E-09	-9.973101E-09	-1.125995E-08	-1.174252E-08	-1.125995E-08	-9.651388E-09	-6.755972E-09	-2.412847E-09	+3.538842E-09	+1.125995E-08	+2.091134E-08	-2.439656E-08	-1.313661E-08	-4.128649E-09	+2.814988E-09	+7.881967E-09	+1.125995E-08	+1.313661E-08	+1.369961E-08	+1.313661E-08	+1.163528E-08	+9.383294E-09	+6.568306E-09	+3.377986E-09	+0.000000E+00	-3.377986E-09	-6.568306E-09	-9.383294E-09	-1.163528E-08	-1.313661E-08	-1.369961E-08	-1.313661E-08	-1.125995E-08	-7.881967E-09	-2.814988E-09	+4.128649E-09	+1.313661E-08	+2.439656E-08	-2.544213E-08	-1.369961E-08	-4.305591E-09	+2.935630E-09	+8.219765E-09	+1.174252E-08	+1.369961E-08	+1.428674E-08	+1.369961E-08	+1.213394E-08	+9.785435E-09	+6.849804E-09	+3.522757E-09	+0.000000E+00	-3.522757E-09	-6.849804E-09	-9.785435E-09	-1.213394E-08	-1.369961E-08	-1.428674E-08	-1.369961E-08	-1.174252E-08	-8.219765E-09	-2.935630E-09	+4.305591E-09	+1.369961E-08	+2.544213E-08	-2.439656E-08	-1.313661E-08	-4.128649E-09	+2.814988E-09	+7.881967E-09	+1.125995E-08	+1.313661E-08	+1.369961E-08	+1.313661E-08	+1.163528E-08	+9.383294E-09	+6.568306E-09	+3.377986E-09	+0.000000E+00	-3.377986E-09	-6.568306E-09	-9.383294E-09	-1.163528E-08	-1.313661E-08	-1.369961E-08	-1.313661E-08	-1.125995E-08	-7.881967E-09	-2.814988E-09	+4.128649E-09	+1.313661E-08	+2.439656E-08	-2.160839E-08	-1.163528E-08	-3.656804E-09	+2.493275E-09	+6.981171E-09	+9.973101E-09	+1.163528E-08	+1.213394E-08	+1.163528E-08	+1.030554E-08	+8.310917E-09	+5.817642E-09	+2.991930E-09	+0.000000E+00	-2.991930E-09	-5.817642E-09	-8.310917E-09	-1.030554E-08	-1.163528E-08	-1.213394E-08	-1.163528E-08	-9.973101E-09	-6.981171E-09	-2.493275E-09	+3.656804E-09	+1.163528E-08	+2.160839E-08	-1.742612E-08	-9.383294E-09	-2.949035E-09	+2.010706E-09	+5.629976E-09	+8.042823E-09	+9.383294E-09	+9.785435E-09	+9.383294E-09	+8.310917E-09	+6.702353E-09	+4.691647E-09	+2.412847E-09	+0.000000E+00	-2.412847E-09	-4.691647E-09	-6.702353E-09	-8.310917E-09	-9.383294E-09	-9.785435E-09	-9.383294E-09	-8.042823E-09	-5.629976E-09	-2.010706E-09	+2.949035E-09	+9.383294E-09	+1.742612E-08	-1.219828E-08	-6.568306E-09	-2.064325E-09	+1.407494E-09	+3.940983E-09	+5.629976E-09	+6.568306E-09	+6.849804E-09	+6.568306E-09	+5.817642E-09	+4.691647E-09	+3.284153E-09	+1.688993E-09	+0.000000E+00	-1.688993E-09	-3.284153E-09	-4.691647E-09	-5.817642E-09	-6.568306E-09	-6.849804E-09	-6.568306E-09	-5.629976E-09	-3.940983E-09	-1.407494E-09	+2.064325E-09	+6.568306E-09	+1.219828E-08	-6.273402E-09	-3.377986E-09	-1.061653E-09	+7.238541E-10	+2.026791E-09	+2.895416E-09	+3.377986E-09	+3.522757E-09	+3.377986E-09	+2.991930E-09	+2.412847E-09	+1.688993E-09	+8.686249E-10	+0.000000E+00	-8.686249E-10	-1.688993E-09	-2.412847E-09	-2.991930E-09	-3.377986E-09	-3.522757E-09	-3.377986E-09	-2.895416E-09	-2.026791E-09	-7.238541E-10	+1.061653E-09	+3.377986E-09	+6.273402E-09	+0.000000E+00	+0.000000E+00	+0.000000E+00	+0.000000E+00	+0.000000E+00	+0.000000E+00	+0.000000E+00	+0.000000E+00	+0.000000E+00	+0.000000E+00	+0.000000E+00	+0.000000E+00	+0.000000E+00	+0.000000E+00
# Matrix ends.
#
#
# ---------------------------------- LICENSE NOTICE -----------------------------------
# THIS DATA IS RELEASED UNDER THE CREATIVE COMMONS LICENSE "CC BY-NC-SA 4.0".
#   This license lets you remix, tweak, and build upon this work non-commercially,
#   as long as you credit me and license your new creations under the terms identical
#   to the current license.
# SEE "https://creativecommons.org/licenses/by-nc-sa/4.0" FOR DETAILS.
#
# RELEASED BY: Chandra Shekhar
#      E-mail: chandraiitk[AT]yahoo[DOT]co[DOT]in
#    Homepage: https://sites.google.com/site/chandraacads
# FOR ANY QUESTION OR COMMENT, OR FOR A COMMERCIAL LICENSE, PLEASE EMAIL ME.
#
# For additional details, please visit my homepage.
#
# ==================================== End of File ====================================
