# ================================== Start of File ====================================
# Spatial dimensions = 2
# Kernel size = 23x23
# Polynomial order = 3x5
# Size of the convolution coefficient matrix = 24x529
#
# Column# 1:
#    S/A => The left and the right halves of the row are symmetric(S)/anti-symmetric(A) about the middle column.
#           If symmetric elements on the right half, their signs are same as the corresponding elements on the left side.
#           If anti-symmetric elements, the signs are opposite.
# Column# 2~265 = the left-half columns of the row.
# Column# 266 = the middle column of the row.
# Column# 267~530, which are the right-half columns, are not stored, because they are symmetric/anti-symmetric
#           of the elements in the column# 265~2, respectively.
# Matrix starts:
	S	-2.268431E-03	+9.073724E-04	+2.268431E-03	+2.268431E-03	+1.313302E-03	-2.387822E-04	-2.077405E-03	-3.939906E-03	-5.611382E-03	-6.924684E-03	-7.760422E-03	-8.046961E-03	-7.760422E-03	-6.924684E-03	-5.611382E-03	-3.939906E-03	-2.077405E-03	-2.387822E-04	+1.313302E-03	+2.268431E-03	+2.268431E-03	+9.073724E-04	-2.268431E-03	-1.134216E-03	+4.536862E-04	+1.134216E-03	+1.134216E-03	+6.566511E-04	-1.193911E-04	-1.038703E-03	-1.969953E-03	-2.805691E-03	-3.462342E-03	-3.880211E-03	-4.023480E-03	-3.880211E-03	-3.462342E-03	-2.805691E-03	-1.969953E-03	-1.038703E-03	-1.193911E-04	+6.566511E-04	+1.134216E-03	+1.134216E-03	+4.536862E-04	-1.134216E-03	-1.080205E-04	+4.320821E-05	+1.080205E-04	+1.080205E-04	+6.253820E-05	-1.137058E-05	-9.892406E-05	-1.876146E-04	-2.672087E-04	-3.297469E-04	-3.695439E-04	-3.831886E-04	-3.695439E-04	-3.297469E-04	-2.672087E-04	-1.876146E-04	-9.892406E-05	-1.137058E-05	+6.253820E-05	+1.080205E-04	+1.080205E-04	+4.320821E-05	-1.080205E-04	+8.101539E-04	-3.240616E-04	-8.101539E-04	-8.101539E-04	-4.690365E-04	+8.527936E-05	+7.419304E-04	+1.407109E-03	+2.004065E-03	+2.473101E-03	+2.771579E-03	+2.873914E-03	+2.771579E-03	+2.473101E-03	+2.004065E-03	+1.407109E-03	+7.419304E-04	+8.527936E-05	-4.690365E-04	-8.101539E-04	-8.101539E-04	-3.240616E-04	+8.101539E-04	+1.620308E-03	-6.481231E-04	-1.620308E-03	-1.620308E-03	-9.380730E-04	+1.705587E-04	+1.483861E-03	+2.814219E-03	+4.008130E-03	+4.946203E-03	+5.543158E-03	+5.747829E-03	+5.543158E-03	+4.946203E-03	+4.008130E-03	+2.814219E-03	+1.483861E-03	+1.705587E-04	-9.380730E-04	-1.620308E-03	-1.620308E-03	-6.481231E-04	+1.620308E-03	+2.322441E-03	-9.289765E-04	-2.322441E-03	-2.322441E-03	-1.344571E-03	+2.444675E-04	+2.126867E-03	+4.033714E-03	+5.744986E-03	+7.089558E-03	+7.945194E-03	+8.238555E-03	+7.945194E-03	+7.089558E-03	+5.744986E-03	+4.033714E-03	+2.126867E-03	+2.444675E-04	-1.344571E-03	-2.322441E-03	-2.322441E-03	-9.289765E-04	+2.322441E-03	+2.916554E-03	-1.166622E-03	-2.916554E-03	-2.916554E-03	-1.688531E-03	+3.070057E-04	+2.670950E-03	+5.065594E-03	+7.214634E-03	+8.903165E-03	+9.977685E-03	+1.034609E-02	+9.977685E-03	+8.903165E-03	+7.214634E-03	+5.065594E-03	+2.670950E-03	+3.070057E-04	-1.688531E-03	-2.916554E-03	-2.916554E-03	-1.166622E-03	+2.916554E-03	+3.402647E-03	-1.361059E-03	-3.402647E-03	-3.402647E-03	-1.969953E-03	+3.581733E-04	+3.116108E-03	+5.909860E-03	+8.417073E-03	+1.038703E-02	+1.164063E-02	+1.207044E-02	+1.164063E-02	+1.038703E-02	+8.417073E-03	+5.909860E-03	+3.116108E-03	+3.581733E-04	-1.969953E-03	-3.402647E-03	-3.402647E-03	-1.361059E-03	+3.402647E-03	+3.780718E-03	-1.512287E-03	-3.780718E-03	-3.780718E-03	-2.188837E-03	+3.979704E-04	+3.462342E-03	+6.566511E-03	+9.352303E-03	+1.154114E-02	+1.293404E-02	+1.341160E-02	+1.293404E-02	+1.154114E-02	+9.352303E-03	+6.566511E-03	+3.462342E-03	+3.979704E-04	-2.188837E-03	-3.780718E-03	-3.780718E-03	-1.512287E-03	+3.780718E-03	+4.050770E-03	-1.620308E-03	-4.050770E-03	-4.050770E-03	-2.345182E-03	+4.263968E-04	+3.709652E-03	+7.035547E-03	+1.002032E-02	+1.236551E-02	+1.385790E-02	+1.436957E-02	+1.385790E-02	+1.236551E-02	+1.002032E-02	+7.035547E-03	+3.709652E-03	+4.263968E-04	-2.345182E-03	-4.050770E-03	-4.050770E-03	-1.620308E-03	+4.050770E-03	+4.212800E-03	-1.685120E-03	-4.212800E-03	-4.212800E-03	-2.438990E-03	+4.434527E-04	+3.858038E-03	+7.316969E-03	+1.042114E-02	+1.286013E-02	+1.441221E-02	+1.494436E-02	+1.441221E-02	+1.286013E-02	+1.042114E-02	+7.316969E-03	+3.858038E-03	+4.434527E-04	-2.438990E-03	-4.212800E-03	-4.212800E-03	-1.685120E-03	+4.212800E-03	+4.266811E-03	-1.706724E-03	-4.266811E-03	-4.266811E-03	-2.470259E-03	+4.491380E-04	+3.907500E-03	+7.410776E-03	+1.055474E-02	+1.302500E-02	+1.459698E-02	+1.513595E-02
	A	+1.115021E-03	-9.995373E-04	-1.362804E-03	-7.379539E-04	+2.975343E-04	+1.331250E-03	+2.095214E-03	+2.445247E-03	+2.340336E-03	+1.822000E-03	+9.936596E-04	+0.000000E+00	-9.936596E-04	-1.822000E-03	-2.340336E-03	-2.445247E-03	-2.095214E-03	-1.331250E-03	-2.975343E-04	+7.379539E-04	+1.362804E-03	+9.995373E-04	-1.115021E-03	+5.575105E-04	-4.997687E-04	-6.814018E-04	-3.689770E-04	+1.487672E-04	+6.656249E-04	+1.047607E-03	+1.222623E-03	+1.170168E-03	+9.110001E-04	+4.968298E-04	+0.000000E+00	-4.968298E-04	-9.110001E-04	-1.170168E-03	-1.222623E-03	-1.047607E-03	-6.656249E-04	-1.487672E-04	+3.689770E-04	+6.814018E-04	+4.997687E-04	-5.575105E-04	+5.309624E-05	-4.759702E-05	-6.489541E-05	-3.514066E-05	+1.416830E-05	+6.339285E-05	+9.977208E-05	+1.164403E-04	+1.114446E-04	+8.676191E-05	+4.731712E-05	+0.000000E+00	-4.731712E-05	-8.676191E-05	-1.114446E-04	-1.164403E-04	-9.977208E-05	-6.339285E-05	-1.416830E-05	+3.514066E-05	+6.489541E-05	+4.759702E-05	-5.309624E-05	-3.982218E-04	+3.569776E-04	+4.867156E-04	+2.635550E-04	-1.062623E-04	-4.754464E-04	-7.482906E-04	-8.733024E-04	-8.358341E-04	-6.507143E-04	-3.548784E-04	+0.000000E+00	+3.548784E-04	+6.507143E-04	+8.358341E-04	+8.733024E-04	+7.482906E-04	+4.754464E-04	+1.062623E-04	-2.635550E-04	-4.867156E-04	-3.569776E-04	+3.982218E-04	-7.964436E-04	+7.139552E-04	+9.734311E-04	+5.271099E-04	-2.125245E-04	-9.508927E-04	-1.496581E-03	-1.746605E-03	-1.671668E-03	-1.301429E-03	-7.097569E-04	+0.000000E+00	+7.097569E-04	+1.301429E-03	+1.671668E-03	+1.746605E-03	+1.496581E-03	+9.508927E-04	+2.125245E-04	-5.271099E-04	-9.734311E-04	-7.139552E-04	+7.964436E-04	-1.141569E-03	+1.023336E-03	+1.395251E-03	+7.555242E-04	-3.046185E-04	-1.362946E-03	-2.145100E-03	-2.503467E-03	-2.396058E-03	-1.865381E-03	-1.017318E-03	+0.000000E+00	+1.017318E-03	+1.865381E-03	+2.396058E-03	+2.503467E-03	+2.145100E-03	+1.362946E-03	+3.046185E-04	-7.555242E-04	-1.395251E-03	-1.023336E-03	+1.141569E-03	-1.433599E-03	+1.285119E-03	+1.752176E-03	+9.487979E-04	-3.825441E-04	-1.711607E-03	-2.693846E-03	-3.143889E-03	-3.009003E-03	-2.342572E-03	-1.277562E-03	+0.000000E+00	+1.277562E-03	+2.342572E-03	+3.009003E-03	+3.143889E-03	+2.693846E-03	+1.711607E-03	+3.825441E-04	-9.487979E-04	-1.752176E-03	-1.285119E-03	+1.433599E-03	-1.672532E-03	+1.499306E-03	+2.044205E-03	+1.106931E-03	-4.463015E-04	-1.996875E-03	-3.142821E-03	-3.667870E-03	-3.510503E-03	-2.733000E-03	-1.490489E-03	+0.000000E+00	+1.490489E-03	+2.733000E-03	+3.510503E-03	+3.667870E-03	+3.142821E-03	+1.996875E-03	+4.463015E-04	-1.106931E-03	-2.044205E-03	-1.499306E-03	+1.672532E-03	-1.858368E-03	+1.665896E-03	+2.271339E-03	+1.229923E-03	-4.958905E-04	-2.218750E-03	-3.492023E-03	-4.075411E-03	-3.900559E-03	-3.036667E-03	-1.656099E-03	+0.000000E+00	+1.656099E-03	+3.036667E-03	+3.900559E-03	+4.075411E-03	+3.492023E-03	+2.218750E-03	+4.958905E-04	-1.229923E-03	-2.271339E-03	-1.665896E-03	+1.858368E-03	-1.991109E-03	+1.784888E-03	+2.433578E-03	+1.317775E-03	-5.313113E-04	-2.377232E-03	-3.741453E-03	-4.366512E-03	-4.179171E-03	-3.253572E-03	-1.774392E-03	+0.000000E+00	+1.774392E-03	+3.253572E-03	+4.179171E-03	+4.366512E-03	+3.741453E-03	+2.377232E-03	+5.313113E-04	-1.317775E-03	-2.433578E-03	-1.784888E-03	+1.991109E-03	-2.070753E-03	+1.856284E-03	+2.530921E-03	+1.370486E-03	-5.525637E-04	-2.472321E-03	-3.891111E-03	-4.541172E-03	-4.346338E-03	-3.383714E-03	-1.845368E-03	+0.000000E+00	+1.845368E-03	+3.383714E-03	+4.346338E-03	+4.541172E-03	+3.891111E-03	+2.472321E-03	+5.525637E-04	-1.370486E-03	-2.530921E-03	-1.856284E-03	+2.070753E-03	-2.097302E-03	+1.880082E-03	+2.563369E-03	+1.388056E-03	-5.596479E-04	-2.504017E-03	-3.940997E-03	-4.599393E-03	-4.402060E-03	-3.427095E-03	-1.869026E-03	+0.000000E+00
	S	+2.680432E-04	-4.780978E-05	-2.179862E-04	-2.771645E-04	-2.563731E-04	-1.829898E-04	-8.074206E-05	+3.029306E-05	+1.336888E-04	+2.166689E-04	+2.701073E-04	+2.885285E-04	+2.701073E-04	+2.166689E-04	+1.336888E-04	+3.029306E-05	-8.074206E-05	-1.829898E-04	-2.563731E-04	-2.771645E-04	-2.179862E-04	-4.780978E-05	+2.680432E-04	+1.340216E-04	-2.390489E-05	-1.089931E-04	-1.385823E-04	-1.281866E-04	-9.149491E-05	-4.037103E-05	+1.514653E-05	+6.684441E-05	+1.083344E-04	+1.350537E-04	+1.442643E-04	+1.350537E-04	+1.083344E-04	+6.684441E-05	+1.514653E-05	-4.037103E-05	-9.149491E-05	-1.281866E-04	-1.385823E-04	-1.089931E-04	-2.390489E-05	+1.340216E-04	+1.276396E-05	-2.276656E-06	-1.038029E-05	-1.319831E-05	-1.220825E-05	-8.713801E-06	-3.844860E-06	+1.442527E-06	+6.366134E-06	+1.031757E-05	+1.286225E-05	+1.373945E-05	+1.286225E-05	+1.031757E-05	+6.366134E-06	+1.442527E-06	-3.844860E-06	-8.713801E-06	-1.220825E-05	-1.319831E-05	-1.038029E-05	-2.276656E-06	+1.276396E-05	-9.572973E-05	+1.707492E-05	+7.785220E-05	+9.898734E-05	+9.156184E-05	+6.535351E-05	+2.883645E-05	-1.081895E-05	-4.774601E-05	-7.738174E-05	-9.646689E-05	-1.030459E-04	-9.646689E-05	-7.738174E-05	-4.774601E-05	-1.081895E-05	+2.883645E-05	+6.535351E-05	+9.156184E-05	+9.898734E-05	+7.785220E-05	+1.707492E-05	-9.572973E-05	-1.914595E-04	+3.414985E-05	+1.557044E-04	+1.979747E-04	+1.831237E-04	+1.307070E-04	+5.767290E-05	-2.163790E-05	-9.549201E-05	-1.547635E-04	-1.929338E-04	-2.060918E-04	-1.929338E-04	-1.547635E-04	-9.549201E-05	-2.163790E-05	+5.767290E-05	+1.307070E-04	+1.831237E-04	+1.979747E-04	+1.557044E-04	+3.414985E-05	-1.914595E-04	-2.744252E-04	+4.894811E-05	+2.231763E-04	+2.837637E-04	+2.624773E-04	+1.873467E-04	+8.266449E-05	-3.101432E-05	-1.368719E-04	-2.218277E-04	-2.765384E-04	-2.953982E-04	-2.765384E-04	-2.218277E-04	-1.368719E-04	-3.101432E-05	+8.266449E-05	+1.873467E-04	+2.624773E-04	+2.837637E-04	+2.231763E-04	+4.894811E-05	-2.744252E-04	-3.446270E-04	+6.146972E-05	+2.802679E-04	+3.563544E-04	+3.296226E-04	+2.352726E-04	+1.038112E-04	-3.894822E-05	-1.718856E-04	-2.785743E-04	-3.472808E-04	-3.709652E-04	-3.472808E-04	-2.785743E-04	-1.718856E-04	-3.894822E-05	+1.038112E-04	+2.352726E-04	+3.296226E-04	+3.563544E-04	+2.802679E-04	+6.146972E-05	-3.446270E-04	-4.020649E-04	+7.171467E-05	+3.269793E-04	+4.157468E-04	+3.845597E-04	+2.744847E-04	+1.211131E-04	-4.543959E-05	-2.005332E-04	-3.250033E-04	-4.051610E-04	-4.327928E-04	-4.051610E-04	-3.250033E-04	-2.005332E-04	-4.543959E-05	+1.211131E-04	+2.744847E-04	+3.845597E-04	+4.157468E-04	+3.269793E-04	+7.171467E-05	-4.020649E-04	-4.467387E-04	+7.968297E-05	+3.633103E-04	+4.619409E-04	+4.272886E-04	+3.049830E-04	+1.345701E-04	-5.048843E-05	-2.228147E-04	-3.611148E-04	-4.501788E-04	-4.808808E-04	-4.501788E-04	-3.611148E-04	-2.228147E-04	-5.048843E-05	+1.345701E-04	+3.049830E-04	+4.272886E-04	+4.619409E-04	+3.633103E-04	+7.968297E-05	-4.467387E-04	-4.786486E-04	+8.537461E-05	+3.892610E-04	+4.949367E-04	+4.578092E-04	+3.267676E-04	+1.441823E-04	-5.409475E-05	-2.387300E-04	-3.869087E-04	-4.823345E-04	-5.152295E-04	-4.823345E-04	-3.869087E-04	-2.387300E-04	-5.409475E-05	+1.441823E-04	+3.267676E-04	+4.578092E-04	+4.949367E-04	+3.892610E-04	+8.537461E-05	-4.786486E-04	-4.977946E-04	+8.878960E-05	+4.048315E-04	+5.147342E-04	+4.761216E-04	+3.398383E-04	+1.499495E-04	-5.625854E-05	-2.482792E-04	-4.023851E-04	-5.016278E-04	-5.358387E-04	-5.016278E-04	-4.023851E-04	-2.482792E-04	-5.625854E-05	+1.499495E-04	+3.398383E-04	+4.761216E-04	+5.147342E-04	+4.048315E-04	+8.878960E-05	-4.977946E-04	-5.041766E-04	+8.992793E-05	+4.100216E-04	+5.213333E-04	+4.822257E-04	+3.441952E-04	+1.518720E-04	-5.697980E-05	-2.514623E-04	-4.075438E-04	-5.080590E-04	-5.427084E-04
	A	-5.695313E-05	+3.736654E-05	+6.404748E-05	+5.093835E-05	+1.922944E-05	-1.580749E-05	-4.407939E-05	-5.993211E-05	-6.141058E-05	-4.951901E-05	-2.748106E-05	+0.000000E+00	+2.748106E-05	+4.951901E-05	+6.141058E-05	+5.993211E-05	+4.407939E-05	+1.580749E-05	-1.922944E-05	-5.093835E-05	-6.404748E-05	-3.736654E-05	+5.695313E-05	-2.847656E-05	+1.868327E-05	+3.202374E-05	+2.546917E-05	+9.614718E-06	-7.903747E-06	-2.203970E-05	-2.996605E-05	-3.070529E-05	-2.475951E-05	-1.374053E-05	+0.000000E+00	+1.374053E-05	+2.475951E-05	+3.070529E-05	+2.996605E-05	+2.203970E-05	+7.903747E-06	-9.614718E-06	-2.546917E-05	-3.202374E-05	-1.868327E-05	+2.847656E-05	-2.712054E-06	+1.779359E-06	+3.049880E-06	+2.425636E-06	+9.156874E-07	-7.527378E-07	-2.099019E-06	-2.853910E-06	-2.924313E-06	-2.358048E-06	-1.308622E-06	+0.000000E+00	+1.308622E-06	+2.358048E-06	+2.924313E-06	+2.853910E-06	+2.099019E-06	+7.527378E-07	-9.156874E-07	-2.425636E-06	-3.049880E-06	-1.779359E-06	+2.712054E-06	+2.034040E-05	-1.334519E-05	-2.287410E-05	-1.819227E-05	-6.867656E-06	+5.645533E-06	+1.574264E-05	+2.140432E-05	+2.193235E-05	+1.768536E-05	+9.814664E-06	+0.000000E+00	-9.814664E-06	-1.768536E-05	-2.193235E-05	-2.140432E-05	-1.574264E-05	-5.645533E-06	+6.867656E-06	+1.819227E-05	+2.287410E-05	+1.334519E-05	-2.034040E-05	+4.068081E-05	-2.669039E-05	-4.574820E-05	-3.638454E-05	-1.373531E-05	+1.129107E-05	+3.148528E-05	+4.280865E-05	+4.386470E-05	+3.537072E-05	+1.962933E-05	+0.000000E+00	-1.962933E-05	-3.537072E-05	-4.386470E-05	-4.280865E-05	-3.148528E-05	-1.129107E-05	+1.373531E-05	+3.638454E-05	+4.574820E-05	+2.669039E-05	-4.068081E-05	+5.830916E-05	-3.825622E-05	-6.557242E-05	-5.215117E-05	-1.968728E-05	+1.618386E-05	+4.512890E-05	+6.135906E-05	+6.287274E-05	+5.069804E-05	+2.813537E-05	+0.000000E+00	-2.813537E-05	-5.069804E-05	-6.287274E-05	-6.135906E-05	-4.512890E-05	-1.618386E-05	+1.968728E-05	+5.215117E-05	+6.557242E-05	+3.825622E-05	-5.830916E-05	+7.322545E-05	-4.804269E-05	-8.234676E-05	-6.549216E-05	-2.472356E-05	+2.032392E-05	+5.667350E-05	+7.705557E-05	+7.895646E-05	+6.366730E-05	+3.533279E-05	+0.000000E+00	-3.533279E-05	-6.366730E-05	-7.895646E-05	-7.705557E-05	-5.667350E-05	-2.032392E-05	+2.472356E-05	+6.549216E-05	+8.234676E-05	+4.804269E-05	-7.322545E-05	+8.542969E-05	-5.604981E-05	-9.607123E-05	-7.640752E-05	-2.884415E-05	+2.371124E-05	+6.611909E-05	+8.989816E-05	+9.211587E-05	+7.427852E-05	+4.122159E-05	+0.000000E+00	-4.122159E-05	-7.427852E-05	-9.211587E-05	-8.989816E-05	-6.611909E-05	-2.371124E-05	+2.884415E-05	+7.640752E-05	+9.607123E-05	+5.604981E-05	-8.542969E-05	+9.492188E-05	-6.227757E-05	-1.067458E-04	-8.489725E-05	-3.204906E-05	+2.634582E-05	+7.346565E-05	+9.988685E-05	+1.023510E-04	+8.253169E-05	+4.580176E-05	+0.000000E+00	-4.580176E-05	-8.253169E-05	-1.023510E-04	-9.988685E-05	-7.346565E-05	-2.634582E-05	+3.204906E-05	+8.489725E-05	+1.067458E-04	+6.227757E-05	-9.492188E-05	+1.017020E-04	-6.672596E-05	-1.143705E-04	-9.096134E-05	-3.433828E-05	+2.822767E-05	+7.871320E-05	+1.070216E-04	+1.096618E-04	+8.842681E-05	+4.907332E-05	+0.000000E+00	-4.907332E-05	-8.842681E-05	-1.096618E-04	-1.070216E-04	-7.871320E-05	-2.822767E-05	+3.433828E-05	+9.096134E-05	+1.143705E-04	+6.672596E-05	-1.017020E-04	+1.057701E-04	-6.939500E-05	-1.189453E-04	-9.459979E-05	-3.571181E-05	+2.935677E-05	+8.186173E-05	+1.113025E-04	+1.140482E-04	+9.196388E-05	+5.103625E-05	+0.000000E+00	-5.103625E-05	-9.196388E-05	-1.140482E-04	-1.113025E-04	-8.186173E-05	-2.935677E-05	+3.571181E-05	+9.459979E-05	+1.189453E-04	+6.939500E-05	-1.057701E-04	+1.071261E-04	-7.028468E-05	-1.204703E-04	-9.581261E-05	-3.616965E-05	+2.973314E-05	+8.291124E-05	+1.127294E-04	+1.155104E-04	+9.314291E-05	+5.169056E-05	+0.000000E+00
	S	-3.392952E-06	-3.084502E-07	+1.454122E-06	+2.203216E-06	+2.214812E-06	+1.732423E-06	+9.670958E-07	+9.740533E-08	-7.305400E-07	-1.403101E-06	-1.839105E-06	-1.989852E-06	-1.839105E-06	-1.403101E-06	-7.305400E-07	+9.740533E-08	+9.670958E-07	+1.732423E-06	+2.214812E-06	+2.203216E-06	+1.454122E-06	-3.084502E-07	-3.392952E-06	-1.696476E-06	-1.542251E-07	+7.270612E-07	+1.101608E-06	+1.107406E-06	+8.662117E-07	+4.835479E-07	+4.870267E-08	-3.652700E-07	-7.015503E-07	-9.195527E-07	-9.949259E-07	-9.195527E-07	-7.015503E-07	-3.652700E-07	+4.870267E-08	+4.835479E-07	+8.662117E-07	+1.107406E-06	+1.101608E-06	+7.270612E-07	-1.542251E-07	-1.696476E-06	-1.615692E-07	-1.468811E-08	+6.924393E-08	+1.049150E-07	+1.054672E-07	+8.249635E-08	+4.605218E-08	+4.638349E-09	-3.478762E-08	-6.681431E-08	-8.757645E-08	-9.475485E-08	-8.757645E-08	-6.681431E-08	-3.478762E-08	+4.638349E-09	+4.605218E-08	+8.249635E-08	+1.054672E-07	+1.049150E-07	+6.924393E-08	-1.468811E-08	-1.615692E-07	+1.211769E-06	+1.101608E-07	-5.193294E-07	-7.868628E-07	-7.910042E-07	-6.187226E-07	-3.453914E-07	-3.478762E-08	+2.609071E-07	+5.011074E-07	+6.568234E-07	+7.106613E-07	+6.568234E-07	+5.011074E-07	+2.609071E-07	-3.478762E-08	-3.453914E-07	-6.187226E-07	-7.910042E-07	-7.868628E-07	-5.193294E-07	+1.101608E-07	+1.211769E-06	+2.423537E-06	+2.203216E-07	-1.038659E-06	-1.573726E-06	-1.582008E-06	-1.237445E-06	-6.907827E-07	-6.957524E-08	+5.218143E-07	+1.002215E-06	+1.313647E-06	+1.421323E-06	+1.313647E-06	+1.002215E-06	+5.218143E-07	-6.957524E-08	-6.907827E-07	-1.237445E-06	-1.582008E-06	-1.573726E-06	-1.038659E-06	+2.203216E-07	+2.423537E-06	+3.473737E-06	+3.157943E-07	-1.488744E-06	-2.255673E-06	-2.267545E-06	-1.773672E-06	-9.901219E-07	-9.972451E-08	+7.479338E-07	+1.436508E-06	+1.882894E-06	+2.037229E-06	+1.882894E-06	+1.436508E-06	+7.479338E-07	-9.972451E-08	-9.901219E-07	-1.773672E-06	-2.267545E-06	-2.255673E-06	-1.488744E-06	+3.157943E-07	+3.473737E-06	+4.362367E-06	+3.965788E-07	-1.869586E-06	-2.832706E-06	-2.847615E-06	-2.227401E-06	-1.243409E-06	-1.252354E-07	+9.392657E-07	+1.803986E-06	+2.364564E-06	+2.558381E-06	+2.364564E-06	+1.803986E-06	+9.392657E-07	-1.252354E-07	-1.243409E-06	-2.227401E-06	-2.847615E-06	-2.832706E-06	-1.869586E-06	+3.965788E-07	+4.362367E-06	+5.089429E-06	+4.626753E-07	-2.181184E-06	-3.304824E-06	-3.322218E-06	-2.598635E-06	-1.450644E-06	-1.461080E-07	+1.095810E-06	+2.104651E-06	+2.758658E-06	+2.984778E-06	+2.758658E-06	+2.104651E-06	+1.095810E-06	-1.461080E-07	-1.450644E-06	-2.598635E-06	-3.322218E-06	-3.304824E-06	-2.181184E-06	+4.626753E-07	+5.089429E-06	+5.654921E-06	+5.140837E-07	-2.423537E-06	-3.672026E-06	-3.691353E-06	-2.887372E-06	-1.611826E-06	-1.623422E-07	+1.217567E-06	+2.338501E-06	+3.065176E-06	+3.316420E-06	+3.065176E-06	+2.338501E-06	+1.217567E-06	-1.623422E-07	-1.611826E-06	-2.887372E-06	-3.691353E-06	-3.672026E-06	-2.423537E-06	+5.140837E-07	+5.654921E-06	+6.058843E-06	+5.508040E-07	-2.596647E-06	-3.934314E-06	-3.955021E-06	-3.093613E-06	-1.726957E-06	-1.739381E-07	+1.304536E-06	+2.505537E-06	+3.284117E-06	+3.553307E-06	+3.284117E-06	+2.505537E-06	+1.304536E-06	-1.739381E-07	-1.726957E-06	-3.093613E-06	-3.955021E-06	-3.934314E-06	-2.596647E-06	+5.508040E-07	+6.058843E-06	+6.301197E-06	+5.728361E-07	-2.700513E-06	-4.091687E-06	-4.113222E-06	-3.217358E-06	-1.796035E-06	-1.808956E-07	+1.356717E-06	+2.605758E-06	+3.415481E-06	+3.695439E-06	+3.415481E-06	+2.605758E-06	+1.356717E-06	-1.808956E-07	-1.796035E-06	-3.217358E-06	-4.113222E-06	-4.091687E-06	-2.700513E-06	+5.728361E-07	+6.301197E-06	+6.381982E-06	+5.801802E-07	-2.735135E-06	-4.144144E-06	-4.165955E-06	-3.258606E-06	-1.819061E-06	-1.832148E-07	+1.374111E-06	+2.639165E-06	+3.459270E-06	+3.742816E-06
	A	+5.331782E-07	-1.938830E-07	-4.362367E-07	-3.877660E-07	-1.964341E-07	+3.061310E-08	+2.219450E-07	+3.367441E-07	+3.597040E-07	+2.959267E-07	+1.658210E-07	+0.000000E+00	-1.658210E-07	-2.959267E-07	-3.597040E-07	-3.367441E-07	-2.219450E-07	-3.061310E-08	+1.964341E-07	+3.877660E-07	+4.362367E-07	+1.938830E-07	-5.331782E-07	+2.665891E-07	-9.694150E-08	-2.181184E-07	-1.938830E-07	-9.821704E-08	+1.530655E-08	+1.109725E-07	+1.683721E-07	+1.798520E-07	+1.479633E-07	+8.291049E-08	+0.000000E+00	-8.291049E-08	-1.479633E-07	-1.798520E-07	-1.683721E-07	-1.109725E-07	-1.530655E-08	+9.821704E-08	+1.938830E-07	+2.181184E-07	+9.694150E-08	-2.665891E-07	+2.538944E-08	-9.232523E-09	-2.077318E-08	-1.846505E-08	-9.354004E-09	+1.457767E-09	+1.056881E-08	+1.603544E-08	+1.712876E-08	+1.409175E-08	+7.896237E-09	+0.000000E+00	-7.896237E-09	-1.409175E-08	-1.712876E-08	-1.603544E-08	-1.056881E-08	-1.457767E-09	+9.354004E-09	+1.846505E-08	+2.077318E-08	+9.232523E-09	-2.538944E-08	-1.904208E-07	+6.924393E-08	+1.557988E-07	+1.384879E-07	+7.015503E-08	-1.093325E-08	-7.926607E-08	-1.202658E-07	-1.284657E-07	-1.056881E-07	-5.922178E-08	+0.000000E+00	+5.922178E-08	+1.056881E-07	+1.284657E-07	+1.202658E-07	+7.926607E-08	+1.093325E-08	-7.015503E-08	-1.384879E-07	-1.557988E-07	-6.924393E-08	+1.904208E-07	-3.808416E-07	+1.384879E-07	+3.115977E-07	+2.769757E-07	+1.403101E-07	-2.186650E-08	-1.585321E-07	-2.405315E-07	-2.569314E-07	-2.113762E-07	-1.184436E-07	+0.000000E+00	+1.184436E-07	+2.113762E-07	+2.569314E-07	+2.405315E-07	+1.585321E-07	+2.186650E-08	-1.403101E-07	-2.769757E-07	-3.115977E-07	-1.384879E-07	+3.808416E-07	-5.458729E-07	+1.984993E-07	+4.466233E-07	+3.969985E-07	+2.011111E-07	-3.134199E-08	-2.272294E-07	-3.447619E-07	-3.682684E-07	-3.029725E-07	-1.697691E-07	+0.000000E+00	+1.697691E-07	+3.029725E-07	+3.682684E-07	+3.447619E-07	+2.272294E-07	+3.134199E-08	-2.011111E-07	-3.969985E-07	-4.466233E-07	-1.984993E-07	+5.458729E-07	-6.855149E-07	+2.492781E-07	+5.608758E-07	+4.985563E-07	+2.525581E-07	-3.935971E-08	-2.853579E-07	-4.329568E-07	-4.624765E-07	-3.804771E-07	-2.131984E-07	+0.000000E+00	+2.131984E-07	+3.804771E-07	+4.624765E-07	+4.329568E-07	+2.853579E-07	+3.935971E-08	-2.525581E-07	-4.985563E-07	-5.608758E-07	-2.492781E-07	+6.855149E-07	-7.997673E-07	+2.908245E-07	+6.543551E-07	+5.816490E-07	+2.946511E-07	-4.591966E-08	-3.329175E-07	-5.051162E-07	-5.395560E-07	-4.438900E-07	-2.487315E-07	+0.000000E+00	+2.487315E-07	+4.438900E-07	+5.395560E-07	+5.051162E-07	+3.329175E-07	+4.591966E-08	-2.946511E-07	-5.816490E-07	-6.543551E-07	-2.908245E-07	+7.997673E-07	-8.886304E-07	+3.231383E-07	+7.270612E-07	+6.462766E-07	+3.273901E-07	-5.102184E-08	-3.699083E-07	-5.612402E-07	-5.995066E-07	-4.932111E-07	-2.763683E-07	+0.000000E+00	+2.763683E-07	+4.932111E-07	+5.995066E-07	+5.612402E-07	+3.699083E-07	+5.102184E-08	-3.273901E-07	-6.462766E-07	-7.270612E-07	-3.231383E-07	+8.886304E-07	-9.521040E-07	+3.462196E-07	+7.789942E-07	+6.924393E-07	+3.507751E-07	-5.466626E-08	-3.963304E-07	-6.013288E-07	-6.423285E-07	-5.284405E-07	-2.961089E-07	+0.000000E+00	+2.961089E-07	+5.284405E-07	+6.423285E-07	+6.013288E-07	+3.963304E-07	+5.466626E-08	-3.507751E-07	-6.924393E-07	-7.789942E-07	-3.462196E-07	+9.521040E-07	-9.901881E-07	+3.600684E-07	+8.101539E-07	+7.201368E-07	+3.648062E-07	-5.685291E-08	-4.121836E-07	-6.253820E-07	-6.680217E-07	-5.495781E-07	-3.079532E-07	+0.000000E+00	+3.079532E-07	+5.495781E-07	+6.680217E-07	+6.253820E-07	+4.121836E-07	+5.685291E-08	-3.648062E-07	-7.201368E-07	-8.101539E-07	-3.600684E-07	+9.901881E-07	-1.002883E-06	+3.646847E-07	+8.205405E-07	+7.293693E-07	+3.694832E-07	-5.758179E-08	-4.174680E-07	-6.333997E-07	-6.765860E-07	-5.566240E-07	-3.119014E-07	+0.000000E+00
	A	+8.676264E-04	-3.470506E-04	-8.676264E-04	-8.676264E-04	-5.023100E-04	+9.132909E-05	+7.945631E-04	+1.506930E-03	+2.146234E-03	+2.648544E-03	+2.968196E-03	+3.077790E-03	+2.968196E-03	+2.648544E-03	+2.146234E-03	+1.506930E-03	+7.945631E-04	+9.132909E-05	-5.023100E-04	-8.676264E-04	-8.676264E-04	-3.470506E-04	+8.676264E-04	+1.795621E-04	-7.182484E-05	-1.795621E-04	-1.795621E-04	-1.039570E-04	+1.890127E-05	+1.644411E-04	+3.118710E-04	+4.441799E-04	+5.481369E-04	+6.142914E-04	+6.369729E-04	+6.142914E-04	+5.481369E-04	+4.441799E-04	+3.118710E-04	+1.644411E-04	+1.890127E-05	-1.039570E-04	-1.795621E-04	-1.795621E-04	-7.182484E-05	+1.795621E-04	-3.344482E-04	+1.337793E-04	+3.344482E-04	+3.344482E-04	+1.936279E-04	-3.520507E-05	-3.062841E-04	-5.808836E-04	-8.273191E-04	-1.020947E-03	-1.144165E-03	-1.186411E-03	-1.144165E-03	-1.020947E-03	-8.273191E-04	-5.808836E-04	-3.062841E-04	-3.520507E-05	+1.936279E-04	+3.344482E-04	+3.344482E-04	+1.337793E-04	-3.344482E-04	-6.918098E-04	+2.767239E-04	+6.918098E-04	+6.918098E-04	+4.005214E-04	-7.282208E-05	-6.335521E-04	-1.201564E-03	-1.711319E-03	-2.111840E-03	-2.366718E-03	-2.454104E-03	-2.366718E-03	-2.111840E-03	-1.711319E-03	-1.201564E-03	-6.335521E-04	-7.282208E-05	+4.005214E-04	+6.918098E-04	+6.918098E-04	+2.767239E-04	-6.918098E-04	-9.099281E-04	+3.639713E-04	+9.099281E-04	+9.099281E-04	+5.268005E-04	-9.578191E-05	-8.333026E-04	-1.580401E-03	-2.250875E-03	-2.777675E-03	-3.112912E-03	-3.227850E-03	-3.112912E-03	-2.777675E-03	-2.250875E-03	-1.580401E-03	-8.333026E-04	-9.578191E-05	+5.268005E-04	+9.099281E-04	+9.099281E-04	+3.639713E-04	-9.099281E-04	-1.006209E-03	+4.024835E-04	+1.006209E-03	+1.006209E-03	+5.825419E-04	-1.059167E-04	-9.214753E-04	-1.747626E-03	-2.489042E-03	-3.071584E-03	-3.442293E-03	-3.569393E-03	-3.442293E-03	-3.071584E-03	-2.489042E-03	-1.747626E-03	-9.214753E-04	-1.059167E-04	+5.825419E-04	+1.006209E-03	+1.006209E-03	+4.024835E-04	-1.006209E-03	-9.980568E-04	+3.992227E-04	+9.980568E-04	+9.980568E-04	+5.778223E-04	-1.050586E-04	-9.140099E-04	-1.733467E-03	-2.468877E-03	-3.046700E-03	-3.414405E-03	-3.540475E-03	-3.414405E-03	-3.046700E-03	-2.468877E-03	-1.733467E-03	-9.140099E-04	-1.050586E-04	+5.778223E-04	+9.980568E-04	+9.980568E-04	+3.992227E-04	-9.980568E-04	-9.028778E-04	+3.611511E-04	+9.028778E-04	+9.028778E-04	+5.227187E-04	-9.503977E-05	-8.268460E-04	-1.568156E-03	-2.233435E-03	-2.756153E-03	-3.088793E-03	-3.202840E-03	-3.088793E-03	-2.756153E-03	-2.233435E-03	-1.568156E-03	-8.268460E-04	-9.503977E-05	+5.227187E-04	+9.028778E-04	+9.028778E-04	+3.611511E-04	-9.028778E-04	-7.380773E-04	+2.952309E-04	+7.380773E-04	+7.380773E-04	+4.273079E-04	-7.769235E-05	-6.759234E-04	-1.281924E-03	-1.825770E-03	-2.253078E-03	-2.525001E-03	-2.618232E-03	-2.525001E-03	-2.253078E-03	-1.825770E-03	-1.281924E-03	-6.759234E-04	-7.769235E-05	+4.273079E-04	+7.380773E-04	+7.380773E-04	+2.952309E-04	-7.380773E-04	-5.210605E-04	+2.084242E-04	+5.210605E-04	+5.210605E-04	+3.016666E-04	-5.484848E-05	-4.771818E-04	-9.049999E-04	-1.288939E-03	-1.590606E-03	-1.782576E-03	-1.848394E-03	-1.782576E-03	-1.590606E-03	-1.288939E-03	-9.049999E-04	-4.771818E-04	-5.484848E-05	+3.016666E-04	+5.210605E-04	+5.210605E-04	+2.084242E-04	-5.210605E-04	-2.692330E-04	+1.076932E-04	+2.692330E-04	+2.692330E-04	+1.558717E-04	-2.834031E-05	-2.465607E-04	-4.676152E-04	-6.659974E-04	-8.218691E-04	-9.210602E-04	-9.550685E-04	-9.210602E-04	-8.218691E-04	-6.659974E-04	-4.676152E-04	-2.465607E-04	-2.834031E-05	+1.558717E-04	+2.692330E-04	+2.692330E-04	+1.076932E-04	-2.692330E-04	+0.000000E+00	+0.000000E+00	+0.000000E+00	+0.000000E+00	+0.000000E+00	+0.000000E+00	+0.000000E+00	+0.000000E+00	+0.000000E+00	+0.000000E+00	+0.000000E+00	+0.000000E+00
	S	-4.264717E-04	+3.823017E-04	+5.212432E-04	+2.822516E-04	-1.138005E-04	-5.091746E-04	-8.013745E-04	-9.352546E-04	-8.951284E-04	-6.968761E-04	-3.800536E-04	+0.000000E+00	+3.800536E-04	+6.968761E-04	+8.951284E-04	+9.352546E-04	+8.013745E-04	+5.091746E-04	+1.138005E-04	-2.822516E-04	-5.212432E-04	-3.823017E-04	+4.264717E-04	-8.826167E-05	+7.912033E-05	+1.078754E-04	+5.841418E-05	-2.355191E-05	-1.053777E-04	-1.658507E-04	-1.935583E-04	-1.852538E-04	-1.442240E-04	-7.865507E-05	+0.000000E+00	+7.865507E-05	+1.442240E-04	+1.852538E-04	+1.935583E-04	+1.658507E-04	+1.053777E-04	+2.355191E-05	-5.841418E-05	-1.078754E-04	-7.912033E-05	+8.826167E-05	+1.643941E-04	-1.473677E-04	-2.009262E-04	-1.088009E-04	+4.386724E-05	+1.962740E-04	+3.089097E-04	+3.605171E-04	+3.450495E-04	+2.686282E-04	+1.465011E-04	+0.000000E+00	-1.465011E-04	-2.686282E-04	-3.450495E-04	-3.605171E-04	-3.089097E-04	-1.962740E-04	-4.386724E-05	+1.088009E-04	+2.009262E-04	+1.473677E-04	-1.643941E-04	+3.400511E-04	-3.048317E-04	-4.156180E-04	-2.250559E-04	+9.073988E-05	+4.059950E-04	+6.389832E-04	+7.457338E-04	+7.137387E-04	+5.556605E-04	+3.030392E-04	+0.000000E+00	-3.030392E-04	-5.556605E-04	-7.137387E-04	-7.457338E-04	-6.389832E-04	-4.059950E-04	-9.073988E-05	+2.250559E-04	+4.156180E-04	+3.048317E-04	-3.400511E-04	+4.472647E-04	-4.009411E-04	-5.466568E-04	-2.960130E-04	+1.193489E-04	+5.339998E-04	+8.404461E-04	+9.808536E-04	+9.387710E-04	+7.308528E-04	+3.985834E-04	+0.000000E+00	-3.985834E-04	-7.308528E-04	-9.387710E-04	-9.808536E-04	-8.404461E-04	-5.339998E-04	-1.193489E-04	+2.960130E-04	+5.466568E-04	+4.009411E-04	-4.472647E-04	+4.945903E-04	-4.433651E-04	-6.044992E-04	-3.273345E-04	+1.319774E-04	+5.905029E-04	+9.293746E-04	+1.084639E-03	+1.038103E-03	+8.081852E-04	+4.407579E-04	+0.000000E+00	-4.407579E-04	-8.081852E-04	-1.038103E-03	-1.084639E-03	-9.293746E-04	-5.905029E-04	-1.319774E-04	+3.273345E-04	+6.044992E-04	+4.433651E-04	-4.945903E-04	+4.905833E-04	-4.397731E-04	-5.996018E-04	-3.246825E-04	+1.309082E-04	+5.857189E-04	+9.218452E-04	+1.075852E-03	+1.029693E-03	+8.016376E-04	+4.371871E-04	+0.000000E+00	-4.371871E-04	-8.016376E-04	-1.029693E-03	-1.075852E-03	-9.218452E-04	-5.857189E-04	-1.309082E-04	+3.246825E-04	+5.996018E-04	+4.397731E-04	-4.905833E-04	+4.437992E-04	-3.978345E-04	-5.424212E-04	-2.937194E-04	+1.184242E-04	+5.298622E-04	+8.339341E-04	+9.732538E-04	+9.314972E-04	+7.251900E-04	+3.954951E-04	+0.000000E+00	-3.954951E-04	-7.251900E-04	-9.314972E-04	-9.732538E-04	-8.339341E-04	-5.298622E-04	-1.184242E-04	+2.937194E-04	+5.424212E-04	+3.978345E-04	-4.437992E-04	+3.627934E-04	-3.252185E-04	-4.434141E-04	-2.401074E-04	+9.680847E-05	+4.331475E-04	+6.817177E-04	+7.956077E-04	+7.614728E-04	+5.928225E-04	+3.233061E-04	+0.000000E+00	-3.233061E-04	-5.928225E-04	-7.614728E-04	-7.956077E-04	-6.817177E-04	-4.331475E-04	-9.680847E-05	+2.401074E-04	+4.434141E-04	+3.252185E-04	-3.627934E-04	+2.561213E-04	-2.295946E-04	-3.130371E-04	-1.695086E-04	+6.834389E-05	+3.057892E-04	+4.812724E-04	+5.616753E-04	+5.375771E-04	+4.185150E-04	+2.282445E-04	+0.000000E+00	-2.282445E-04	-4.185150E-04	-5.375771E-04	-5.616753E-04	-4.812724E-04	-3.057892E-04	-6.834389E-05	+1.695086E-04	+3.130371E-04	+2.295946E-04	-2.561213E-04	+1.323384E-04	-1.186320E-04	-1.617469E-04	-8.758544E-05	+3.531342E-05	+1.580019E-04	+2.486744E-04	+2.902187E-04	+2.777671E-04	+2.162475E-04	+1.179343E-04	+0.000000E+00	-1.179343E-04	-2.162475E-04	-2.777671E-04	-2.902187E-04	-2.486744E-04	-1.580019E-04	-3.531342E-05	+8.758544E-05	+1.617469E-04	+1.186320E-04	-1.323384E-04	+0.000000E+00	+0.000000E+00	+0.000000E+00	+0.000000E+00	+0.000000E+00	+0.000000E+00	+0.000000E+00	+0.000000E+00	+0.000000E+00	+0.000000E+00	+0.000000E+00	+0.000000E+00
	A	-1.025208E-04	+1.828622E-05	+8.337505E-05	+1.060095E-04	+9.805725E-05	+6.998970E-05	+3.088211E-05	-1.158645E-05	-5.113312E-05	-8.287122E-05	-1.033103E-04	-1.103560E-04	-1.033103E-04	-8.287122E-05	-5.113312E-05	-1.158645E-05	+3.088211E-05	+6.998970E-05	+9.805725E-05	+1.060095E-04	+8.337505E-05	+1.828622E-05	-1.025208E-04	-2.121749E-05	+3.784477E-06	+1.725512E-05	+2.193950E-05	+2.029372E-05	+1.448492E-05	+6.391296E-06	-2.397906E-06	-1.058240E-05	-1.715085E-05	-2.138087E-05	-2.283904E-05	-2.138087E-05	-1.715085E-05	-1.058240E-05	-2.397906E-06	+6.391296E-06	+1.448492E-05	+2.029372E-05	+2.193950E-05	+1.725512E-05	+3.784477E-06	-2.121749E-05	+3.951920E-05	-7.048878E-06	-3.213899E-05	-4.086400E-05	-3.779861E-05	-2.697927E-05	-1.190428E-05	+4.466284E-06	+1.971053E-05	+3.194477E-05	+3.982351E-05	+4.253946E-05	+3.982351E-05	+3.194477E-05	+1.971053E-05	+4.466284E-06	-1.190428E-05	-2.697927E-05	-3.779861E-05	-4.086400E-05	-3.213899E-05	-7.048878E-06	+3.951920E-05	+8.174590E-05	-1.458068E-05	-6.647985E-05	-8.452765E-05	-7.818684E-05	-5.580692E-05	-2.462413E-05	+9.238559E-06	+4.077145E-05	+6.607812E-05	+8.237538E-05	+8.799335E-05	+8.237538E-05	+6.607812E-05	+4.077145E-05	+9.238559E-06	-2.462413E-05	-5.580692E-05	-7.818684E-05	-8.452765E-05	-6.647985E-05	-1.458068E-05	+8.174590E-05	+1.075193E-04	-1.917778E-05	-8.744006E-05	-1.111781E-04	-1.028381E-04	-7.340210E-05	-3.238779E-05	+1.215135E-05	+5.362615E-05	+8.691166E-05	+1.083472E-04	+1.157365E-04	+1.083472E-04	+8.691166E-05	+5.362615E-05	+1.215135E-05	-3.238779E-05	-7.340210E-05	-1.028381E-04	-1.111781E-04	-8.744006E-05	-1.917778E-05	+1.075193E-04	+1.188960E-04	-2.120700E-05	-9.669220E-05	-1.229420E-04	-1.137195E-04	-8.116886E-05	-3.581478E-05	+1.343710E-05	+5.930039E-05	+9.610788E-05	+1.198116E-04	+1.279827E-04	+1.198116E-04	+9.610788E-05	+5.930039E-05	+1.343710E-05	-3.581478E-05	-8.116886E-05	-1.137195E-04	-1.229420E-04	-9.669220E-05	-2.120700E-05	+1.188960E-04	+1.179328E-04	-2.103519E-05	-9.590883E-05	-1.219459E-04	-1.127982E-04	-8.051126E-05	-3.552463E-05	+1.332824E-05	+5.881996E-05	+9.532926E-05	+1.188409E-04	+1.269458E-04	+1.188409E-04	+9.532926E-05	+5.881996E-05	+1.332824E-05	-3.552463E-05	-8.051126E-05	-1.127982E-04	-1.219459E-04	-9.590883E-05	-2.103519E-05	+1.179328E-04	+1.066862E-04	-1.902919E-05	-8.676256E-05	-1.103167E-04	-1.020413E-04	-7.283336E-05	-3.213685E-05	+1.205720E-05	+5.321064E-05	+8.623826E-05	+1.075077E-04	+1.148397E-04	+1.075077E-04	+8.623826E-05	+5.321064E-05	+1.205720E-05	-3.213685E-05	-7.283336E-05	-1.020413E-04	-1.103167E-04	-8.676256E-05	-1.902919E-05	+1.066862E-04	+8.721298E-05	-1.555582E-05	-7.092596E-05	-9.018077E-05	-8.341589E-05	-5.953923E-05	-2.627097E-05	+9.856424E-06	+4.349821E-05	+7.049735E-05	+8.788456E-05	+9.387825E-05	+8.788456E-05	+7.049735E-05	+4.349821E-05	+9.856424E-06	-2.627097E-05	-5.953923E-05	-8.341589E-05	-9.018077E-05	-7.092596E-05	-1.555582E-05	+8.721298E-05	+6.156976E-05	-1.098195E-05	-5.007161E-05	-6.366493E-05	-5.888913E-05	-4.203292E-05	-1.854652E-05	+6.958341E-06	+3.070844E-05	+4.976903E-05	+6.204388E-05	+6.627524E-05	+6.204388E-05	+4.976903E-05	+3.070844E-05	+6.958341E-06	-1.854652E-05	-4.203292E-05	-5.888913E-05	-6.366493E-05	-5.007161E-05	-1.098195E-05	+6.156976E-05	+3.181321E-05	-5.674393E-06	-2.587210E-05	-3.289579E-05	-3.042813E-05	-2.171849E-05	-9.583022E-06	+3.595388E-06	+1.586711E-05	+2.571575E-05	+3.205819E-05	+3.424454E-05	+3.205819E-05	+2.571575E-05	+1.586711E-05	+3.595388E-06	-9.583022E-06	-2.171849E-05	-3.042813E-05	-3.289579E-05	-2.587210E-05	-5.674393E-06	+3.181321E-05	+0.000000E+00	+0.000000E+00	+0.000000E+00	+0.000000E+00	+0.000000E+00	+0.000000E+00	+0.000000E+00	+0.000000E+00	+0.000000E+00	+0.000000E+00	+0.000000E+00	+0.000000E+00
	S	+2.178335E-05	-1.429190E-05	-2.449679E-05	-1.948283E-05	-7.354848E-06	+6.046029E-06	+1.685943E-05	+2.292275E-05	+2.348824E-05	+1.893997E-05	+1.051092E-05	+0.000000E+00	-1.051092E-05	-1.893997E-05	-2.348824E-05	-2.292275E-05	-1.685943E-05	-6.046029E-06	+7.354848E-06	+1.948283E-05	+2.449679E-05	+1.429190E-05	-2.178335E-05	+4.508236E-06	-2.957822E-06	-5.069804E-06	-4.032125E-06	-1.522144E-06	+1.251273E-06	+3.489190E-06	+4.744043E-06	+4.861075E-06	+3.919774E-06	+2.175317E-06	+0.000000E+00	-2.175317E-06	-3.919774E-06	-4.861075E-06	-4.744043E-06	-3.489190E-06	-1.251273E-06	+1.522144E-06	+4.032125E-06	+5.069804E-06	+2.957822E-06	-4.508236E-06	-8.396936E-06	+5.509169E-06	+9.442898E-06	+7.510141E-06	+2.835109E-06	-2.330592E-06	-6.498885E-06	-8.836144E-06	-9.054124E-06	-7.300880E-06	-4.051695E-06	+0.000000E+00	+4.051695E-06	+7.300880E-06	+9.054124E-06	+8.836144E-06	+6.498885E-06	+2.330592E-06	-2.835109E-06	-7.510141E-06	-9.442898E-06	-5.509169E-06	+8.396936E-06	-1.736916E-05	+1.139578E-05	+1.953274E-05	+1.553481E-05	+5.864455E-06	-4.820856E-06	-1.344302E-05	-1.827766E-05	-1.872856E-05	-1.510195E-05	-8.380976E-06	+0.000000E+00	+8.380976E-06	+1.510195E-05	+1.872856E-05	+1.827766E-05	+1.344302E-05	+4.820856E-06	-5.864455E-06	-1.553481E-05	-1.953274E-05	-1.139578E-05	+1.736916E-05	-2.284542E-05	+1.498872E-05	+2.569115E-05	+2.043273E-05	+7.713439E-06	-6.340807E-06	-1.768142E-05	-2.404037E-05	-2.463342E-05	-1.986340E-05	-1.102339E-05	+0.000000E+00	+1.102339E-05	+1.986340E-05	+2.463342E-05	+2.404037E-05	+1.768142E-05	+6.340807E-06	-7.713439E-06	-2.043273E-05	-2.569115E-05	-1.498872E-05	+2.284542E-05	-2.526272E-05	+1.657469E-05	+2.840956E-05	+2.259474E-05	+8.529607E-06	-7.011735E-06	-1.955231E-05	-2.658410E-05	-2.723991E-05	-2.196517E-05	-1.218978E-05	+0.000000E+00	+1.218978E-05	+2.196517E-05	+2.723991E-05	+2.658410E-05	+1.955231E-05	+7.011735E-06	-8.529607E-06	-2.259474E-05	-2.840956E-05	-1.657469E-05	+2.526272E-05	-2.505805E-05	+1.644041E-05	+2.817940E-05	+2.241169E-05	+8.460503E-06	-6.954929E-06	-1.939390E-05	-2.636873E-05	-2.701922E-05	-2.178721E-05	-1.209103E-05	+0.000000E+00	+1.209103E-05	+2.178721E-05	+2.701922E-05	+2.636873E-05	+1.939390E-05	+6.954929E-06	-8.460503E-06	-2.241169E-05	-2.817940E-05	-1.644041E-05	+2.505805E-05	-2.266841E-05	+1.487258E-05	+2.549209E-05	+2.027441E-05	+7.653674E-06	-6.291677E-06	-1.754442E-05	-2.385410E-05	-2.444256E-05	-1.970949E-05	-1.093797E-05	+0.000000E+00	+1.093797E-05	+1.970949E-05	+2.444256E-05	+2.385410E-05	+1.754442E-05	+6.291677E-06	-7.653674E-06	-2.027441E-05	-2.549209E-05	-1.487258E-05	+2.266841E-05	-1.853079E-05	+1.215792E-05	+2.083907E-05	+1.657376E-05	+6.256664E-06	-5.143270E-06	-1.434207E-05	-1.950005E-05	-1.998110E-05	-1.611196E-05	-8.941487E-06	+0.000000E+00	+8.941487E-06	+1.611196E-05	+1.998110E-05	+1.950005E-05	+1.434207E-05	+5.143270E-06	-6.256664E-06	-1.657376E-05	-2.083907E-05	-1.215792E-05	+1.853079E-05	-1.308218E-05	+8.583126E-06	+1.471176E-05	+1.170058E-05	+4.417018E-06	-3.630995E-06	-1.012507E-05	-1.376646E-05	-1.410606E-05	-1.137456E-05	-6.312423E-06	+0.000000E+00	+6.312423E-06	+1.137456E-05	+1.410606E-05	+1.376646E-05	+1.012507E-05	+3.630995E-06	-4.417018E-06	-1.170058E-05	-1.471176E-05	-8.583126E-06	+1.308218E-05	-6.759589E-06	+4.434918E-06	+7.601595E-06	+6.045713E-06	+2.282282E-06	-1.876142E-06	-5.231645E-06	-7.113154E-06	-7.288630E-06	-5.877257E-06	-3.261641E-06	+0.000000E+00	+3.261641E-06	+5.877257E-06	+7.288630E-06	+7.113154E-06	+5.231645E-06	+1.876142E-06	-2.282282E-06	-6.045713E-06	-7.601595E-06	-4.434918E-06	+6.759589E-06	+0.000000E+00	+0.000000E+00	+0.000000E+00	+0.000000E+00	+0.000000E+00	+0.000000E+00	+0.000000E+00	+0.000000E+00	+0.000000E+00	+0.000000E+00	+0.000000E+00	+0.000000E+00
	A	+1.297732E-06	+1.179756E-07	-5.561708E-07	-8.426830E-07	-8.471181E-07	-6.626149E-07	-3.698935E-07	-3.725546E-08	+2.794159E-07	+5.366560E-07	+7.034185E-07	+7.610758E-07	+7.034185E-07	+5.366560E-07	+2.794159E-07	-3.725546E-08	-3.698935E-07	-6.626149E-07	-8.471181E-07	-8.426830E-07	-5.561708E-07	+1.179756E-07	+1.297732E-06	+2.685758E-07	+2.441598E-08	-1.151039E-07	-1.743999E-07	-1.753177E-07	-1.371334E-07	-7.655236E-08	-7.710309E-09	+5.782732E-08	+1.110652E-07	+1.455780E-07	+1.575106E-07	+1.455780E-07	+1.110652E-07	+5.782732E-08	-7.710309E-09	-7.655236E-08	-1.371334E-07	-1.753177E-07	-1.743999E-07	-1.151039E-07	+2.441598E-08	+2.685758E-07	-5.002430E-07	-4.547663E-08	+2.143898E-07	+3.248331E-07	+3.265427E-07	+2.554214E-07	+1.425846E-07	+1.436104E-08	-1.077078E-07	-2.068674E-07	-2.711502E-07	-2.933756E-07	-2.711502E-07	-2.068674E-07	-1.077078E-07	+1.436104E-08	+1.425846E-07	+2.554214E-07	+3.265427E-07	+3.248331E-07	+2.143898E-07	-4.547663E-08	-5.002430E-07	-1.034758E-06	-9.406893E-08	+4.434678E-07	+6.719209E-07	+6.754573E-07	+5.283420E-07	+2.949379E-07	+2.970598E-08	-2.227948E-07	-4.279075E-07	-5.608771E-07	-6.068507E-07	-5.608771E-07	-4.279075E-07	-2.227948E-07	+2.970598E-08	+2.949379E-07	+5.283420E-07	+6.754573E-07	+6.719209E-07	+4.434678E-07	-9.406893E-08	-1.034758E-06	-1.361004E-06	-1.237276E-07	+5.832873E-07	+8.837686E-07	+8.884200E-07	+6.949212E-07	+3.879279E-07	+3.907187E-08	-2.930391E-07	-5.628210E-07	-7.377142E-07	-7.981826E-07	-7.377142E-07	-5.628210E-07	-2.930391E-07	+3.907187E-08	+3.879279E-07	+6.949212E-07	+8.884200E-07	+8.837686E-07	+5.832873E-07	-1.237276E-07	-1.361004E-06	-1.505013E-06	-1.368194E-07	+6.450056E-07	+9.772811E-07	+9.824247E-07	+7.684516E-07	+4.289750E-07	+4.320611E-08	-3.240459E-07	-6.223738E-07	-8.157726E-07	-8.826392E-07	-8.157726E-07	-6.223738E-07	-3.240459E-07	+4.320611E-08	+4.289750E-07	+7.684516E-07	+9.824247E-07	+9.772811E-07	+6.450056E-07	-1.368194E-07	-1.505013E-06	-1.492820E-06	-1.357109E-07	+6.397800E-07	+9.693636E-07	+9.744655E-07	+7.622259E-07	+4.254996E-07	+4.285607E-08	-3.214206E-07	-6.173316E-07	-8.091635E-07	-8.754884E-07	-8.091635E-07	-6.173316E-07	-3.214206E-07	+4.285607E-08	+4.254996E-07	+7.622259E-07	+9.744655E-07	+9.693636E-07	+6.397800E-07	-1.357109E-07	-1.492820E-06	-1.350458E-06	-1.227689E-07	+5.787678E-07	+8.769210E-07	+8.815364E-07	+6.895368E-07	+3.849222E-07	+3.876914E-08	-2.907685E-07	-5.584602E-07	-7.319982E-07	-7.919981E-07	-7.319982E-07	-5.584602E-07	-2.907685E-07	+3.876914E-08	+3.849222E-07	+6.895368E-07	+8.815364E-07	+8.769210E-07	+5.787678E-07	-1.227689E-07	-1.350458E-06	-1.103962E-06	-1.003602E-07	+4.731265E-07	+7.168583E-07	+7.206312E-07	+5.636770E-07	+3.146631E-07	+3.169268E-08	-2.376951E-07	-4.565255E-07	-5.983880E-07	-6.474362E-07	-5.983880E-07	-4.565255E-07	-2.376951E-07	+3.169268E-08	+3.146631E-07	+5.636770E-07	+7.206312E-07	+7.168583E-07	+4.731265E-07	-1.003602E-07	-1.103962E-06	-7.793641E-07	-7.085128E-08	+3.340132E-07	+5.060806E-07	+5.087441E-07	+3.979391E-07	+2.221427E-07	+2.237409E-08	-1.678057E-07	-3.222934E-07	-4.224441E-07	-4.570706E-07	-4.224441E-07	-3.222934E-07	-1.678057E-07	+2.237409E-08	+2.221427E-07	+3.979391E-07	+5.087441E-07	+5.060806E-07	+3.340132E-07	-7.085128E-08	-7.793641E-07	-4.026989E-07	-3.660899E-08	+1.725852E-07	+2.614928E-07	+2.628691E-07	+2.056159E-07	+1.147816E-07	+1.156073E-08	-8.670550E-08	-1.665296E-07	-2.182777E-07	-2.361693E-07	-2.182777E-07	-1.665296E-07	-8.670550E-08	+1.156073E-08	+1.147816E-07	+2.056159E-07	+2.628691E-07	+2.614928E-07	+1.725852E-07	-3.660899E-08	-4.026989E-07	+0.000000E+00	+0.000000E+00	+0.000000E+00	+0.000000E+00	+0.000000E+00	+0.000000E+00	+0.000000E+00	+0.000000E+00	+0.000000E+00	+0.000000E+00	+0.000000E+00	+0.000000E+00
	S	-2.039293E-07	+7.415610E-08	+1.668512E-07	+1.483122E-07	+7.513184E-08	-1.170886E-08	-8.488922E-08	-1.287974E-07	-1.375791E-07	-1.131856E-07	-6.342298E-08	+0.000000E+00	+6.342298E-08	+1.131856E-07	+1.375791E-07	+1.287974E-07	+8.488922E-08	+1.170886E-08	-7.513184E-08	-1.483122E-07	-1.668512E-07	-7.415610E-08	+2.039293E-07	-4.220476E-08	+1.534719E-08	+3.453117E-08	+3.069437E-08	+1.554912E-08	-2.423240E-09	-1.756849E-08	-2.665564E-08	-2.847307E-08	-2.342465E-08	-1.312588E-08	+0.000000E+00	+1.312588E-08	+2.342465E-08	+2.847307E-08	+2.665564E-08	+1.756849E-08	+2.423240E-09	-1.554912E-08	-3.069437E-08	-3.453117E-08	-1.534719E-08	+4.220476E-08	+7.860961E-08	-2.858531E-08	-6.431695E-08	-5.717063E-08	-2.896144E-08	+4.513470E-09	+3.272266E-08	+4.964817E-08	+5.303328E-08	+4.363021E-08	+2.444796E-08	+0.000000E+00	-2.444796E-08	-4.363021E-08	-5.303328E-08	-4.964817E-08	-3.272266E-08	-4.513470E-09	+2.896144E-08	+5.717063E-08	+6.431695E-08	+2.858531E-08	-7.860961E-08	+1.626049E-07	-5.912904E-08	-1.330403E-07	-1.182581E-07	-5.990705E-08	+9.336164E-09	+6.768719E-08	+1.026978E-07	+1.096999E-07	+9.024959E-08	+5.057089E-08	+0.000000E+00	-5.057089E-08	-9.024959E-08	-1.096999E-07	-1.026978E-07	-6.768719E-08	-9.336164E-09	+5.990705E-08	+1.182581E-07	+1.330403E-07	+5.912904E-08	-1.626049E-07	+2.138720E-07	-7.777164E-08	-1.749862E-07	-1.555433E-07	-7.879495E-08	+1.227973E-08	+8.902806E-08	+1.350771E-07	+1.442868E-07	+1.187041E-07	+6.651521E-08	+0.000000E+00	-6.651521E-08	-1.187041E-07	-1.442868E-07	-1.350771E-07	-8.902806E-08	-1.227973E-08	+7.879495E-08	+1.555433E-07	+1.749862E-07	+7.777164E-08	-2.138720E-07	+2.365020E-07	-8.600074E-08	-1.935017E-07	-1.720015E-07	-8.713233E-08	+1.357906E-08	+9.844822E-08	+1.493697E-07	+1.595540E-07	+1.312643E-07	+7.355326E-08	+0.000000E+00	-7.355326E-08	-1.312643E-07	-1.595540E-07	-1.493697E-07	-9.844822E-08	-1.357906E-08	+8.713233E-08	+1.720015E-07	+1.935017E-07	+8.600074E-08	-2.365020E-07	+2.345860E-07	-8.530400E-08	-1.919340E-07	-1.706080E-07	-8.642642E-08	+1.346905E-08	+9.765063E-08	+1.481596E-07	+1.582614E-07	+1.302008E-07	+7.295737E-08	+0.000000E+00	-7.295737E-08	-1.302008E-07	-1.582614E-07	-1.481596E-07	-9.765063E-08	-1.346905E-08	+8.642642E-08	+1.706080E-07	+1.919340E-07	+8.530400E-08	-2.345860E-07	+2.122149E-07	-7.716905E-08	-1.736304E-07	-1.543381E-07	-7.818443E-08	+1.218459E-08	+8.833825E-08	+1.340304E-07	+1.431689E-07	+1.177843E-07	+6.599984E-08	+0.000000E+00	-6.599984E-08	-1.177843E-07	-1.431689E-07	-1.340304E-07	-8.833825E-08	-1.218459E-08	+7.818443E-08	+1.543381E-07	+1.736304E-07	+7.716905E-08	-2.122149E-07	+1.734797E-07	-6.308353E-08	-1.419379E-07	-1.261671E-07	-6.391358E-08	+9.960557E-09	+7.221404E-08	+1.095661E-07	+1.170365E-07	+9.628539E-08	+5.395302E-08	+0.000000E+00	-5.395302E-08	-9.628539E-08	-1.170365E-07	-1.095661E-07	-7.221404E-08	-9.960557E-09	+6.391358E-08	+1.261671E-07	+1.419379E-07	+6.308353E-08	-1.734797E-07	+1.224715E-07	-4.453509E-08	-1.002039E-07	-8.907018E-08	-4.512108E-08	+7.031856E-09	+5.098096E-08	+7.735042E-08	+8.262431E-08	+6.797461E-08	+3.808922E-08	+0.000000E+00	-3.808922E-08	-6.797461E-08	-8.262431E-08	-7.735042E-08	-5.098096E-08	-7.031856E-09	+4.512108E-08	+8.907018E-08	+1.002039E-07	+4.453509E-08	-1.224715E-07	+6.328125E-08	-2.301137E-08	-5.177557E-08	-4.602273E-08	-2.331415E-08	+3.633373E-09	+2.634196E-08	+3.996711E-08	+4.269214E-08	+3.512261E-08	+1.968077E-08	+0.000000E+00	-1.968077E-08	-3.512261E-08	-4.269214E-08	-3.996711E-08	-2.634196E-08	-3.633373E-09	+2.331415E-08	+4.602273E-08	+5.177557E-08	+2.301137E-08	-6.328125E-08	+0.000000E+00	+0.000000E+00	+0.000000E+00	+0.000000E+00	+0.000000E+00	+0.000000E+00	+0.000000E+00	+0.000000E+00	+0.000000E+00	+0.000000E+00	+0.000000E+00	+0.000000E+00
	S	+9.451796E-05	-3.780718E-05	-9.451796E-05	-9.451796E-05	-5.472092E-05	+9.949259E-06	+8.655855E-05	+1.641628E-04	+2.338076E-04	+2.885285E-04	+3.233509E-04	+3.352900E-04	+3.233509E-04	+2.885285E-04	+2.338076E-04	+1.641628E-04	+8.655855E-05	+9.949259E-06	-5.472092E-05	-9.451796E-05	-9.451796E-05	-3.780718E-05	+9.451796E-05	+6.874033E-05	-2.749613E-05	-6.874033E-05	-6.874033E-05	-3.979704E-05	+7.235825E-06	+6.295167E-05	+1.193911E-04	+1.700419E-04	+2.098389E-04	+2.351643E-04	+2.438473E-04	+2.351643E-04	+2.098389E-04	+1.700419E-04	+1.193911E-04	+6.295167E-05	+7.235825E-06	-3.979704E-05	-6.874033E-05	-6.874033E-05	-2.749613E-05	+6.874033E-05	+4.541772E-05	-1.816709E-05	-4.541772E-05	-4.541772E-05	-2.629447E-05	+4.780813E-06	+4.159307E-05	+7.888341E-05	+1.123491E-04	+1.386436E-04	+1.553764E-04	+1.611134E-04	+1.553764E-04	+1.386436E-04	+1.123491E-04	+7.888341E-05	+4.159307E-05	+4.780813E-06	-2.629447E-05	-4.541772E-05	-4.541772E-05	-1.816709E-05	+4.541772E-05	+2.455012E-05	-9.820048E-06	-2.455012E-05	-2.455012E-05	-1.421323E-05	+2.584223E-06	+2.248274E-05	+4.263968E-05	+6.072924E-05	+7.494247E-05	+8.398725E-05	+8.708832E-05	+8.398725E-05	+7.494247E-05	+6.072924E-05	+4.263968E-05	+2.248274E-05	+2.584223E-06	-1.421323E-05	-2.455012E-05	-2.455012E-05	-9.820048E-06	+2.455012E-05	+6.137530E-06	-2.455012E-06	-6.137530E-06	-6.137530E-06	-3.553307E-06	+6.460558E-07	+5.620685E-06	+1.065992E-05	+1.518231E-05	+1.873562E-05	+2.099681E-05	+2.177208E-05	+2.099681E-05	+1.873562E-05	+1.518231E-05	+1.065992E-05	+5.620685E-06	+6.460558E-07	-3.553307E-06	-6.137530E-06	-6.137530E-06	-2.455012E-06	+6.137530E-06	-9.820048E-06	+3.928019E-06	+9.820048E-06	+9.820048E-06	+5.685291E-06	-1.033689E-06	-8.993096E-06	-1.705587E-05	-2.429170E-05	-2.997699E-05	-3.359490E-05	-3.483533E-05	-3.359490E-05	-2.997699E-05	-2.429170E-05	-1.705587E-05	-8.993096E-06	-1.033689E-06	+5.685291E-06	+9.820048E-06	+9.820048E-06	+3.928019E-06	-9.820048E-06	-2.332261E-05	+9.329045E-06	+2.332261E-05	+2.332261E-05	+1.350257E-05	-2.455012E-06	-2.135860E-05	-4.050770E-05	-5.769278E-05	-7.119535E-05	-7.978789E-05	-8.273390E-05	-7.978789E-05	-7.119535E-05	-5.769278E-05	-4.050770E-05	-2.135860E-05	-2.455012E-06	+1.350257E-05	+2.332261E-05	+2.332261E-05	+9.329045E-06	-2.332261E-05	-3.437017E-05	+1.374807E-05	+3.437017E-05	+3.437017E-05	+1.989852E-05	-3.617912E-06	-3.147584E-05	-5.969555E-05	-8.502094E-05	-1.049195E-04	-1.175821E-04	-1.219236E-04	-1.175821E-04	-1.049195E-04	-8.502094E-05	-5.969555E-05	-3.147584E-05	-3.617912E-06	+1.989852E-05	+3.437017E-05	+3.437017E-05	+1.374807E-05	-3.437017E-05	-4.296271E-05	+1.718508E-05	+4.296271E-05	+4.296271E-05	+2.487315E-05	-4.522390E-06	-3.934480E-05	-7.461944E-05	-1.062762E-04	-1.311493E-04	-1.469777E-04	-1.524046E-04	-1.469777E-04	-1.311493E-04	-1.062762E-04	-7.461944E-05	-3.934480E-05	-4.522390E-06	+2.487315E-05	+4.296271E-05	+4.296271E-05	+1.718508E-05	-4.296271E-05	-4.910024E-05	+1.964010E-05	+4.910024E-05	+4.910024E-05	+2.842645E-05	-5.168446E-06	-4.496548E-05	-8.527936E-05	-1.214585E-04	-1.498849E-04	-1.679745E-04	-1.741766E-04	-1.679745E-04	-1.498849E-04	-1.214585E-04	-8.527936E-05	-4.496548E-05	-5.168446E-06	+2.842645E-05	+4.910024E-05	+4.910024E-05	+1.964010E-05	-4.910024E-05	-5.278276E-05	+2.111310E-05	+5.278276E-05	+5.278276E-05	+3.055844E-05	-5.556080E-06	-4.833789E-05	-9.167531E-05	-1.305679E-04	-1.611263E-04	-1.805726E-04	-1.872399E-04	-1.805726E-04	-1.611263E-04	-1.305679E-04	-9.167531E-05	-4.833789E-05	-5.556080E-06	+3.055844E-05	+5.278276E-05	+5.278276E-05	+2.111310E-05	-5.278276E-05	-5.401026E-05	+2.160410E-05	+5.401026E-05	+5.401026E-05	+3.126910E-05	-5.685291E-06	-4.946203E-05	-9.380730E-05	-1.336043E-04	-1.648734E-04	-1.847719E-04	-1.915943E-04
	A	-4.645921E-05	+4.164739E-05	+5.678348E-05	+3.074808E-05	-1.239726E-05	-5.546874E-05	-8.730057E-05	-1.018853E-04	-9.751398E-05	-7.591667E-05	-4.140248E-05	+0.000000E+00	+4.140248E-05	+7.591667E-05	+9.751398E-05	+1.018853E-04	+8.730057E-05	+5.546874E-05	+1.239726E-05	-3.074808E-05	-5.678348E-05	-4.164739E-05	+4.645921E-05	-3.378852E-05	+3.028901E-05	+4.129708E-05	+2.236224E-05	-9.016192E-06	-4.034090E-05	-6.349132E-05	-7.409839E-05	-7.091926E-05	-5.521212E-05	-3.011090E-05	+0.000000E+00	+3.011090E-05	+5.521212E-05	+7.091926E-05	+7.409839E-05	+6.349132E-05	+4.034090E-05	+9.016192E-06	-2.236224E-05	-4.129708E-05	-3.028901E-05	+3.378852E-05	-2.232456E-05	+2.001238E-05	+2.728557E-05	+1.477505E-05	-5.957127E-06	-2.665381E-05	-4.194963E-05	-4.895786E-05	-4.685737E-05	-3.647944E-05	-1.989470E-05	+0.000000E+00	+1.989470E-05	+3.647944E-05	+4.685737E-05	+4.895786E-05	+4.194963E-05	+2.665381E-05	+5.957127E-06	-1.477505E-05	-2.728557E-05	-2.001238E-05	+2.232456E-05	-1.206733E-05	+1.081750E-05	+1.474896E-05	+7.986514E-06	-3.220068E-06	-1.440747E-05	-2.267547E-05	-2.646371E-05	-2.532831E-05	-1.971862E-05	-1.075389E-05	+0.000000E+00	+1.075389E-05	+1.971862E-05	+2.532831E-05	+2.646371E-05	+2.267547E-05	+1.440747E-05	+3.220068E-06	-7.986514E-06	-1.474896E-05	-1.081750E-05	+1.206733E-05	-3.016832E-06	+2.704376E-06	+3.687239E-06	+1.996629E-06	-8.050171E-07	-3.601866E-06	-5.668868E-06	-6.615927E-06	-6.332077E-06	-4.929654E-06	-2.688473E-06	+0.000000E+00	+2.688473E-06	+4.929654E-06	+6.332077E-06	+6.615927E-06	+5.668868E-06	+3.601866E-06	+8.050171E-07	-1.996629E-06	-3.687239E-06	-2.704376E-06	+3.016832E-06	+4.826931E-06	-4.327001E-06	-5.899582E-06	-3.194606E-06	+1.288027E-06	+5.762986E-06	+9.070189E-06	+1.058548E-05	+1.013132E-05	+7.887446E-06	+4.301557E-06	+0.000000E+00	-4.301557E-06	-7.887446E-06	-1.013132E-05	-1.058548E-05	-9.070189E-06	-5.762986E-06	-1.288027E-06	+3.194606E-06	+5.899582E-06	+4.327001E-06	-4.826931E-06	+1.146396E-05	-1.027663E-05	-1.401151E-05	-7.587189E-06	+3.059065E-06	+1.368709E-05	+2.154170E-05	+2.514052E-05	+2.406189E-05	+1.873269E-05	+1.021620E-05	+0.000000E+00	-1.021620E-05	-1.873269E-05	-2.406189E-05	-2.514052E-05	-2.154170E-05	-1.368709E-05	-3.059065E-06	+7.587189E-06	+1.401151E-05	+1.027663E-05	-1.146396E-05	+1.689426E-05	-1.514450E-05	-2.064854E-05	-1.118112E-05	+4.508096E-06	+2.017045E-05	+3.174566E-05	+3.704919E-05	+3.545963E-05	+2.760606E-05	+1.505545E-05	+0.000000E+00	-1.505545E-05	-2.760606E-05	-3.545963E-05	-3.704919E-05	-3.174566E-05	-2.017045E-05	-4.508096E-06	+1.118112E-05	+2.064854E-05	+1.514450E-05	-1.689426E-05	+2.111782E-05	-1.893063E-05	-2.581067E-05	-1.397640E-05	+5.635120E-06	+2.521306E-05	+3.968208E-05	+4.631149E-05	+4.432454E-05	+3.450758E-05	+1.881931E-05	+0.000000E+00	-1.881931E-05	-3.450758E-05	-4.432454E-05	-4.631149E-05	-3.968208E-05	-2.521306E-05	-5.635120E-06	+1.397640E-05	+2.581067E-05	+1.893063E-05	-2.111782E-05	+2.413466E-05	-2.163501E-05	-2.949791E-05	-1.597303E-05	+6.440137E-06	+2.881493E-05	+4.535095E-05	+5.292742E-05	+5.065662E-05	+3.943723E-05	+2.150778E-05	+0.000000E+00	-2.150778E-05	-3.943723E-05	-5.065662E-05	-5.292742E-05	-4.535095E-05	-2.881493E-05	-6.440137E-06	+1.597303E-05	+2.949791E-05	+2.163501E-05	-2.413466E-05	+2.594475E-05	-2.325763E-05	-3.171026E-05	-1.717101E-05	+6.923147E-06	+3.097605E-05	+4.875227E-05	+5.689697E-05	+5.445586E-05	+4.239502E-05	+2.312087E-05	+0.000000E+00	-2.312087E-05	-4.239502E-05	-5.445586E-05	-5.689697E-05	-4.875227E-05	-3.097605E-05	-6.923147E-06	+1.717101E-05	+3.171026E-05	+2.325763E-05	-2.594475E-05	+2.654812E-05	-2.379851E-05	-3.244770E-05	-1.757033E-05	+7.084151E-06	+3.169642E-05	+4.988604E-05	+5.822016E-05	+5.572228E-05	+4.338095E-05	+2.365856E-05	+0.000000E+00
	S	-1.116847E-05	+1.992074E-06	+9.082757E-06	+1.154852E-05	+1.068221E-05	+7.624576E-06	+3.364253E-06	-1.262211E-06	-5.570367E-06	-9.027870E-06	-1.125447E-05	-1.202202E-05	-1.125447E-05	-9.027870E-06	-5.570367E-06	-1.262211E-06	+3.364253E-06	+7.624576E-06	+1.068221E-05	+1.154852E-05	+9.082757E-06	+1.992074E-06	-1.116847E-05	-8.122522E-06	+1.448781E-06	+6.605642E-06	+8.398926E-06	+7.768883E-06	+5.545146E-06	+2.446729E-06	-9.179715E-07	-4.051176E-06	-6.565724E-06	-8.185070E-06	-8.743288E-06	-8.185070E-06	-6.565724E-06	-4.051176E-06	-9.179715E-07	+2.446729E-06	+5.545146E-06	+7.768883E-06	+8.398926E-06	+6.605642E-06	+1.448781E-06	-8.122522E-06	-5.366667E-06	+9.572305E-07	+4.364442E-06	+5.549290E-06	+5.133012E-06	+3.663757E-06	+1.616589E-06	-6.065169E-07	-2.676670E-06	-4.338067E-06	-5.407993E-06	-5.776815E-06	-5.407993E-06	-4.338067E-06	-2.676670E-06	-6.065169E-07	+1.616589E-06	+3.663757E-06	+5.133012E-06	+5.549290E-06	+4.364442E-06	+9.572305E-07	-5.366667E-06	-2.900901E-06	+5.174219E-07	+2.359158E-06	+2.999616E-06	+2.774601E-06	+1.980409E-06	+8.738318E-07	-3.278469E-07	-1.446849E-06	-2.344901E-06	-2.923239E-06	-3.122603E-06	-2.923239E-06	-2.344901E-06	-1.446849E-06	-3.278469E-07	+8.738318E-07	+1.980409E-06	+2.774601E-06	+2.999616E-06	+2.359158E-06	+5.174219E-07	-2.900901E-06	-7.252252E-07	+1.293555E-07	+5.897894E-07	+7.499041E-07	+6.936503E-07	+4.951024E-07	+2.184580E-07	-8.196174E-08	-3.617122E-07	-5.862253E-07	-7.308098E-07	-7.806507E-07	-7.308098E-07	-5.862253E-07	-3.617122E-07	-8.196174E-08	+2.184580E-07	+4.951024E-07	+6.936503E-07	+7.499041E-07	+5.897894E-07	+1.293555E-07	-7.252252E-07	+1.160360E-06	-2.069688E-07	-9.436631E-07	-1.199847E-06	-1.109840E-06	-7.921638E-07	-3.495327E-07	+1.311388E-07	+5.787395E-07	+9.379605E-07	+1.169296E-06	+1.249041E-06	+1.169296E-06	+9.379605E-07	+5.787395E-07	+1.311388E-07	-3.495327E-07	-7.921638E-07	-1.109840E-06	-1.199847E-06	-9.436631E-07	-2.069688E-07	+1.160360E-06	+2.755856E-06	-4.915508E-07	-2.241200E-06	-2.849636E-06	-2.635871E-06	-1.881389E-06	-8.301402E-07	+3.114546E-07	+1.374506E-06	+2.227656E-06	+2.777077E-06	+2.966473E-06	+2.777077E-06	+2.227656E-06	+1.374506E-06	+3.114546E-07	-8.301402E-07	-1.881389E-06	-2.635871E-06	-2.849636E-06	-2.241200E-06	-4.915508E-07	+2.755856E-06	+4.061261E-06	-7.243907E-07	-3.302821E-06	-4.199463E-06	-3.884442E-06	-2.772573E-06	-1.223365E-06	+4.589857E-07	+2.025588E-06	+3.282862E-06	+4.092535E-06	+4.371644E-06	+4.092535E-06	+3.282862E-06	+2.025588E-06	+4.589857E-07	-1.223365E-06	-2.772573E-06	-3.884442E-06	-4.199463E-06	-3.302821E-06	-7.243907E-07	+4.061261E-06	+5.076576E-06	-9.054883E-07	-4.128526E-06	-5.249329E-06	-4.855552E-06	-3.465716E-06	-1.529206E-06	+5.737322E-07	+2.531985E-06	+4.103577E-06	+5.115669E-06	+5.464555E-06	+5.115669E-06	+4.103577E-06	+2.531985E-06	+5.737322E-07	-1.529206E-06	-3.465716E-06	-4.855552E-06	-5.249329E-06	-4.128526E-06	-9.054883E-07	+5.076576E-06	+5.801802E-06	-1.034844E-06	-4.718315E-06	-5.999233E-06	-5.549202E-06	-3.960819E-06	-1.747664E-06	+6.556939E-07	+2.893697E-06	+4.689803E-06	+5.846478E-06	+6.245206E-06	+5.846478E-06	+4.689803E-06	+2.893697E-06	+6.556939E-07	-1.747664E-06	-3.960819E-06	-5.549202E-06	-5.999233E-06	-4.718315E-06	-1.034844E-06	+5.801802E-06	+6.236937E-06	-1.112457E-06	-5.072189E-06	-6.449175E-06	-5.965393E-06	-4.257880E-06	-1.878738E-06	+7.048709E-07	+3.110725E-06	+5.041538E-06	+6.284964E-06	+6.713596E-06	+6.284964E-06	+5.041538E-06	+3.110725E-06	+7.048709E-07	-1.878738E-06	-4.257880E-06	-5.965393E-06	-6.449175E-06	-5.072189E-06	-1.112457E-06	+6.236937E-06	+6.381982E-06	-1.138328E-06	-5.190147E-06	-6.599156E-06	-6.104123E-06	-4.356901E-06	-1.922430E-06	+7.212633E-07	+3.183067E-06	+5.158783E-06	+6.431126E-06	+6.869726E-06
	A	+2.373047E-06	-1.556939E-06	-2.668645E-06	-2.122431E-06	-8.012265E-07	+6.586456E-07	+1.836641E-06	+2.497171E-06	+2.558774E-06	+2.063292E-06	+1.145044E-06	+0.000000E+00	-1.145044E-06	-2.063292E-06	-2.558774E-06	-2.497171E-06	-1.836641E-06	-6.586456E-07	+8.012265E-07	+2.122431E-06	+2.668645E-06	+1.556939E-06	-2.373047E-06	+1.725852E-06	-1.132319E-06	-1.940833E-06	-1.543586E-06	-5.827102E-07	+4.790150E-07	+1.335739E-06	+1.816124E-06	+1.860927E-06	+1.500576E-06	+8.327594E-07	+0.000000E+00	-8.327594E-07	-1.500576E-06	-1.860927E-06	-1.816124E-06	-1.335739E-06	-4.790150E-07	+5.827102E-07	+1.543586E-06	+1.940833E-06	+1.132319E-06	-1.725852E-06	+1.140295E-06	-7.481396E-07	-1.282336E-06	-1.019870E-06	-3.850049E-07	+3.164920E-07	+8.825419E-07	+1.199939E-06	+1.229541E-06	+9.914521E-07	+5.502160E-07	+0.000000E+00	-5.502160E-07	-9.914521E-07	-1.229541E-06	-1.199939E-06	-8.825419E-07	-3.164920E-07	+3.850049E-07	+1.019870E-06	+1.282336E-06	+7.481396E-07	-1.140295E-06	+6.163759E-07	-4.043998E-07	-6.931546E-07	-5.512808E-07	-2.081108E-07	+1.710768E-07	+4.770497E-07	+6.486159E-07	+6.646167E-07	+5.359201E-07	+2.974141E-07	+0.000000E+00	-2.974141E-07	-5.359201E-07	-6.646167E-07	-6.486159E-07	-4.770497E-07	-1.710768E-07	+2.081108E-07	+5.512808E-07	+6.931546E-07	+4.043998E-07	-6.163759E-07	+1.540940E-07	-1.010999E-07	-1.732886E-07	-1.378202E-07	-5.202769E-08	+4.276919E-08	+1.192624E-07	+1.621540E-07	+1.661542E-07	+1.339800E-07	+7.435351E-08	+0.000000E+00	-7.435351E-08	-1.339800E-07	-1.661542E-07	-1.621540E-07	-1.192624E-07	-4.276919E-08	+5.202769E-08	+1.378202E-07	+1.732886E-07	+1.010999E-07	-1.540940E-07	-2.465503E-07	+1.617599E-07	+2.772618E-07	+2.205123E-07	+8.324431E-08	-6.843071E-08	-1.908199E-07	-2.594464E-07	-2.658467E-07	-2.143680E-07	-1.189656E-07	+0.000000E+00	+1.189656E-07	+2.143680E-07	+2.658467E-07	+2.594464E-07	+1.908199E-07	+6.843071E-08	-8.324431E-08	-2.205123E-07	-2.772618E-07	-1.617599E-07	+2.465503E-07	-5.855571E-07	+3.841798E-07	+6.584969E-07	+5.237168E-07	+1.977052E-07	-1.625229E-07	-4.531972E-07	-6.161851E-07	-6.313859E-07	-5.091241E-07	-2.825434E-07	+0.000000E+00	+2.825434E-07	+5.091241E-07	+6.313859E-07	+6.161851E-07	+4.531972E-07	+1.625229E-07	-1.977052E-07	-5.237168E-07	-6.584969E-07	-3.841798E-07	+5.855571E-07	-8.629262E-07	+5.661597E-07	+9.704164E-07	+7.717932E-07	+2.913551E-07	-2.395075E-07	-6.678696E-07	-9.080622E-07	-9.304634E-07	-7.502881E-07	-4.163797E-07	+0.000000E+00	+4.163797E-07	+7.502881E-07	+9.304634E-07	+9.080622E-07	+6.678696E-07	+2.395075E-07	-2.913551E-07	-7.717932E-07	-9.704164E-07	-5.661597E-07	+8.629262E-07	-1.078658E-06	+7.076996E-07	+1.213021E-06	+9.647415E-07	+3.641939E-07	-2.993843E-07	-8.348369E-07	-1.135078E-06	-1.163079E-06	-9.378601E-07	-5.204746E-07	+0.000000E+00	+5.204746E-07	+9.378601E-07	+1.163079E-06	+1.135078E-06	+8.348369E-07	+2.993843E-07	-3.641939E-07	-9.647415E-07	-1.213021E-06	-7.076996E-07	+1.078658E-06	-1.232752E-06	+8.087996E-07	+1.386309E-06	+1.102562E-06	+4.162216E-07	-3.421535E-07	-9.540994E-07	-1.297232E-06	-1.329233E-06	-1.071840E-06	-5.948281E-07	+0.000000E+00	+5.948281E-07	+1.071840E-06	+1.329233E-06	+1.297232E-06	+9.540994E-07	+3.421535E-07	-4.162216E-07	-1.102562E-06	-1.386309E-06	-8.087996E-07	+1.232752E-06	-1.325208E-06	+8.694595E-07	+1.490282E-06	+1.185254E-06	+4.474382E-07	-3.678151E-07	-1.025657E-06	-1.394524E-06	-1.428926E-06	-1.152228E-06	-6.394402E-07	+0.000000E+00	+6.394402E-07	+1.152228E-06	+1.428926E-06	+1.394524E-06	+1.025657E-06	+3.678151E-07	-4.474382E-07	-1.185254E-06	-1.490282E-06	-8.694595E-07	+1.325208E-06	-1.356027E-06	+8.896795E-07	+1.524940E-06	+1.212818E-06	+4.578437E-07	-3.763689E-07	-1.049509E-06	-1.426955E-06	-1.462157E-06	-1.179024E-06	-6.543109E-07	+0.000000E+00
	S	+1.413730E-07	+1.285209E-08	-6.058843E-08	-9.180066E-08	-9.228382E-08	-7.218431E-08	-4.029566E-08	-4.058555E-09	+3.043917E-08	+5.846252E-08	+7.662939E-08	+8.291049E-08	+7.662939E-08	+5.846252E-08	+3.043917E-08	-4.058555E-09	-4.029566E-08	-7.218431E-08	-9.228382E-08	-9.180066E-08	-6.058843E-08	+1.285209E-08	+1.413730E-07	+1.028167E-07	+9.346976E-09	-4.406432E-08	-6.676412E-08	-6.711551E-08	-5.249768E-08	-2.930593E-08	-2.951677E-09	+2.213758E-08	+4.251820E-08	+5.573047E-08	+6.029854E-08	+5.573047E-08	+4.251820E-08	+2.213758E-08	-2.951677E-09	-2.930593E-08	-5.249768E-08	-6.711551E-08	-6.676412E-08	-4.406432E-08	+9.346976E-09	+1.028167E-07	+6.793249E-08	+6.175681E-09	-2.911392E-08	-4.411200E-08	-4.434417E-08	-3.468597E-08	-1.936285E-08	-1.950215E-09	+1.462661E-08	+2.809238E-08	+3.682192E-08	+3.984011E-08	+3.682192E-08	+2.809238E-08	+1.462661E-08	-1.950215E-09	-1.936285E-08	-3.468597E-08	-4.434417E-08	-4.411200E-08	-2.911392E-08	+6.175681E-09	+6.793249E-08	+3.672026E-08	+3.338206E-09	-1.573726E-08	-2.384433E-08	-2.396982E-08	-1.874917E-08	-1.046640E-08	-1.054170E-09	+7.906277E-09	+1.518507E-08	+1.990374E-08	+2.153519E-08	+1.990374E-08	+1.518507E-08	+7.906277E-09	-1.054170E-09	-1.046640E-08	-1.874917E-08	-2.396982E-08	-2.384433E-08	-1.573726E-08	+3.338206E-09	+3.672026E-08	+9.180066E-09	+8.345514E-10	-3.934314E-09	-5.961082E-09	-5.992456E-09	-4.687293E-09	-2.616601E-09	-2.635426E-10	+1.976569E-09	+3.796268E-09	+4.975935E-09	+5.383798E-09	+4.975935E-09	+3.796268E-09	+1.976569E-09	-2.635426E-10	-2.616601E-09	-4.687293E-09	-5.992456E-09	-5.961082E-09	-3.934314E-09	+8.345514E-10	+9.180066E-09	-1.468811E-08	-1.335282E-09	+6.294902E-09	+9.537731E-09	+9.587929E-09	+7.499668E-09	+4.186562E-09	+4.216681E-10	-3.162511E-09	-6.074029E-09	-7.961495E-09	-8.614077E-09	-7.961495E-09	-6.074029E-09	-3.162511E-09	+4.216681E-10	+4.186562E-09	+7.499668E-09	+9.587929E-09	+9.537731E-09	+6.294902E-09	-1.335282E-09	-1.468811E-08	-3.488425E-08	-3.171295E-09	+1.495039E-08	+2.265211E-08	+2.277133E-08	+1.781171E-08	+9.943084E-09	+1.001462E-09	-7.510963E-09	-1.442582E-08	-1.890855E-08	-2.045843E-08	-1.890855E-08	-1.442582E-08	-7.510963E-09	+1.001462E-09	+9.943084E-09	+1.781171E-08	+2.277133E-08	+2.265211E-08	+1.495039E-08	-3.171295E-09	-3.488425E-08	-5.140837E-08	-4.673488E-09	+2.203216E-08	+3.338206E-08	+3.355775E-08	+2.624884E-08	+1.465297E-08	+1.475838E-09	-1.106879E-08	-2.125910E-08	-2.786523E-08	-3.014927E-08	-2.786523E-08	-2.125910E-08	-1.106879E-08	+1.475838E-09	+1.465297E-08	+2.624884E-08	+3.355775E-08	+3.338206E-08	+2.203216E-08	-4.673488E-09	-5.140837E-08	-6.426046E-08	-5.841860E-09	+2.754020E-08	+4.172757E-08	+4.194719E-08	+3.281105E-08	+1.831621E-08	+1.844798E-09	-1.383598E-08	-2.657387E-08	-3.483154E-08	-3.768659E-08	-3.483154E-08	-2.657387E-08	-1.383598E-08	+1.844798E-09	+1.831621E-08	+3.281105E-08	+4.194719E-08	+4.172757E-08	+2.754020E-08	-5.841860E-09	-6.426046E-08	-7.344053E-08	-6.676412E-09	+3.147451E-08	+4.768865E-08	+4.793965E-08	+3.749834E-08	+2.093281E-08	+2.108340E-09	-1.581255E-08	-3.037014E-08	-3.980748E-08	-4.307038E-08	-3.980748E-08	-3.037014E-08	-1.581255E-08	+2.108340E-09	+2.093281E-08	+3.749834E-08	+4.793965E-08	+4.768865E-08	+3.147451E-08	-6.676412E-09	-7.344053E-08	-7.894857E-08	-7.177142E-09	+3.383510E-08	+5.126530E-08	+5.153512E-08	+4.031072E-08	+2.250277E-08	+2.266466E-09	-1.699850E-08	-3.264790E-08	-4.279304E-08	-4.630066E-08	-4.279304E-08	-3.264790E-08	-1.699850E-08	+2.266466E-09	+2.250277E-08	+4.031072E-08	+5.153512E-08	+5.126530E-08	+3.383510E-08	-7.177142E-09	-7.894857E-08	-8.078458E-08	-7.344053E-09	+3.462196E-08	+5.245752E-08	+5.273361E-08	+4.124818E-08	+2.302609E-08	+2.319175E-09	-1.739381E-08	-3.340716E-08	-4.378822E-08	-4.737742E-08
	A	-2.221576E-08	+8.078458E-09	+1.817653E-08	+1.615692E-08	+8.184753E-09	-1.275546E-09	-9.247708E-09	-1.403101E-08	-1.498767E-08	-1.233028E-08	-6.909207E-09	+0.000000E+00	+6.909207E-09	+1.233028E-08	+1.498767E-08	+1.403101E-08	+9.247708E-09	+1.275546E-09	-8.184753E-09	-1.615692E-08	-1.817653E-08	-8.078458E-09	+2.221576E-08	-1.615692E-08	+5.875242E-09	+1.321929E-08	+1.175048E-08	+5.952548E-09	-9.276698E-10	-6.725606E-09	-1.020437E-08	-1.090012E-08	-8.967475E-09	-5.024878E-09	+0.000000E+00	+5.024878E-09	+8.967475E-09	+1.090012E-08	+1.020437E-08	+6.725606E-09	+9.276698E-10	-5.952548E-09	-1.175048E-08	-1.321929E-08	-5.875242E-09	+1.615692E-08	-1.067511E-08	+3.881856E-09	+8.734177E-09	+7.763713E-09	+3.932933E-09	-6.129247E-10	-4.443704E-09	-6.742172E-09	-7.201865E-09	-5.924939E-09	-3.320009E-09	+0.000000E+00	+3.320009E-09	+5.924939E-09	+7.201865E-09	+6.742172E-09	+4.443704E-09	+6.129247E-10	-3.932933E-09	-7.763713E-09	-8.734177E-09	-3.881856E-09	+1.067511E-08	-5.770327E-09	+2.098301E-09	+4.721177E-09	+4.196602E-09	+2.125910E-09	-3.313106E-10	-2.402002E-09	-3.644417E-09	-3.892900E-09	-3.202670E-09	-1.794599E-09	+0.000000E+00	+1.794599E-09	+3.202670E-09	+3.892900E-09	+3.644417E-09	+2.402002E-09	+3.313106E-10	-2.125910E-09	-4.196602E-09	-4.721177E-09	-2.098301E-09	+5.770327E-09	-1.442582E-09	+5.245752E-10	+1.180294E-09	+1.049150E-09	+5.314775E-10	-8.282766E-11	-6.005006E-10	-9.111043E-10	-9.732250E-10	-8.006674E-10	-4.486498E-10	+0.000000E+00	+4.486498E-10	+8.006674E-10	+9.732250E-10	+9.111043E-10	+6.005006E-10	+8.282766E-11	-5.314775E-10	-1.049150E-09	-1.180294E-09	-5.245752E-10	+1.442582E-09	+2.308131E-09	-8.393203E-10	-1.888471E-09	-1.678641E-09	-8.503640E-10	+1.325243E-10	+9.608009E-10	+1.457767E-09	+1.557160E-09	+1.281068E-09	+7.178397E-10	+0.000000E+00	-7.178397E-10	-1.281068E-09	-1.557160E-09	-1.457767E-09	-9.608009E-10	-1.325243E-10	+8.503640E-10	+1.678641E-09	+1.888471E-09	+8.393203E-10	-2.308131E-09	+5.481811E-09	-1.993386E-09	-4.485118E-09	-3.986771E-09	-2.019614E-09	+3.147451E-10	+2.281902E-09	+3.462196E-09	+3.698255E-09	+3.042536E-09	+1.704869E-09	+0.000000E+00	-1.704869E-09	-3.042536E-09	-3.698255E-09	-3.462196E-09	-2.281902E-09	-3.147451E-10	+2.019614E-09	+3.986771E-09	+4.485118E-09	+1.993386E-09	-5.481811E-09	+8.078458E-09	-2.937621E-09	-6.609647E-09	-5.875242E-09	-2.976274E-09	+4.638349E-10	+3.362803E-09	+5.102184E-09	+5.450060E-09	+4.483737E-09	+2.512439E-09	+0.000000E+00	-2.512439E-09	-4.483737E-09	-5.450060E-09	-5.102184E-09	-3.362803E-09	-4.638349E-10	+2.976274E-09	+5.875242E-09	+6.609647E-09	+2.937621E-09	-8.078458E-09	+1.009807E-08	-3.672026E-09	-8.262059E-09	-7.344053E-09	-3.720342E-09	+5.797936E-10	+4.203504E-09	+6.377730E-09	+6.812575E-09	+5.604672E-09	+3.140549E-09	+0.000000E+00	-3.140549E-09	-5.604672E-09	-6.812575E-09	-6.377730E-09	-4.203504E-09	-5.797936E-10	+3.720342E-09	+7.344053E-09	+8.262059E-09	+3.672026E-09	-1.009807E-08	+1.154065E-08	-4.196602E-09	-9.442353E-09	-8.393203E-09	-4.251820E-09	+6.626213E-10	+4.804004E-09	+7.288834E-09	+7.785800E-09	+6.405339E-09	+3.589199E-09	+0.000000E+00	-3.589199E-09	-6.405339E-09	-7.785800E-09	-7.288834E-09	-4.804004E-09	-6.626213E-10	+4.251820E-09	+8.393203E-09	+9.442353E-09	+4.196602E-09	-1.154065E-08	+1.240620E-08	-4.511347E-09	-1.015053E-08	-9.022693E-09	-4.570706E-09	+7.123179E-10	+5.164305E-09	+7.835497E-09	+8.369735E-09	+6.885740E-09	+3.858389E-09	+0.000000E+00	-3.858389E-09	-6.885740E-09	-8.369735E-09	-7.835497E-09	-5.164305E-09	-7.123179E-10	+4.570706E-09	+9.022693E-09	+1.015053E-08	+4.511347E-09	-1.240620E-08	+1.269472E-08	-4.616262E-09	-1.038659E-08	-9.232523E-09	-4.677002E-09	+7.288834E-10	+5.284405E-09	+8.017718E-09	+8.564380E-09	+7.045873E-09	+3.948119E-09	+0.000000E+00
	A	-1.696476E-05	+6.785905E-06	+1.696476E-05	+1.696476E-05	+9.821704E-06	-1.785764E-06	-1.553615E-05	-2.946511E-05	-4.196546E-05	-5.178717E-05	-5.803734E-05	-6.018026E-05	-5.803734E-05	-5.178717E-05	-4.196546E-05	-2.946511E-05	-1.553615E-05	-1.785764E-06	+9.821704E-06	+1.696476E-05	+1.696476E-05	+6.785905E-06	-1.696476E-05	-7.711255E-06	+3.084502E-06	+7.711255E-06	+7.711255E-06	+4.464411E-06	-8.117111E-07	-7.061886E-06	-1.339323E-05	-1.907521E-05	-2.353962E-05	-2.638061E-05	-2.735466E-05	-2.638061E-05	-2.353962E-05	-1.907521E-05	-1.339323E-05	-7.061886E-06	-8.117111E-07	+4.464411E-06	+7.711255E-06	+7.711255E-06	+3.084502E-06	-7.711255E-06	-6.609647E-07	+2.643859E-07	+6.609647E-07	+6.609647E-07	+3.826638E-07	-6.957524E-08	-6.053046E-07	-1.147991E-06	-1.635018E-06	-2.017682E-06	-2.261195E-06	-2.344685E-06	-2.261195E-06	-2.017682E-06	-1.635018E-06	-1.147991E-06	-6.053046E-07	-6.957524E-08	+3.826638E-07	+6.609647E-07	+6.609647E-07	+2.643859E-07	-6.609647E-07	+4.406432E-06	-1.762573E-06	-4.406432E-06	-4.406432E-06	-2.551092E-06	+4.638349E-07	+4.035364E-06	+7.653276E-06	+1.090012E-05	+1.345121E-05	+1.507463E-05	+1.563124E-05	+1.507463E-05	+1.345121E-05	+1.090012E-05	+7.653276E-06	+4.035364E-06	+4.638349E-07	-2.551092E-06	-4.406432E-06	-4.406432E-06	-1.762573E-06	+4.406432E-06	+7.711255E-06	-3.084502E-06	-7.711255E-06	-7.711255E-06	-4.464411E-06	+8.117111E-07	+7.061886E-06	+1.339323E-05	+1.907521E-05	+2.353962E-05	+2.638061E-05	+2.735466E-05	+2.638061E-05	+2.353962E-05	+1.907521E-05	+1.339323E-05	+7.061886E-06	+8.117111E-07	-4.464411E-06	-7.711255E-06	-7.711255E-06	-3.084502E-06	+7.711255E-06	+9.473828E-06	-3.789531E-06	-9.473828E-06	-9.473828E-06	-5.484848E-06	+9.972451E-07	+8.676032E-06	+1.645454E-05	+2.343526E-05	+2.892011E-05	+3.241046E-05	+3.360716E-05	+3.241046E-05	+2.892011E-05	+2.343526E-05	+1.645454E-05	+8.676032E-06	+9.972451E-07	-5.484848E-06	-9.473828E-06	-9.473828E-06	-3.789531E-06	+9.473828E-06	+9.914471E-06	-3.965788E-06	-9.914471E-06	-9.914471E-06	-5.739957E-06	+1.043629E-06	+9.079568E-06	+1.721987E-05	+2.452527E-05	+3.026523E-05	+3.391793E-05	+3.517028E-05	+3.391793E-05	+3.026523E-05	+2.452527E-05	+1.721987E-05	+9.079568E-06	+1.043629E-06	-5.739957E-06	-9.914471E-06	-9.914471E-06	-3.965788E-06	+9.914471E-06	+9.253506E-06	-3.701403E-06	-9.253506E-06	-9.253506E-06	-5.357293E-06	+9.740533E-07	+8.474264E-06	+1.607188E-05	+2.289025E-05	+2.824755E-05	+3.165673E-05	+3.282560E-05	+3.165673E-05	+2.824755E-05	+2.289025E-05	+1.607188E-05	+8.474264E-06	+9.740533E-07	-5.357293E-06	-9.253506E-06	-9.253506E-06	-3.701403E-06	+9.253506E-06	+7.711255E-06	-3.084502E-06	-7.711255E-06	-7.711255E-06	-4.464411E-06	+8.117111E-07	+7.061886E-06	+1.339323E-05	+1.907521E-05	+2.353962E-05	+2.638061E-05	+2.735466E-05	+2.638061E-05	+2.353962E-05	+1.907521E-05	+1.339323E-05	+7.061886E-06	+8.117111E-07	-4.464411E-06	-7.711255E-06	-7.711255E-06	-3.084502E-06	+7.711255E-06	+5.508040E-06	-2.203216E-06	-5.508040E-06	-5.508040E-06	-3.188865E-06	+5.797936E-07	+5.044205E-06	+9.566595E-06	+1.362515E-05	+1.681402E-05	+1.884329E-05	+1.953905E-05	+1.884329E-05	+1.681402E-05	+1.362515E-05	+9.566595E-06	+5.044205E-06	+5.797936E-07	-3.188865E-06	-5.508040E-06	-5.508040E-06	-2.203216E-06	+5.508040E-06	+2.864181E-06	-1.145672E-06	-2.864181E-06	-2.864181E-06	-1.658210E-06	+3.014927E-07	+2.622986E-06	+4.974629E-06	+7.085078E-06	+8.743288E-06	+9.798512E-06	+1.016030E-05	+9.798512E-06	+8.743288E-06	+7.085078E-06	+4.974629E-06	+2.622986E-06	+3.014927E-07	-1.658210E-06	-2.864181E-06	-2.864181E-06	-1.145672E-06	+2.864181E-06	+0.000000E+00	+0.000000E+00	+0.000000E+00	+0.000000E+00	+0.000000E+00	+0.000000E+00	+0.000000E+00	+0.000000E+00	+0.000000E+00	+0.000000E+00	+0.000000E+00	+0.000000E+00
	S	+8.338833E-06	-7.475172E-06	-1.019191E-05	-5.518886E-06	+2.225150E-06	+9.955928E-06	+1.566933E-05	+1.828710E-05	+1.750251E-05	+1.362607E-05	+7.431215E-06	+0.000000E+00	-7.431215E-06	-1.362607E-05	-1.750251E-05	-1.828710E-05	-1.566933E-05	-9.955928E-06	-2.225150E-06	+5.518886E-06	+1.019191E-05	+7.475172E-06	-8.338833E-06	+3.790379E-06	-3.397806E-06	-4.632685E-06	-2.508585E-06	+1.011432E-06	+4.525422E-06	+7.122424E-06	+8.312319E-06	+7.955686E-06	+6.193668E-06	+3.377825E-06	+0.000000E+00	-3.377825E-06	-6.193668E-06	-7.955686E-06	-8.312319E-06	-7.122424E-06	-4.525422E-06	-1.011432E-06	+2.508585E-06	+4.632685E-06	+3.397806E-06	-3.790379E-06	+3.248896E-07	-2.912405E-07	-3.970873E-07	-2.150215E-07	+8.669415E-08	+3.878933E-07	+6.104935E-07	+7.124845E-07	+6.819160E-07	+5.308858E-07	+2.895279E-07	+0.000000E+00	-2.895279E-07	-5.308858E-07	-6.819160E-07	-7.124845E-07	-6.104935E-07	-3.878933E-07	-8.669415E-08	+2.150215E-07	+3.970873E-07	+2.912405E-07	-3.248896E-07	-2.165931E-06	+1.941603E-06	+2.647249E-06	+1.433477E-06	-5.779610E-07	-2.585955E-06	-4.069957E-06	-4.749897E-06	-4.546106E-06	-3.539239E-06	-1.930186E-06	+0.000000E+00	+1.930186E-06	+3.539239E-06	+4.546106E-06	+4.749897E-06	+4.069957E-06	+2.585955E-06	+5.779610E-07	-1.433477E-06	-2.647249E-06	-1.941603E-06	+2.165931E-06	-3.790379E-06	+3.397806E-06	+4.632685E-06	+2.508585E-06	-1.011432E-06	-4.525422E-06	-7.122424E-06	-8.312319E-06	-7.955686E-06	-6.193668E-06	-3.377825E-06	+0.000000E+00	+3.377825E-06	+6.193668E-06	+7.955686E-06	+8.312319E-06	+7.122424E-06	+4.525422E-06	+1.011432E-06	-2.508585E-06	-4.632685E-06	-3.397806E-06	+3.790379E-06	-4.656751E-06	+4.174447E-06	+5.691584E-06	+3.081975E-06	-1.242616E-06	-5.559804E-06	-8.750407E-06	-1.021228E-05	-9.774129E-06	-7.609363E-06	-4.149899E-06	+0.000000E+00	+4.149899E-06	+7.609363E-06	+9.774129E-06	+1.021228E-05	+8.750407E-06	+5.559804E-06	+1.242616E-06	-3.081975E-06	-5.691584E-06	-4.174447E-06	+4.656751E-06	-4.873344E-06	+4.368607E-06	+5.956309E-06	+3.225323E-06	-1.300412E-06	-5.818399E-06	-9.157403E-06	-1.068727E-05	-1.022874E-05	-7.963287E-06	-4.342918E-06	+0.000000E+00	+4.342918E-06	+7.963287E-06	+1.022874E-05	+1.068727E-05	+9.157403E-06	+5.818399E-06	+1.300412E-06	-3.225323E-06	-5.956309E-06	-4.368607E-06	+4.873344E-06	-4.548454E-06	+4.077367E-06	+5.559222E-06	+3.010302E-06	-1.213718E-06	-5.430506E-06	-8.546909E-06	-9.974783E-06	-9.546824E-06	-7.432401E-06	-4.053390E-06	+0.000000E+00	+4.053390E-06	+7.432401E-06	+9.546824E-06	+9.974783E-06	+8.546909E-06	+5.430506E-06	+1.213718E-06	-3.010302E-06	-5.559222E-06	-4.077367E-06	+4.548454E-06	-3.790379E-06	+3.397806E-06	+4.632685E-06	+2.508585E-06	-1.011432E-06	-4.525422E-06	-7.122424E-06	-8.312319E-06	-7.955686E-06	-6.193668E-06	-3.377825E-06	+0.000000E+00	+3.377825E-06	+6.193668E-06	+7.955686E-06	+8.312319E-06	+7.122424E-06	+4.525422E-06	+1.011432E-06	-2.508585E-06	-4.632685E-06	-3.397806E-06	+3.790379E-06	-2.707413E-06	+2.427004E-06	+3.309061E-06	+1.791846E-06	-7.224513E-07	-3.232444E-06	-5.087446E-06	-5.937371E-06	-5.682633E-06	-4.424048E-06	-2.412732E-06	+0.000000E+00	+2.412732E-06	+4.424048E-06	+5.682633E-06	+5.937371E-06	+5.087446E-06	+3.232444E-06	+7.224513E-07	-1.791846E-06	-3.309061E-06	-2.427004E-06	+2.707413E-06	-1.407855E-06	+1.262042E-06	+1.720712E-06	+9.317600E-07	-3.756747E-07	-1.680871E-06	-2.645472E-06	-3.087433E-06	-2.954969E-06	-2.300505E-06	-1.254621E-06	+0.000000E+00	+1.254621E-06	+2.300505E-06	+2.954969E-06	+3.087433E-06	+2.645472E-06	+1.680871E-06	+3.756747E-07	-9.317600E-07	-1.720712E-06	-1.262042E-06	+1.407855E-06	+0.000000E+00	+0.000000E+00	+0.000000E+00	+0.000000E+00	+0.000000E+00	+0.000000E+00	+0.000000E+00	+0.000000E+00	+0.000000E+00	+0.000000E+00	+0.000000E+00	+0.000000E+00
	A	+2.004597E-06	-3.575518E-07	-1.630238E-06	-2.072812E-06	-1.917321E-06	-1.368514E-06	-6.038402E-07	+2.265506E-07	+9.998095E-07	+1.620387E-06	+2.020033E-06	+2.157799E-06	+2.020033E-06	+1.620387E-06	+9.998095E-07	+2.265506E-07	-6.038402E-07	-1.368514E-06	-1.917321E-06	-2.072812E-06	-1.630238E-06	-3.575518E-07	+2.004597E-06	+9.111804E-07	-1.625235E-07	-7.410175E-07	-9.421872E-07	-8.715093E-07	-6.220517E-07	-2.744728E-07	+1.029776E-07	+4.544589E-07	+7.365395E-07	+9.181969E-07	+9.808176E-07	+9.181969E-07	+7.365395E-07	+4.544589E-07	+1.029776E-07	-2.744728E-07	-6.220517E-07	-8.715093E-07	-9.421872E-07	-7.410175E-07	-1.625235E-07	+9.111804E-07	+7.810118E-08	-1.393059E-08	-6.351578E-08	-8.075890E-08	-7.470080E-08	-5.331871E-08	-2.352624E-08	+8.826649E-09	+3.895362E-08	+6.313196E-08	+7.870259E-08	+8.407008E-08	+7.870259E-08	+6.313196E-08	+3.895362E-08	+8.826649E-09	-2.352624E-08	-5.331871E-08	-7.470080E-08	-8.075890E-08	-6.351578E-08	-1.393059E-08	+7.810118E-08	-5.206745E-07	+9.287060E-08	+4.234386E-07	+5.383927E-07	+4.980053E-07	+3.554581E-07	+1.568416E-07	-5.884432E-08	-2.596908E-07	-4.208797E-07	-5.246840E-07	-5.604672E-07	-5.246840E-07	-4.208797E-07	-2.596908E-07	-5.884432E-08	+1.568416E-07	+3.554581E-07	+4.980053E-07	+5.383927E-07	+4.234386E-07	+9.287060E-08	-5.206745E-07	-9.111804E-07	+1.625235E-07	+7.410175E-07	+9.421872E-07	+8.715093E-07	+6.220517E-07	+2.744728E-07	-1.029776E-07	-4.544589E-07	-7.365395E-07	-9.181969E-07	-9.808176E-07	-9.181969E-07	-7.365395E-07	-4.544589E-07	-1.029776E-07	+2.744728E-07	+6.220517E-07	+8.715093E-07	+9.421872E-07	+7.410175E-07	+1.625235E-07	-9.111804E-07	-1.119450E-06	+1.996718E-07	+9.103929E-07	+1.157544E-06	+1.070711E-06	+7.642349E-07	+3.372095E-07	-1.265153E-07	-5.583352E-07	-9.048914E-07	-1.128071E-06	-1.205004E-06	-1.128071E-06	-9.048914E-07	-5.583352E-07	-1.265153E-07	+3.372095E-07	+7.642349E-07	+1.070711E-06	+1.157544E-06	+9.103929E-07	+1.996718E-07	-1.119450E-06	-1.171518E-06	+2.089588E-07	+9.527368E-07	+1.211384E-06	+1.120512E-06	+7.997807E-07	+3.528936E-07	-1.323997E-07	-5.843043E-07	-9.469794E-07	-1.180539E-06	-1.261051E-06	-1.180539E-06	-9.469794E-07	-5.843043E-07	-1.323997E-07	+3.528936E-07	+7.997807E-07	+1.120512E-06	+1.211384E-06	+9.527368E-07	+2.089588E-07	-1.171518E-06	-1.093416E-06	+1.950283E-07	+8.892210E-07	+1.130625E-06	+1.045811E-06	+7.464620E-07	+3.293674E-07	-1.235731E-07	-5.453506E-07	-8.838474E-07	-1.101836E-06	-1.176981E-06	-1.101836E-06	-8.838474E-07	-5.453506E-07	-1.235731E-07	+3.293674E-07	+7.464620E-07	+1.045811E-06	+1.130625E-06	+8.892210E-07	+1.950283E-07	-1.093416E-06	-9.111804E-07	+1.625235E-07	+7.410175E-07	+9.421872E-07	+8.715093E-07	+6.220517E-07	+2.744728E-07	-1.029776E-07	-4.544589E-07	-7.365395E-07	-9.181969E-07	-9.808176E-07	-9.181969E-07	-7.365395E-07	-4.544589E-07	-1.029776E-07	+2.744728E-07	+6.220517E-07	+8.715093E-07	+9.421872E-07	+7.410175E-07	+1.625235E-07	-9.111804E-07	-6.508431E-07	+1.160882E-07	+5.292982E-07	+6.729908E-07	+6.225067E-07	+4.443226E-07	+1.960520E-07	-7.355540E-08	-3.246135E-07	-5.260997E-07	-6.558549E-07	-7.005840E-07	-6.558549E-07	-5.260997E-07	-3.246135E-07	-7.355540E-08	+1.960520E-07	+4.443226E-07	+6.225067E-07	+6.729908E-07	+5.292982E-07	+1.160882E-07	-6.508431E-07	-3.384384E-07	+6.036589E-08	+2.752351E-07	+3.499552E-07	+3.237035E-07	+2.310478E-07	+1.019470E-07	-3.824881E-08	-1.687990E-07	-2.735718E-07	-3.410446E-07	-3.643037E-07	-3.410446E-07	-2.735718E-07	-1.687990E-07	-3.824881E-08	+1.019470E-07	+2.310478E-07	+3.237035E-07	+3.499552E-07	+2.752351E-07	+6.036589E-08	-3.384384E-07	+0.000000E+00	+0.000000E+00	+0.000000E+00	+0.000000E+00	+0.000000E+00	+0.000000E+00	+0.000000E+00	+0.000000E+00	+0.000000E+00	+0.000000E+00	+0.000000E+00	+0.000000E+00
	S	-4.259315E-07	+2.794506E-07	+4.789876E-07	+3.809492E-07	+1.438099E-07	-1.182184E-07	-3.296536E-07	-4.482102E-07	-4.592672E-07	-3.703345E-07	-2.055207E-07	+0.000000E+00	+2.055207E-07	+3.703345E-07	+4.592672E-07	+4.482102E-07	+3.296536E-07	+1.182184E-07	-1.438099E-07	-3.809492E-07	-4.789876E-07	-2.794506E-07	+4.259315E-07	-1.936052E-07	+1.270230E-07	+2.177216E-07	+1.731587E-07	+6.536813E-08	-5.373565E-08	-1.498425E-07	-2.037319E-07	-2.087578E-07	-1.683339E-07	-9.341852E-08	+0.000000E+00	+9.341852E-08	+1.683339E-07	+2.087578E-07	+2.037319E-07	+1.498425E-07	+5.373565E-08	-6.536813E-08	-1.731587E-07	-2.177216E-07	-1.270230E-07	+1.936052E-07	-1.659473E-08	+1.088769E-08	+1.866185E-08	+1.484218E-08	+5.602982E-09	-4.605913E-09	-1.284365E-08	-1.746274E-08	-1.789353E-08	-1.442862E-08	-8.007301E-09	+0.000000E+00	+8.007301E-09	+1.442862E-08	+1.789353E-08	+1.746274E-08	+1.284365E-08	+4.605913E-09	-5.602982E-09	-1.484218E-08	-1.866185E-08	-1.088769E-08	+1.659473E-08	+1.106316E-07	-7.258458E-08	-1.244124E-07	-9.894784E-08	-3.735322E-08	+3.070609E-08	+8.562430E-08	+1.164182E-07	+1.192902E-07	+9.619078E-08	+5.338201E-08	+0.000000E+00	-5.338201E-08	-9.619078E-08	-1.192902E-07	-1.164182E-07	-8.562430E-08	-3.070609E-08	+3.735322E-08	+9.894784E-08	+1.244124E-07	+7.258458E-08	-1.106316E-07	+1.936052E-07	-1.270230E-07	-2.177216E-07	-1.731587E-07	-6.536813E-08	+5.373565E-08	+1.498425E-07	+2.037319E-07	+2.087578E-07	+1.683339E-07	+9.341852E-08	+0.000000E+00	-9.341852E-08	-1.683339E-07	-2.087578E-07	-2.037319E-07	-1.498425E-07	-5.373565E-08	+6.536813E-08	+1.731587E-07	+2.177216E-07	+1.270230E-07	-1.936052E-07	+2.378579E-07	-1.560568E-07	-2.674866E-07	-2.127379E-07	-8.030941E-08	+6.601809E-08	+1.840923E-07	+2.502992E-07	+2.564739E-07	+2.068102E-07	+1.147713E-07	+0.000000E+00	-1.147713E-07	-2.068102E-07	-2.564739E-07	-2.502992E-07	-1.840923E-07	-6.601809E-08	+8.030941E-08	+2.127379E-07	+2.674866E-07	+1.560568E-07	-2.378579E-07	+2.489210E-07	-1.633153E-07	-2.799278E-07	-2.226326E-07	-8.404474E-08	+6.908870E-08	+1.926547E-07	+2.619410E-07	+2.684029E-07	+2.164293E-07	+1.201095E-07	+0.000000E+00	-1.201095E-07	-2.164293E-07	-2.684029E-07	-2.619410E-07	-1.926547E-07	-6.908870E-08	+8.404474E-08	+2.226326E-07	+2.799278E-07	+1.633153E-07	-2.489210E-07	+2.323263E-07	-1.524276E-07	-2.612660E-07	-2.077905E-07	-7.844175E-08	+6.448278E-08	+1.798110E-07	+2.444783E-07	+2.505094E-07	+2.020006E-07	+1.121022E-07	+0.000000E+00	-1.121022E-07	-2.020006E-07	-2.505094E-07	-2.444783E-07	-1.798110E-07	-6.448278E-08	+7.844175E-08	+2.077905E-07	+2.612660E-07	+1.524276E-07	-2.323263E-07	+1.936052E-07	-1.270230E-07	-2.177216E-07	-1.731587E-07	-6.536813E-08	+5.373565E-08	+1.498425E-07	+2.037319E-07	+2.087578E-07	+1.683339E-07	+9.341852E-08	+0.000000E+00	-9.341852E-08	-1.683339E-07	-2.087578E-07	-2.037319E-07	-1.498425E-07	-5.373565E-08	+6.536813E-08	+1.731587E-07	+2.177216E-07	+1.270230E-07	-1.936052E-07	+1.382895E-07	-9.073072E-08	-1.555155E-07	-1.236848E-07	-4.669152E-08	+3.838261E-08	+1.070304E-07	+1.455228E-07	+1.491127E-07	+1.202385E-07	+6.672751E-08	+0.000000E+00	-6.672751E-08	-1.202385E-07	-1.491127E-07	-1.455228E-07	-1.070304E-07	-3.838261E-08	+4.669152E-08	+1.236848E-07	+1.555155E-07	+9.073072E-08	-1.382895E-07	+7.191052E-08	-4.717998E-08	-8.086803E-08	-6.431610E-08	-2.427959E-08	+1.995896E-08	+5.565580E-08	+7.567185E-08	+7.753861E-08	+6.252401E-08	+3.469831E-08	+0.000000E+00	-3.469831E-08	-6.252401E-08	-7.753861E-08	-7.567185E-08	-5.565580E-08	-1.995896E-08	+2.427959E-08	+6.431610E-08	+8.086803E-08	+4.717998E-08	-7.191052E-08	+0.000000E+00	+0.000000E+00	+0.000000E+00	+0.000000E+00	+0.000000E+00	+0.000000E+00	+0.000000E+00	+0.000000E+00	+0.000000E+00	+0.000000E+00	+0.000000E+00	+0.000000E+00
	A	-2.537464E-08	-2.306786E-09	+1.087485E-08	+1.647704E-08	+1.656376E-08	+1.295616E-08	+7.232554E-09	+7.284587E-10	-5.463440E-09	-1.049327E-08	-1.375399E-08	-1.488137E-08	-1.375399E-08	-1.049327E-08	-5.463440E-09	+7.284587E-10	+7.232554E-09	+1.295616E-08	+1.656376E-08	+1.647704E-08	+1.087485E-08	-2.306786E-09	-2.537464E-08	-1.153393E-08	-1.048539E-09	+4.943112E-09	+7.489564E-09	+7.528983E-09	+5.889163E-09	+3.287525E-09	+3.311176E-10	-2.483382E-09	-4.769670E-09	-6.251815E-09	-6.764259E-09	-6.251815E-09	-4.769670E-09	-2.483382E-09	+3.311176E-10	+3.287525E-09	+5.889163E-09	+7.528983E-09	+7.489564E-09	+4.943112E-09	-1.048539E-09	-1.153393E-08	-9.886225E-10	-8.987477E-11	+4.236953E-10	+6.419626E-10	+6.453414E-10	+5.047854E-10	+2.817878E-10	+2.838151E-11	-2.128613E-10	-4.088288E-10	-5.358699E-10	-5.797936E-10	-5.358699E-10	-4.088288E-10	-2.128613E-10	+2.838151E-11	+2.817878E-10	+5.047854E-10	+6.453414E-10	+6.419626E-10	+4.236953E-10	-8.987477E-11	-9.886225E-10	+6.590817E-09	+5.991651E-10	-2.824636E-09	-4.279751E-09	-4.302276E-09	-3.365236E-09	-1.878585E-09	-1.892100E-10	+1.419075E-09	+2.725526E-09	+3.572466E-09	+3.865291E-09	+3.572466E-09	+2.725526E-09	+1.419075E-09	-1.892100E-10	-1.878585E-09	-3.365236E-09	-4.302276E-09	-4.279751E-09	-2.824636E-09	+5.991651E-10	+6.590817E-09	+1.153393E-08	+1.048539E-09	-4.943112E-09	-7.489564E-09	-7.528983E-09	-5.889163E-09	-3.287525E-09	-3.311176E-10	+2.483382E-09	+4.769670E-09	+6.251815E-09	+6.764259E-09	+6.251815E-09	+4.769670E-09	+2.483382E-09	-3.311176E-10	-3.287525E-09	-5.889163E-09	-7.528983E-09	-7.489564E-09	-4.943112E-09	+1.048539E-09	+1.153393E-08	+1.417026E-08	+1.288205E-09	-6.072967E-09	-9.201465E-09	-9.249893E-09	-7.235257E-09	-4.038959E-09	-4.068016E-10	+3.051012E-09	+5.859880E-09	+7.680802E-09	+8.310375E-09	+7.680802E-09	+5.859880E-09	+3.051012E-09	-4.068016E-10	-4.038959E-09	-7.235257E-09	-9.249893E-09	-9.201465E-09	-6.072967E-09	+1.288205E-09	+1.417026E-08	+1.482934E-08	+1.348122E-09	-6.355430E-09	-9.629440E-09	-9.680121E-09	-7.571781E-09	-4.226817E-09	-4.257226E-10	+3.192919E-09	+6.132433E-09	+8.038048E-09	+8.696905E-09	+8.038048E-09	+6.132433E-09	+3.192919E-09	-4.257226E-10	-4.226817E-09	-7.571781E-09	-9.680121E-09	-9.629440E-09	-6.355430E-09	+1.348122E-09	+1.482934E-08	+1.384071E-08	+1.258247E-09	-5.931735E-09	-8.987477E-09	-9.034780E-09	-7.066995E-09	-3.945029E-09	-3.973411E-10	+2.980058E-09	+5.723604E-09	+7.502178E-09	+8.117111E-09	+7.502178E-09	+5.723604E-09	+2.980058E-09	-3.973411E-10	-3.945029E-09	-7.066995E-09	-9.034780E-09	-8.987477E-09	-5.931735E-09	+1.258247E-09	+1.384071E-08	+1.153393E-08	+1.048539E-09	-4.943112E-09	-7.489564E-09	-7.528983E-09	-5.889163E-09	-3.287525E-09	-3.311176E-10	+2.483382E-09	+4.769670E-09	+6.251815E-09	+6.764259E-09	+6.251815E-09	+4.769670E-09	+2.483382E-09	-3.311176E-10	-3.287525E-09	-5.889163E-09	-7.528983E-09	-7.489564E-09	-4.943112E-09	+1.048539E-09	+1.153393E-08	+8.238521E-09	+7.489564E-10	-3.530795E-09	-5.349689E-09	-5.377845E-09	-4.206545E-09	-2.348232E-09	-2.365126E-10	+1.773844E-09	+3.406907E-09	+4.465582E-09	+4.831614E-09	+4.465582E-09	+3.406907E-09	+1.773844E-09	-2.365126E-10	-2.348232E-09	-4.206545E-09	-5.377845E-09	-5.349689E-09	-3.530795E-09	+7.489564E-10	+8.238521E-09	+4.284031E-09	+3.894573E-10	-1.836013E-09	-2.781838E-09	-2.796479E-09	-2.187403E-09	-1.221081E-09	-1.229865E-10	+9.223990E-10	+1.771592E-09	+2.322103E-09	+2.512439E-09	+2.322103E-09	+1.771592E-09	+9.223990E-10	-1.229865E-10	-1.221081E-09	-2.187403E-09	-2.796479E-09	-2.781838E-09	-1.836013E-09	+3.894573E-10	+4.284031E-09	+0.000000E+00	+0.000000E+00	+0.000000E+00	+0.000000E+00	+0.000000E+00	+0.000000E+00	+0.000000E+00	+0.000000E+00	+0.000000E+00	+0.000000E+00	+0.000000E+00	+0.000000E+00
	S	+3.987444E-09	-1.449980E-09	-3.262454E-09	-2.899959E-09	-1.469058E-09	+2.289442E-10	+1.659845E-09	+2.518386E-09	+2.690094E-09	+2.213127E-09	+1.240114E-09	+0.000000E+00	-1.240114E-09	-2.213127E-09	-2.690094E-09	-2.518386E-09	-1.659845E-09	-2.289442E-10	+1.469058E-09	+2.899959E-09	+3.262454E-09	+1.449980E-09	-3.987444E-09	+1.812475E-09	-6.590817E-10	-1.482934E-09	-1.318163E-09	-6.677538E-10	+1.040655E-10	+7.544751E-10	+1.144721E-09	+1.222770E-09	+1.005967E-09	+5.636883E-10	+0.000000E+00	-5.636883E-10	-1.005967E-09	-1.222770E-09	-1.144721E-09	-7.544751E-10	-1.040655E-10	+6.677538E-10	+1.318163E-09	+1.482934E-09	+6.590817E-10	-1.812475E-09	+1.553550E-10	-5.649271E-11	-1.271086E-10	-1.129854E-10	-5.723604E-11	+8.919902E-12	+6.466929E-11	+9.811892E-11	+1.048088E-10	+8.622572E-11	+4.831614E-11	+0.000000E+00	-4.831614E-11	-8.622572E-11	-1.048088E-10	-9.811892E-11	-6.466929E-11	-8.919902E-12	+5.723604E-11	+1.129854E-10	+1.271086E-10	+5.649271E-11	-1.553550E-10	-1.035700E-09	+3.766181E-10	+8.473907E-10	+7.532362E-10	+3.815736E-10	-5.946601E-11	-4.311286E-10	-6.541262E-10	-6.987257E-10	-5.748381E-10	-3.221076E-10	+0.000000E+00	+3.221076E-10	+5.748381E-10	+6.987257E-10	+6.541262E-10	+4.311286E-10	+5.946601E-11	-3.815736E-10	-7.532362E-10	-8.473907E-10	-3.766181E-10	+1.035700E-09	-1.812475E-09	+6.590817E-10	+1.482934E-09	+1.318163E-09	+6.677538E-10	-1.040655E-10	-7.544751E-10	-1.144721E-09	-1.222770E-09	-1.005967E-09	-5.636883E-10	+0.000000E+00	+5.636883E-10	+1.005967E-09	+1.222770E-09	+1.144721E-09	+7.544751E-10	+1.040655E-10	-6.677538E-10	-1.318163E-09	-1.482934E-09	-6.590817E-10	+1.812475E-09	-2.226754E-09	+8.097289E-10	+1.821890E-09	+1.619458E-09	+8.203832E-10	-1.278519E-10	-9.269265E-10	-1.406371E-09	-1.502260E-09	-1.235902E-09	-6.925313E-10	+0.000000E+00	+6.925313E-10	+1.235902E-09	+1.502260E-09	+1.406371E-09	+9.269265E-10	+1.278519E-10	-8.203832E-10	-1.619458E-09	-1.821890E-09	-8.097289E-10	+2.226754E-09	-2.330324E-09	+8.473907E-10	+1.906629E-09	+1.694781E-09	+8.585406E-10	-1.337985E-10	-9.700394E-10	-1.471784E-09	-1.572133E-09	-1.293386E-09	-7.247420E-10	+0.000000E+00	+7.247420E-10	+1.293386E-09	+1.572133E-09	+1.471784E-09	+9.700394E-10	+1.337985E-10	-8.585406E-10	-1.694781E-09	-1.906629E-09	-8.473907E-10	+2.330324E-09	-2.174969E-09	+7.908980E-10	+1.779520E-09	+1.581796E-09	+8.013045E-10	-1.248786E-10	-9.053701E-10	-1.373665E-09	-1.467324E-09	-1.207160E-09	-6.764259E-10	+0.000000E+00	+6.764259E-10	+1.207160E-09	+1.467324E-09	+1.373665E-09	+9.053701E-10	+1.248786E-10	-8.013045E-10	-1.581796E-09	-1.779520E-09	-7.908980E-10	+2.174969E-09	-1.812475E-09	+6.590817E-10	+1.482934E-09	+1.318163E-09	+6.677538E-10	-1.040655E-10	-7.544751E-10	-1.144721E-09	-1.222770E-09	-1.005967E-09	-5.636883E-10	+0.000000E+00	+5.636883E-10	+1.005967E-09	+1.222770E-09	+1.144721E-09	+7.544751E-10	+1.040655E-10	-6.677538E-10	-1.318163E-09	-1.482934E-09	-6.590817E-10	+1.812475E-09	-1.294625E-09	+4.707726E-10	+1.059238E-09	+9.415452E-10	+4.769670E-10	-7.433252E-11	-5.389108E-10	-8.176577E-10	-8.734071E-10	-7.185477E-10	-4.026345E-10	+0.000000E+00	+4.026345E-10	+7.185477E-10	+8.734071E-10	+8.176577E-10	+5.389108E-10	+7.433252E-11	-4.769670E-10	-9.415452E-10	-1.059238E-09	-4.707726E-10	+1.294625E-09	-6.732048E-10	+2.448018E-10	+5.508040E-10	+4.896035E-10	+2.480228E-10	-3.865291E-11	-2.802336E-10	-4.251820E-10	-4.541717E-10	-3.736448E-10	-2.093699E-10	+0.000000E+00	+2.093699E-10	+3.736448E-10	+4.541717E-10	+4.251820E-10	+2.802336E-10	+3.865291E-11	-2.480228E-10	-4.896035E-10	-5.508040E-10	-2.448018E-10	+6.732048E-10	+0.000000E+00	+0.000000E+00	+0.000000E+00	+0.000000E+00	+0.000000E+00	+0.000000E+00	+0.000000E+00	+0.000000E+00	+0.000000E+00	+0.000000E+00	+0.000000E+00	+0.000000E+00
# Matrix ends.
#
#
# ---------------------------------- LICENSE NOTICE -----------------------------------
# THIS DATA IS RELEASED UNDER THE CREATIVE COMMONS LICENSE "CC BY-NC-SA 4.0".
#   This license lets you remix, tweak, and build upon this work non-commercially,
#   as long as you credit me and license your new creations under the terms identical
#   to the current license.
# SEE "https://creativecommons.org/licenses/by-nc-sa/4.0" FOR DETAILS.
#
# RELEASED BY: Chandra Shekhar
#      E-mail: chandraiitk[AT]yahoo[DOT]co[DOT]in
#    Homepage: https://sites.google.com/site/chandraacads
# FOR ANY QUESTION OR COMMENT, OR FOR A COMMERCIAL LICENSE, PLEASE EMAIL ME.
#
# For additional details, please visit my homepage.
#
# ==================================== End of File ====================================
