# ================================== Start of File ====================================
# Spatial dimensions = 2
# Kernel size = 19x19
# Polynomial order = 3x5
# Size of the convolution coefficient matrix = 24x361
#
# Column# 1:
#    S/A => The left and the right halves of the row are symmetric(S)/anti-symmetric(A) about the middle column.
#           If symmetric elements on the right half, their signs are same as the corresponding elements on the left side.
#           If anti-symmetric elements, the signs are opposite.
# Column# 2~181 = the left-half columns of the row.
# Column# 182 = the middle column of the row.
# Column# 183~362, which are the right-half columns, are not stored, because they are symmetric/anti-symmetric
#           of the elements in the column# 181~2, respectively.
# Matrix starts:
	S	-2.752878E-03	+2.064658E-03	+3.400614E-03	+2.348043E-03	-1.457406E-04	-3.279163E-03	-6.396392E-03	-8.987336E-03	-1.068764E-02	-1.127870E-02	-1.068764E-02	-8.987336E-03	-6.396392E-03	-3.279163E-03	-1.457406E-04	+2.348043E-03	+3.400614E-03	+2.064658E-03	-2.752878E-03	-1.032329E-03	+7.742468E-04	+1.275230E-03	+8.805160E-04	-5.465272E-05	-1.229686E-03	-2.398647E-03	-3.370251E-03	-4.007866E-03	-4.229513E-03	-4.007866E-03	-3.370251E-03	-2.398647E-03	-1.229686E-03	-5.465272E-05	+8.805160E-04	+1.275230E-03	+7.742468E-04	-1.032329E-03	+4.858019E-04	-3.643514E-04	-6.001083E-04	-4.143605E-04	+2.571893E-05	+5.786758E-04	+1.128775E-03	+1.586000E-03	+1.886055E-03	+1.990359E-03	+1.886055E-03	+1.586000E-03	+1.128775E-03	+5.786758E-04	+2.571893E-05	-4.143605E-04	-6.001083E-04	-3.643514E-04	+4.858019E-04	+1.801515E-03	-1.351137E-03	-2.225401E-03	-1.536587E-03	+9.537435E-05	+2.145923E-03	+4.185874E-03	+5.881418E-03	+6.994119E-03	+7.380915E-03	+6.994119E-03	+5.881418E-03	+4.185874E-03	+2.145923E-03	+9.537435E-05	-1.536587E-03	-2.225401E-03	-1.351137E-03	+1.801515E-03	+2.914812E-03	-2.186109E-03	-3.600650E-03	-2.486163E-03	+1.543136E-04	+3.472055E-03	+6.772650E-03	+9.516003E-03	+1.131633E-02	+1.194215E-02	+1.131633E-02	+9.516003E-03	+6.772650E-03	+3.472055E-03	+1.543136E-04	-2.486163E-03	-3.600650E-03	-2.186109E-03	+2.914812E-03	+3.825690E-03	-2.869268E-03	-4.725853E-03	-3.263089E-03	+2.025365E-04	+4.557072E-03	+8.889104E-03	+1.248975E-02	+1.485268E-02	+1.567408E-02	+1.485268E-02	+1.248975E-02	+8.889104E-03	+4.557072E-03	+2.025365E-04	-3.263089E-03	-4.725853E-03	-2.869268E-03	+3.825690E-03	+4.534151E-03	-3.400614E-03	-5.601011E-03	-3.867364E-03	+2.400433E-04	+5.400974E-03	+1.053523E-02	+1.480267E-02	+1.760318E-02	+1.857668E-02	+1.760318E-02	+1.480267E-02	+1.053523E-02	+5.400974E-03	+2.400433E-04	-3.867364E-03	-5.601011E-03	-3.400614E-03	+4.534151E-03	+5.040195E-03	-3.780146E-03	-6.226123E-03	-4.298990E-03	+2.668339E-04	+6.003762E-03	+1.171104E-02	+1.645475E-02	+1.956782E-02	+2.064998E-02	+1.956782E-02	+1.645475E-02	+1.171104E-02	+6.003762E-03	+2.668339E-04	-4.298990E-03	-6.226123E-03	-3.780146E-03	+5.040195E-03	+5.343821E-03	-4.007866E-03	-6.601191E-03	-4.557965E-03	+2.829082E-04	+6.365434E-03	+1.241653E-02	+1.744600E-02	+2.074660E-02	+2.189395E-02	+2.074660E-02	+1.744600E-02	+1.241653E-02	+6.365434E-03	+2.829082E-04	-4.557965E-03	-6.601191E-03	-4.007866E-03	+5.343821E-03	+5.445030E-03	-4.083772E-03	-6.726214E-03	-4.644290E-03	+2.882663E-04	+6.485992E-03	+1.265169E-02	+1.777642E-02	+2.113953E-02	+2.230861E-02
	A	+1.564761E-03	-2.146410E-03	-1.977422E-03	-5.810608E-05	+2.139632E-03	+3.707822E-03	+4.208437E-03	+3.579409E-03	+2.040638E-03	+0.000000E+00	-2.040638E-03	-3.579409E-03	-4.208437E-03	-3.707822E-03	-2.139632E-03	+5.810608E-05	+1.977422E-03	+2.146410E-03	-1.564761E-03	+5.867852E-04	-8.049039E-04	-7.415334E-04	-2.178978E-05	+8.023622E-04	+1.390433E-03	+1.578164E-03	+1.342279E-03	+7.652393E-04	+0.000000E+00	-7.652393E-04	-1.342279E-03	-1.578164E-03	-1.390433E-03	-8.023622E-04	+2.178978E-05	+7.415334E-04	+8.049039E-04	-5.867852E-04	-2.761342E-04	+3.787783E-04	+3.489569E-04	+1.025401E-05	-3.775822E-04	-6.543215E-04	-7.426654E-04	-6.316605E-04	-3.601126E-04	+0.000000E+00	+3.601126E-04	+6.316605E-04	+7.426654E-04	+6.543215E-04	+3.775822E-04	-1.025401E-05	-3.489569E-04	-3.787783E-04	+2.761342E-04	-1.023998E-03	+1.404636E-03	+1.294048E-03	+3.802530E-05	-1.400201E-03	-2.426442E-03	-2.754051E-03	-2.342408E-03	-1.335418E-03	+0.000000E+00	+1.335418E-03	+2.342408E-03	+2.754051E-03	+2.426442E-03	+1.400201E-03	-3.802530E-05	-1.294048E-03	-1.404636E-03	+1.023998E-03	-1.656805E-03	+2.272670E-03	+2.093741E-03	+6.152409E-05	-2.265493E-03	-3.925929E-03	-4.455992E-03	-3.789963E-03	-2.160676E-03	+0.000000E+00	+2.160676E-03	+3.789963E-03	+4.455992E-03	+3.925929E-03	+2.265493E-03	-6.152409E-05	-2.093741E-03	-2.272670E-03	+1.656805E-03	-2.174557E-03	+2.982879E-03	+2.748036E-03	+8.075036E-05	-2.973460E-03	-5.152782E-03	-5.848490E-03	-4.974326E-03	-2.835887E-03	+0.000000E+00	+2.835887E-03	+4.974326E-03	+5.848490E-03	+5.152782E-03	+2.973460E-03	-8.075036E-05	-2.748036E-03	-2.982879E-03	+2.174557E-03	-2.577253E-03	+3.535264E-03	+3.256931E-03	+9.570414E-05	-3.524100E-03	-6.107001E-03	-6.931543E-03	-5.895498E-03	-3.361051E-03	+0.000000E+00	+3.361051E-03	+5.895498E-03	+6.931543E-03	+6.107001E-03	+3.524100E-03	-9.570414E-05	-3.256931E-03	-3.535264E-03	+2.577253E-03	-2.864893E-03	+3.929825E-03	+3.620428E-03	+1.063854E-04	-3.917415E-03	-6.788586E-03	-7.705153E-03	-6.553478E-03	-3.736168E-03	+0.000000E+00	+3.736168E-03	+6.553478E-03	+7.705153E-03	+6.788586E-03	+3.917415E-03	-1.063854E-04	-3.620428E-03	-3.929825E-03	+2.864893E-03	-3.037477E-03	+4.166561E-03	+3.838526E-03	+1.127942E-04	-4.153404E-03	-7.197537E-03	-8.169319E-03	-6.948265E-03	-3.961238E-03	+0.000000E+00	+3.961238E-03	+6.948265E-03	+8.169319E-03	+7.197537E-03	+4.153404E-03	-1.127942E-04	-3.838526E-03	-4.166561E-03	+3.037477E-03	-3.095005E-03	+4.245473E-03	+3.911225E-03	+1.149304E-04	-4.232067E-03	-7.333854E-03	-8.324041E-03	-7.079861E-03	-4.036262E-03	+0.000000E+00
	S	+4.911384E-04	-2.304492E-04	-5.389825E-04	-5.575221E-04	-3.927206E-04	-1.348223E-04	+1.423363E-04	+3.813269E-04	+5.411294E-04	+5.971315E-04	+5.411294E-04	+3.813269E-04	+1.423363E-04	-1.348223E-04	-3.927206E-04	-5.575221E-04	-5.389825E-04	-2.304492E-04	+4.911384E-04	+1.841769E-04	-8.641846E-05	-2.021184E-04	-2.090708E-04	-1.472702E-04	-5.055836E-05	+5.337611E-05	+1.429976E-04	+2.029235E-04	+2.239243E-04	+2.029235E-04	+1.429976E-04	+5.337611E-05	-5.055836E-05	-1.472702E-04	-2.090708E-04	-2.021184E-04	-8.641846E-05	+1.841769E-04	-8.667148E-05	+4.066751E-05	+9.511456E-05	+9.838626E-05	+6.930363E-05	+2.379217E-05	-2.511817E-05	-6.729298E-05	-9.549342E-05	-1.053762E-04	-9.549342E-05	-6.729298E-05	-2.511817E-05	+2.379217E-05	+6.930363E-05	+9.838626E-05	+9.511456E-05	+4.066751E-05	-8.667148E-05	-3.214067E-04	+1.508087E-04	+3.527165E-04	+3.648490E-04	+2.570010E-04	+8.822930E-05	-9.314654E-05	-2.495448E-04	-3.541214E-04	-3.907699E-04	-3.541214E-04	-2.495448E-04	-9.314654E-05	+8.822930E-05	+2.570010E-04	+3.648490E-04	+3.527165E-04	+1.508087E-04	-3.214067E-04	-5.200289E-04	+2.440051E-04	+5.706874E-04	+5.903175E-04	+4.158218E-04	+1.427530E-04	-1.507090E-04	-4.037579E-04	-5.729605E-04	-6.322569E-04	-5.729605E-04	-4.037579E-04	-1.507090E-04	+1.427530E-04	+4.158218E-04	+5.903175E-04	+5.706874E-04	+2.440051E-04	-5.200289E-04	-6.825379E-04	+3.202566E-04	+7.490272E-04	+7.747918E-04	+5.457661E-04	+1.873633E-04	-1.978056E-04	-5.299323E-04	-7.520107E-04	-8.298372E-04	-7.520107E-04	-5.299323E-04	-1.978056E-04	+1.873633E-04	+5.457661E-04	+7.747918E-04	+7.490272E-04	+3.202566E-04	-6.825379E-04	-8.089338E-04	+3.795634E-04	+8.877359E-04	+9.182717E-04	+6.468339E-04	+2.220603E-04	-2.344362E-04	-6.280679E-04	-8.912719E-04	-9.835108E-04	-8.912719E-04	-6.280679E-04	-2.344362E-04	+2.220603E-04	+6.468339E-04	+9.182717E-04	+8.877359E-04	+3.795634E-04	-8.089338E-04	-8.992166E-04	+4.219254E-04	+9.868136E-04	+1.020757E-03	+7.190252E-04	+2.468438E-04	-2.606010E-04	-6.981647E-04	-9.907442E-04	-1.093278E-03	-9.907442E-04	-6.981647E-04	-2.606010E-04	+2.468438E-04	+7.190252E-04	+1.020757E-03	+9.868136E-04	+4.219254E-04	-8.992166E-04	-9.533863E-04	+4.473426E-04	+1.046260E-03	+1.082249E-03	+7.623399E-04	+2.617139E-04	-2.762998E-04	-7.402228E-04	-1.050428E-03	-1.159138E-03	-1.050428E-03	-7.402228E-04	-2.762998E-04	+2.617139E-04	+7.623399E-04	+1.082249E-03	+1.046260E-03	+4.473426E-04	-9.533863E-04	-9.714429E-04	+4.558150E-04	+1.066076E-03	+1.102746E-03	+7.767782E-04	+2.666706E-04	-2.815328E-04	-7.542422E-04	-1.070322E-03	-1.181091E-03
	A	-1.212205E-04	+1.287804E-04	+1.559688E-04	+7.527783E-05	-3.319186E-05	-1.191963E-04	-1.573719E-04	-1.422596E-04	-8.332853E-05	+0.000000E+00	+8.332853E-05	+1.422596E-04	+1.573719E-04	+1.191963E-04	+3.319186E-05	-7.527783E-05	-1.559688E-04	-1.287804E-04	+1.212205E-04	-4.545767E-05	+4.829267E-05	+5.848830E-05	+2.822919E-05	-1.244695E-05	-4.469861E-05	-5.901447E-05	-5.334735E-05	-3.124820E-05	+0.000000E+00	+3.124820E-05	+5.334735E-05	+5.901447E-05	+4.469861E-05	+1.244695E-05	-2.822919E-05	-5.848830E-05	-4.829267E-05	+4.545767E-05	+2.139185E-05	-2.272596E-05	-2.752391E-05	-1.328432E-05	+5.857388E-06	+2.103464E-05	+2.777151E-05	+2.510464E-05	+1.470503E-05	+0.000000E+00	-1.470503E-05	-2.510464E-05	-2.777151E-05	-2.103464E-05	-5.857388E-06	+1.328432E-05	+2.752391E-05	+2.272596E-05	-2.139185E-05	+7.932810E-05	-8.427544E-05	-1.020678E-04	-4.926270E-05	+2.172115E-05	+7.800345E-05	+1.029860E-04	+9.309636E-05	+5.453117E-05	+0.000000E+00	-5.453117E-05	-9.309636E-05	-1.029860E-04	-7.800345E-05	-2.172115E-05	+4.926270E-05	+1.020678E-04	+8.427544E-05	-7.932810E-05	+1.283511E-04	-1.363558E-04	-1.651434E-04	-7.970594E-05	+3.514433E-05	+1.262078E-04	+1.666291E-04	+1.506278E-04	+8.823020E-05	+0.000000E+00	-8.823020E-05	-1.506278E-04	-1.666291E-04	-1.262078E-04	-3.514433E-05	+7.970594E-05	+1.651434E-04	+1.363558E-04	-1.283511E-04	+1.684608E-04	-1.789669E-04	-2.167508E-04	-1.046140E-04	+4.612693E-05	+1.656478E-04	+2.187007E-04	+1.976990E-04	+1.158021E-04	+0.000000E+00	-1.158021E-04	-1.976990E-04	-2.187007E-04	-1.656478E-04	-4.612693E-05	+1.046140E-04	+2.167508E-04	+1.789669E-04	-1.684608E-04	+1.996572E-04	-2.121090E-04	-2.568898E-04	-1.239870E-04	+5.466895E-05	+1.963233E-04	+2.592008E-04	+2.343100E-04	+1.372470E-04	+0.000000E+00	-1.372470E-04	-2.343100E-04	-2.592008E-04	-1.963233E-04	-5.466895E-05	+1.239870E-04	+2.568898E-04	+2.121090E-04	-1.996572E-04	+2.219404E-04	-2.357819E-04	-2.855605E-04	-1.378249E-04	+6.077040E-05	+2.182344E-04	+2.881295E-04	+2.604606E-04	+1.525647E-04	+0.000000E+00	-1.525647E-04	-2.604606E-04	-2.881295E-04	-2.182344E-04	-6.077040E-05	+1.378249E-04	+2.855605E-04	+2.357819E-04	-2.219404E-04	+2.353103E-04	-2.499856E-04	-3.027630E-04	-1.461276E-04	+6.443127E-05	+2.313810E-04	+3.054867E-04	+2.761510E-04	+1.617554E-04	+0.000000E+00	-1.617554E-04	-2.761510E-04	-3.054867E-04	-2.313810E-04	-6.443127E-05	+1.461276E-04	+3.027630E-04	+2.499856E-04	-2.353103E-04	+2.397669E-04	-2.547202E-04	-3.084971E-04	-1.488951E-04	+6.565156E-05	+2.357632E-04	+3.112724E-04	+2.813811E-04	+1.648189E-04	+0.000000E+00
	S	-9.384810E-06	+1.042757E-06	+5.949847E-06	+6.946600E-06	+5.428469E-06	+2.576222E-06	-6.440556E-07	-3.480967E-06	-5.397799E-06	-6.072524E-06	-5.397799E-06	-3.480967E-06	-6.440556E-07	+2.576222E-06	+5.428469E-06	+6.946600E-06	+5.949847E-06	+1.042757E-06	-9.384810E-06	-3.519304E-06	+3.910338E-07	+2.231193E-06	+2.604975E-06	+2.035676E-06	+9.660834E-07	-2.415208E-07	-1.305363E-06	-2.024175E-06	-2.277197E-06	-2.024175E-06	-1.305363E-06	-2.415208E-07	+9.660834E-07	+2.035676E-06	+2.604975E-06	+2.231193E-06	+3.910338E-07	-3.519304E-06	+1.656143E-06	-1.840159E-07	-1.049973E-06	-1.225871E-06	-9.579650E-07	-4.546275E-07	+1.136569E-07	+6.142883E-07	+9.525528E-07	+1.071622E-06	+9.525528E-07	+6.142883E-07	+1.136569E-07	-4.546275E-07	-9.579650E-07	-1.225871E-06	-1.049973E-06	-1.840159E-07	+1.656143E-06	+6.141530E-06	-6.823922E-07	-3.893650E-06	-4.545937E-06	-3.552454E-06	-1.685910E-06	+4.214776E-07	+2.277986E-06	+3.532383E-06	+3.973931E-06	+3.532383E-06	+2.277986E-06	+4.214776E-07	-1.685910E-06	-3.552454E-06	-4.545937E-06	-3.893650E-06	-6.823922E-07	+6.141530E-06	+9.936858E-06	-1.104095E-06	-6.299838E-06	-7.355223E-06	-5.747790E-06	-2.727765E-06	+6.819412E-07	+3.685730E-06	+5.715317E-06	+6.429731E-06	+5.715317E-06	+3.685730E-06	+6.819412E-07	-2.727765E-06	-5.747790E-06	-7.355223E-06	-6.299838E-06	-1.104095E-06	+9.936858E-06	+1.304213E-05	-1.449125E-06	-8.268537E-06	-9.653730E-06	-7.543975E-06	-3.580191E-06	+8.950478E-07	+4.837520E-06	+7.501353E-06	+8.439023E-06	+7.501353E-06	+4.837520E-06	+8.950478E-07	-3.580191E-06	-7.543975E-06	-9.653730E-06	-8.268537E-06	-1.449125E-06	+1.304213E-05	+1.545733E-05	-1.717482E-06	-9.799748E-06	-1.144146E-05	-8.941007E-06	-4.243190E-06	+1.060797E-06	+5.733358E-06	+8.890493E-06	+1.000180E-05	+8.890493E-06	+5.733358E-06	+1.060797E-06	-4.243190E-06	-8.941007E-06	-1.144146E-05	-9.799748E-06	-1.717482E-06	+1.545733E-05	+1.718248E-05	-1.909165E-06	-1.089347E-05	-1.271841E-05	-9.938887E-06	-4.716760E-06	+1.179190E-06	+6.373241E-06	+9.882735E-06	+1.111808E-05	+9.882735E-06	+6.373241E-06	+1.179190E-06	-4.716760E-06	-9.938887E-06	-1.271841E-05	-1.089347E-05	-1.909165E-06	+1.718248E-05	+1.821757E-05	-2.024175E-06	-1.154970E-05	-1.348458E-05	-1.053762E-05	-5.000902E-06	+1.250226E-06	+6.757171E-06	+1.047808E-05	+1.178784E-05	+1.047808E-05	+6.757171E-06	+1.250226E-06	-5.000902E-06	-1.053762E-05	-1.348458E-05	-1.154970E-05	-2.024175E-06	+1.821757E-05	+1.856260E-05	-2.062511E-06	-1.176845E-05	-1.373997E-05	-1.073719E-05	-5.095616E-06	+1.273904E-06	+6.885148E-06	+1.067653E-05	+1.201110E-05
	A	+1.720549E-06	-1.147032E-06	-1.653076E-06	-9.783511E-07	+5.060437E-08	+9.108786E-07	+1.332582E-06	+1.248241E-06	+7.421974E-07	+0.000000E+00	-7.421974E-07	-1.248241E-06	-1.332582E-06	-9.108786E-07	-5.060437E-08	+9.783511E-07	+1.653076E-06	+1.147032E-06	-1.720549E-06	+6.452057E-07	-4.301371E-07	-6.199035E-07	-3.668817E-07	+1.897664E-08	+3.415795E-07	+4.997181E-07	+4.680904E-07	+2.783240E-07	+0.000000E+00	-2.783240E-07	-4.680904E-07	-4.997181E-07	-3.415795E-07	-1.897664E-08	+3.668817E-07	+6.199035E-07	+4.301371E-07	-6.452057E-07	-3.036262E-07	+2.024175E-07	+2.917193E-07	+1.726502E-07	-8.930183E-09	-1.607433E-07	-2.351615E-07	-2.202778E-07	-1.309760E-07	+0.000000E+00	+1.309760E-07	+2.202778E-07	+2.351615E-07	+1.607433E-07	+8.930183E-09	-1.726502E-07	-2.917193E-07	-2.024175E-07	+3.036262E-07	-1.125947E-06	+7.506315E-07	+1.081792E-06	+6.402445E-07	-3.311609E-08	-5.960897E-07	-8.720571E-07	-8.168636E-07	-4.857027E-07	+0.000000E+00	+4.857027E-07	+8.168636E-07	+8.720571E-07	+5.960897E-07	+3.311609E-08	-6.402445E-07	-1.081792E-06	-7.506315E-07	+1.125947E-06	-1.821757E-06	+1.214505E-06	+1.750316E-06	+1.035901E-06	-5.358110E-08	-9.644597E-07	-1.410969E-06	-1.321667E-06	-7.858561E-07	+0.000000E+00	+7.858561E-07	+1.321667E-06	+1.410969E-06	+9.644597E-07	+5.358110E-08	-1.035901E-06	-1.750316E-06	-1.214505E-06	+1.821757E-06	-2.391056E-06	+1.594038E-06	+2.297289E-06	+1.359620E-06	-7.032519E-08	-1.265853E-06	-1.851897E-06	-1.734688E-06	-1.031436E-06	+0.000000E+00	+1.031436E-06	+1.734688E-06	+1.851897E-06	+1.265853E-06	+7.032519E-08	-1.359620E-06	-2.297289E-06	-1.594038E-06	+2.391056E-06	-2.833845E-06	+1.889230E-06	+2.722713E-06	+1.611402E-06	-8.334837E-08	-1.500271E-06	-2.194840E-06	-2.055926E-06	-1.222443E-06	+0.000000E+00	+1.222443E-06	+2.055926E-06	+2.194840E-06	+1.500271E-06	+8.334837E-08	-1.611402E-06	-2.722713E-06	-1.889230E-06	+2.833845E-06	-3.150122E-06	+2.100081E-06	+3.026588E-06	+1.791246E-06	-9.265064E-08	-1.667712E-06	-2.439800E-06	-2.285383E-06	-1.358876E-06	+0.000000E+00	+1.358876E-06	+2.285383E-06	+2.439800E-06	+1.667712E-06	+9.265064E-08	-1.791246E-06	-3.026588E-06	-2.100081E-06	+3.150122E-06	-3.339888E-06	+2.226592E-06	+3.208912E-06	+1.899152E-06	-9.823201E-08	-1.768176E-06	-2.586776E-06	-2.423056E-06	-1.440736E-06	+0.000000E+00	+1.440736E-06	+2.423056E-06	+2.586776E-06	+1.768176E-06	+9.823201E-08	-1.899152E-06	-3.208912E-06	-2.226592E-06	+3.339888E-06	-3.403144E-06	+2.268762E-06	+3.269687E-06	+1.935121E-06	-1.000925E-07	-1.801664E-06	-2.635768E-06	-2.468947E-06	-1.468023E-06	+0.000000E+00
	A	+1.240880E-03	-9.306603E-04	-1.532852E-03	-1.058398E-03	+6.569367E-05	+1.478108E-03	+2.883222E-03	+4.051110E-03	+4.817536E-03	+5.083960E-03	+4.817536E-03	+4.051110E-03	+2.883222E-03	+1.478108E-03	+6.569367E-05	-1.058398E-03	-1.532852E-03	-9.306603E-04	+1.240880E-03	+1.216549E-05	-9.124121E-06	-1.502796E-05	-1.037645E-05	+6.440556E-07	+1.449125E-05	+2.826688E-05	+3.971676E-05	+4.723074E-05	+4.984275E-05	+4.723074E-05	+3.971676E-05	+2.826688E-05	+1.449125E-05	+6.440556E-07	-1.037645E-05	-1.502796E-05	-9.124121E-06	+1.216549E-05	-8.315473E-04	+6.236605E-04	+1.027206E-03	+7.092610E-04	-4.402309E-05	-9.905196E-04	-1.932125E-03	-2.714757E-03	-3.228360E-03	-3.406898E-03	-3.228360E-03	-2.714757E-03	-1.932125E-03	-9.905196E-04	-4.402309E-05	+7.092610E-04	+1.027206E-03	+6.236605E-04	-8.315473E-04	-1.338383E-03	+1.003787E-03	+1.653297E-03	+1.141562E-03	-7.085559E-05	-1.594251E-03	-3.109773E-03	-4.369428E-03	-5.196076E-03	-5.483435E-03	-5.196076E-03	-4.369428E-03	-3.109773E-03	-1.594251E-03	-7.085559E-05	+1.141562E-03	+1.653297E-03	+1.003787E-03	-1.338383E-03	-1.556468E-03	+1.167351E-03	+1.922695E-03	+1.327575E-03	-8.240123E-05	-1.854028E-03	-3.616498E-03	-5.081409E-03	-6.042757E-03	-6.376940E-03	-6.042757E-03	-5.081409E-03	-3.616498E-03	-1.854028E-03	-8.240123E-05	+1.327575E-03	+1.922695E-03	+1.167351E-03	-1.556468E-03	-1.533926E-03	+1.150444E-03	+1.894849E-03	+1.308348E-03	-8.120783E-05	-1.827176E-03	-3.564122E-03	-5.007816E-03	-5.955241E-03	-6.284584E-03	-5.955241E-03	-5.007816E-03	-3.564122E-03	-1.827176E-03	-8.120783E-05	+1.308348E-03	+1.894849E-03	+1.150444E-03	-1.533926E-03	-1.318883E-03	+9.891620E-04	+1.629208E-03	+1.124929E-03	-6.982320E-05	-1.571022E-03	-3.064463E-03	-4.305764E-03	-5.120368E-03	-5.403540E-03	-5.120368E-03	-4.305764E-03	-3.064463E-03	-1.571022E-03	-6.982320E-05	+1.124929E-03	+1.629208E-03	+9.891620E-04	-1.318883E-03	-9.594639E-04	+7.195979E-04	+1.185220E-03	+8.183663E-04	-5.079515E-05	-1.142891E-03	-2.229343E-03	-3.132368E-03	-3.724978E-03	-3.930980E-03	-3.724978E-03	-3.132368E-03	-2.229343E-03	-1.142891E-03	-5.079515E-05	+8.183663E-04	+1.185220E-03	+7.195979E-04	-9.594639E-04	-5.037946E-04	+3.778459E-04	+6.223345E-04	+4.297072E-04	-2.667148E-05	-6.001083E-04	-1.170582E-03	-1.644741E-03	-1.955908E-03	-2.064076E-03	-1.955908E-03	-1.644741E-03	-1.170582E-03	-6.001083E-04	-2.667148E-05	+4.297072E-04	+6.223345E-04	+3.778459E-04	-5.037946E-04	+0.000000E+00	+0.000000E+00	+0.000000E+00	+0.000000E+00	+0.000000E+00	+0.000000E+00	+0.000000E+00	+0.000000E+00	+0.000000E+00	+0.000000E+00
	S	-7.053277E-04	+9.675107E-04	+8.913381E-04	+2.619176E-05	-9.644555E-04	-1.671329E-03	-1.896985E-03	-1.613446E-03	-9.198330E-04	+0.000000E+00	+9.198330E-04	+1.613446E-03	+1.896985E-03	+1.671329E-03	+9.644555E-04	-2.619176E-05	-8.913381E-04	-9.675107E-04	+7.053277E-04	-6.914978E-06	+9.485399E-06	+8.738609E-06	+2.567819E-07	-9.455446E-06	-1.638558E-05	-1.859789E-05	-1.581810E-05	-9.017971E-06	+0.000000E+00	+9.017971E-06	+1.581810E-05	+1.859789E-05	+1.638558E-05	+9.455446E-06	-2.567819E-07	-8.738609E-06	-9.485399E-06	+6.914978E-06	+4.726591E-04	-6.483549E-04	-5.973096E-04	-1.755180E-05	+6.463076E-04	+1.120002E-03	+1.271221E-03	+1.081213E-03	+6.164048E-04	+0.000000E+00	-6.164048E-04	-1.081213E-03	-1.271221E-03	-1.120002E-03	-6.463076E-04	+1.755180E-05	+5.973096E-04	+6.483549E-04	-4.726591E-04	+7.607492E-04	-1.043533E-03	-9.613755E-04	-2.824979E-05	+1.040238E-03	+1.802654E-03	+2.046042E-03	+1.740223E-03	+9.921094E-04	+0.000000E+00	-9.921094E-04	-1.740223E-03	-2.046042E-03	-1.802654E-03	-1.040238E-03	+2.824979E-05	+9.613755E-04	+1.043533E-03	-7.607492E-04	+8.847104E-04	-1.213573E-03	-1.118028E-03	-3.285298E-05	+1.209741E-03	+2.096390E-03	+2.379436E-03	+2.023786E-03	+1.153770E-03	+0.000000E+00	-1.153770E-03	-2.023786E-03	-2.379436E-03	-2.096390E-03	-1.209741E-03	+3.285298E-05	+1.118028E-03	+1.213573E-03	-8.847104E-04	+8.718973E-04	-1.195997E-03	-1.101836E-03	-3.237718E-05	+1.192221E-03	+2.066028E-03	+2.344975E-03	+1.994476E-03	+1.137060E-03	+0.000000E+00	-1.137060E-03	-1.994476E-03	-2.344975E-03	-2.066028E-03	-1.192221E-03	+3.237718E-05	+1.101836E-03	+1.195997E-03	-8.718973E-04	+7.496649E-04	-1.028329E-03	-9.473680E-04	-2.783818E-05	+1.025082E-03	+1.776389E-03	+2.016230E-03	+1.714868E-03	+9.776541E-04	+0.000000E+00	-9.776541E-04	-1.714868E-03	-2.016230E-03	-1.776389E-03	-1.025082E-03	+2.783818E-05	+9.473680E-04	+1.028329E-03	-7.496649E-04	+5.453680E-04	-7.480911E-04	-6.891935E-04	-2.025179E-05	+7.457288E-04	+1.292292E-03	+1.466772E-03	+1.247536E-03	+7.112262E-04	+0.000000E+00	-7.112262E-04	-1.247536E-03	-1.466772E-03	-1.292292E-03	-7.457288E-04	+2.025179E-05	+6.891935E-04	+7.480911E-04	-5.453680E-04	+2.863614E-04	-3.928071E-04	-3.618812E-04	-1.063379E-05	+3.915667E-04	+6.785556E-04	+7.701715E-04	+6.550553E-04	+3.734501E-04	+0.000000E+00	-3.734501E-04	-6.550553E-04	-7.701715E-04	-6.785556E-04	-3.915667E-04	+1.063379E-05	+3.618812E-04	+3.928071E-04	-2.863614E-04	+0.000000E+00	+0.000000E+00	+0.000000E+00	+0.000000E+00	+0.000000E+00	+0.000000E+00	+0.000000E+00	+0.000000E+00	+0.000000E+00	+0.000000E+00
	A	-2.213844E-04	+1.038767E-04	+2.429505E-04	+2.513073E-04	+1.770218E-04	+6.077217E-05	-6.415916E-05	-1.718860E-04	-2.439182E-04	-2.691616E-04	-2.439182E-04	-1.718860E-04	-6.415916E-05	+6.077217E-05	+1.770218E-04	+2.513073E-04	+2.429505E-04	+1.038767E-04	-2.213844E-04	-2.170435E-06	+1.018399E-06	+2.381867E-06	+2.463797E-06	+1.735508E-06	+5.958056E-07	-6.290114E-07	-1.685157E-06	-2.391355E-06	-2.638839E-06	-2.391355E-06	-1.685157E-06	-6.290114E-07	+5.958056E-07	+1.735508E-06	+2.463797E-06	+2.381867E-06	+1.018399E-06	-2.170435E-06	+1.483556E-04	-6.961059E-05	-1.628076E-04	-1.684078E-04	-1.186270E-04	-4.072507E-05	+4.299478E-05	+1.151854E-04	+1.634561E-04	+1.803724E-04	+1.634561E-04	+1.151854E-04	+4.299478E-05	-4.072507E-05	-1.186270E-04	-1.684078E-04	-1.628076E-04	-6.961059E-05	+1.483556E-04	+2.387797E-04	-1.120389E-04	-2.620404E-04	-2.710539E-04	-1.909314E-04	-6.554738E-05	+6.920050E-05	+1.853920E-04	+2.630842E-04	+2.903111E-04	+2.630842E-04	+1.853920E-04	+6.920050E-05	-6.554738E-05	-1.909314E-04	-2.710539E-04	-2.620404E-04	-1.120389E-04	+2.387797E-04	+2.776880E-04	-1.302952E-04	-3.047389E-04	-3.152211E-04	-2.220429E-04	-7.622807E-05	+8.047645E-05	+2.156009E-04	+3.059527E-04	+3.376162E-04	+3.059527E-04	+2.156009E-04	+8.047645E-05	-7.622807E-05	-2.220429E-04	-3.152211E-04	-3.047389E-04	-1.302952E-04	+2.776880E-04	+2.736663E-04	-1.284082E-04	-3.003254E-04	-3.106558E-04	-2.188271E-04	-7.512408E-05	+7.931093E-05	+2.124784E-04	+3.015217E-04	+3.327265E-04	+3.015217E-04	+2.124784E-04	+7.931093E-05	-7.512408E-05	-2.188271E-04	-3.106558E-04	-3.003254E-04	-1.284082E-04	+2.736663E-04	+2.353007E-04	-1.104065E-04	-2.582224E-04	-2.671046E-04	-1.881494E-04	-6.459234E-05	+6.819223E-05	+1.826908E-04	+2.592510E-04	+2.860812E-04	+2.592510E-04	+1.826908E-04	+6.819223E-05	-6.459234E-05	-1.881494E-04	-2.671046E-04	-2.582224E-04	-1.104065E-04	+2.353007E-04	+1.711771E-04	-8.031876E-05	-1.878523E-04	-1.943139E-04	-1.368754E-04	-4.698979E-05	+4.960865E-05	+1.329044E-04	+1.886005E-04	+2.081190E-04	+1.886005E-04	+1.329044E-04	+4.960865E-05	-4.698979E-05	-1.368754E-04	-1.943139E-04	-1.878523E-04	-8.031876E-05	+1.711771E-04	+8.988154E-05	-4.217371E-05	-9.863732E-05	-1.020302E-04	-7.187043E-05	-2.467336E-05	+2.604847E-05	+6.978532E-05	+9.903021E-05	+1.092790E-04	+9.903021E-05	+6.978532E-05	+2.604847E-05	-2.467336E-05	-7.187043E-05	-1.020302E-04	-9.863732E-05	-4.217371E-05	+8.988154E-05	+0.000000E+00	+0.000000E+00	+0.000000E+00	+0.000000E+00	+0.000000E+00	+0.000000E+00	+0.000000E+00	+0.000000E+00	+0.000000E+00	+0.000000E+00
	S	+5.464104E-05	-5.804876E-05	-7.030412E-05	-3.393205E-05	+1.496148E-05	+5.372863E-05	+7.093658E-05	+6.412460E-05	+3.756096E-05	+0.000000E+00	-3.756096E-05	-6.412460E-05	-7.093658E-05	-5.372863E-05	-1.496148E-05	+3.393205E-05	+7.030412E-05	+5.804876E-05	-5.464104E-05	+5.356965E-07	-5.691055E-07	-6.892560E-07	-3.326672E-07	+1.466812E-07	+5.267513E-07	+6.954567E-07	+6.286725E-07	+3.682447E-07	+0.000000E+00	-3.682447E-07	-6.286725E-07	-6.954567E-07	-5.267513E-07	-1.466812E-07	+3.326672E-07	+6.892560E-07	+5.691055E-07	-5.356965E-07	-3.661643E-05	+3.890004E-05	+4.711268E-05	+2.273878E-05	-1.002609E-05	-3.600500E-05	-4.753651E-05	-4.297162E-05	-2.517061E-05	+0.000000E+00	+2.517061E-05	+4.297162E-05	+4.753651E-05	+3.600500E-05	+1.002609E-05	-2.273878E-05	-4.711268E-05	-3.890004E-05	+3.661643E-05	-5.893449E-05	+6.260998E-05	+7.582830E-05	+3.659828E-05	-1.613709E-05	-5.795039E-05	-7.651046E-05	-6.916322E-05	-4.051234E-05	+0.000000E+00	+4.051234E-05	+6.916322E-05	+7.651046E-05	+5.795039E-05	+1.613709E-05	-3.659828E-05	-7.582830E-05	-6.260998E-05	+5.893449E-05	-6.853764E-05	+7.281203E-05	+8.818423E-05	+4.256183E-05	-1.876657E-05	-6.739318E-05	-8.897755E-05	-8.043310E-05	-4.711367E-05	+0.000000E+00	+4.711367E-05	+8.043310E-05	+8.897755E-05	+6.739318E-05	+1.876657E-05	-4.256183E-05	-8.818423E-05	-7.281203E-05	+6.853764E-05	-6.754503E-05	+7.175751E-05	+8.690708E-05	+4.194542E-05	-1.849478E-05	-6.641714E-05	-8.768891E-05	-7.926821E-05	-4.643133E-05	+0.000000E+00	+4.643133E-05	+7.926821E-05	+8.768891E-05	+6.641714E-05	+1.849478E-05	-4.194542E-05	-8.690708E-05	-7.175751E-05	+6.754503E-05	-5.807580E-05	+6.169773E-05	+7.472346E-05	+3.606504E-05	-1.590197E-05	-5.710604E-05	-7.539569E-05	-6.815550E-05	-3.992206E-05	+0.000000E+00	+3.992206E-05	+6.815550E-05	+7.539569E-05	+5.710604E-05	+1.590197E-05	-3.606504E-05	-7.472346E-05	-6.169773E-05	+5.807580E-05	-4.224912E-05	+4.488401E-05	+5.436000E-05	+2.623668E-05	-1.156840E-05	-4.154363E-05	-5.484903E-05	-4.958192E-05	-2.904260E-05	+0.000000E+00	+2.904260E-05	+4.958192E-05	+5.484903E-05	+4.154363E-05	+1.156840E-05	-2.623668E-05	-5.436000E-05	-4.488401E-05	+4.224912E-05	-2.218414E-05	+2.356766E-05	+2.854331E-05	+1.377634E-05	-6.074328E-06	-2.181370E-05	-2.880009E-05	-2.603444E-05	-1.524966E-05	+0.000000E+00	+1.524966E-05	+2.603444E-05	+2.880009E-05	+2.181370E-05	+6.074328E-06	-1.377634E-05	-2.854331E-05	-2.356766E-05	+2.218414E-05	+0.000000E+00	+0.000000E+00	+0.000000E+00	+0.000000E+00	+0.000000E+00	+0.000000E+00	+0.000000E+00	+0.000000E+00	+0.000000E+00	+0.000000E+00
	A	+4.230274E-06	-4.700305E-07	-2.681939E-06	-3.131232E-06	-2.446923E-06	-1.161252E-06	+2.903129E-07	+1.569072E-06	+2.433099E-06	+2.737236E-06	+2.433099E-06	+1.569072E-06	+2.903129E-07	-1.161252E-06	-2.446923E-06	-3.131232E-06	-2.681939E-06	-4.700305E-07	+4.230274E-06	+4.147328E-08	-4.608142E-09	-2.629352E-08	-3.069836E-08	-2.398944E-08	-1.138482E-08	+2.846205E-09	+1.538306E-08	+2.385391E-08	+2.683565E-08	+2.385391E-08	+1.538306E-08	+2.846205E-09	-1.138482E-08	-2.398944E-08	-3.069836E-08	-2.629352E-08	-4.608142E-09	+4.147328E-08	-2.834820E-06	+3.149800E-07	+1.797239E-06	+2.098323E-06	+1.639749E-06	+7.781860E-07	-1.945465E-07	-1.051478E-06	-1.630485E-06	-1.834296E-06	-1.630485E-06	-1.051478E-06	-1.945465E-07	+7.781860E-07	+1.639749E-06	+2.098323E-06	+1.797239E-06	+3.149800E-07	-2.834820E-06	-4.562670E-06	+5.069634E-07	+2.892673E-06	+3.377271E-06	+2.639192E-06	+1.252498E-06	-3.131244E-07	-1.692363E-06	-2.624281E-06	-2.952316E-06	-2.624281E-06	-1.692363E-06	-3.131244E-07	+1.252498E-06	+2.639192E-06	+3.377271E-06	+2.892673E-06	+5.069634E-07	-4.562670E-06	-5.306140E-06	+5.895711E-07	+3.364023E-06	+3.927584E-06	+3.069238E-06	+1.456587E-06	-3.641469E-07	-1.968127E-06	-3.051897E-06	-3.433385E-06	-3.051897E-06	-1.968127E-06	-3.641469E-07	+1.456587E-06	+3.069238E-06	+3.927584E-06	+3.364023E-06	+5.895711E-07	-5.306140E-06	-5.229292E-06	+5.810325E-07	+3.315303E-06	+3.870702E-06	+3.024787E-06	+1.435492E-06	-3.588730E-07	-1.939623E-06	-3.007698E-06	-3.383660E-06	-3.007698E-06	-1.939623E-06	-3.588730E-07	+1.435492E-06	+3.024787E-06	+3.870702E-06	+3.315303E-06	+5.810325E-07	-5.229292E-06	-4.496191E-06	+4.995768E-07	+2.850526E-06	+3.328063E-06	+2.600738E-06	+1.234249E-06	-3.085621E-07	-1.667705E-06	-2.586045E-06	-2.909300E-06	-2.586045E-06	-1.667705E-06	-3.085621E-07	+1.234249E-06	+2.600738E-06	+3.328063E-06	+2.850526E-06	+4.995768E-07	-4.496191E-06	-3.270900E-06	+3.634333E-07	+2.073708E-06	+2.421107E-06	+1.891991E-06	+8.978941E-07	-2.244735E-07	-1.213226E-06	-1.881302E-06	-2.116465E-06	-1.881302E-06	-1.213226E-06	-2.244735E-07	+8.978941E-07	+1.891991E-06	+2.421107E-06	+2.073708E-06	+3.634333E-07	-3.270900E-06	-1.717482E-06	+1.908313E-07	+1.088861E-06	+1.271273E-06	+9.934452E-07	+4.714655E-07	-1.178664E-07	-6.370397E-07	-9.878325E-07	-1.111312E-06	-9.878325E-07	-6.370397E-07	-1.178664E-07	+4.714655E-07	+9.934452E-07	+1.271273E-06	+1.088861E-06	+1.908313E-07	-1.717482E-06	+0.000000E+00	+0.000000E+00	+0.000000E+00	+0.000000E+00	+0.000000E+00	+0.000000E+00	+0.000000E+00	+0.000000E+00	+0.000000E+00	+0.000000E+00
	S	-7.755503E-07	+5.170335E-07	+7.451365E-07	+4.409992E-07	-2.281030E-08	-4.105854E-07	-6.006713E-07	-5.626541E-07	-3.345511E-07	+0.000000E+00	+3.345511E-07	+5.626541E-07	+6.006713E-07	+4.105854E-07	+2.281030E-08	-4.409992E-07	-7.451365E-07	-5.170335E-07	+7.755503E-07	-7.603434E-09	+5.068956E-09	+7.305260E-09	+4.323521E-09	-2.236304E-10	-4.025347E-09	-5.888934E-09	-5.516217E-09	-3.279913E-09	+0.000000E+00	+3.279913E-09	+5.516217E-09	+5.888934E-09	+4.025347E-09	+2.236304E-10	-4.323521E-09	-7.305260E-09	-5.068956E-09	+7.603434E-09	+5.197171E-07	-3.464781E-07	-4.993360E-07	-2.955254E-07	+1.528580E-08	+2.751443E-07	+4.025260E-07	+3.770496E-07	+2.241917E-07	+0.000000E+00	-2.241917E-07	-3.770496E-07	-4.025260E-07	-2.751443E-07	-1.528580E-08	+2.955254E-07	+4.993360E-07	+3.464781E-07	-5.197171E-07	+8.364896E-07	-5.576597E-07	-8.036861E-07	-4.756509E-07	+2.460263E-08	+4.428474E-07	+6.478694E-07	+6.068650E-07	+3.608386E-07	+0.000000E+00	-3.608386E-07	-6.068650E-07	-6.478694E-07	-4.428474E-07	-2.460263E-08	+4.756509E-07	+8.036861E-07	+5.576597E-07	-8.364896E-07	+9.727923E-07	-6.485282E-07	-9.346436E-07	-5.531564E-07	+2.861154E-08	+5.150077E-07	+7.534372E-07	+7.057513E-07	+4.196359E-07	+0.000000E+00	-4.196359E-07	-7.057513E-07	-7.534372E-07	-5.150077E-07	-2.861154E-08	+5.531564E-07	+9.346436E-07	+6.485282E-07	-9.727923E-07	+9.587036E-07	-6.391357E-07	-9.211074E-07	-5.451452E-07	+2.819716E-08	+5.075490E-07	+7.425253E-07	+6.955301E-07	+4.135584E-07	+0.000000E+00	-4.135584E-07	-6.955301E-07	-7.425253E-07	-5.075490E-07	-2.819716E-08	+5.451452E-07	+9.211074E-07	+6.391357E-07	-9.587036E-07	+8.243017E-07	-5.495345E-07	-7.919761E-07	-4.687206E-07	+2.424417E-08	+4.363950E-07	+6.384298E-07	+5.980228E-07	+3.555811E-07	+0.000000E+00	-3.555811E-07	-5.980228E-07	-6.384298E-07	-4.363950E-07	-2.424417E-08	+4.687206E-07	+7.919761E-07	+5.495345E-07	-8.243017E-07	+5.996650E-07	-3.997766E-07	-5.761487E-07	-3.409860E-07	+1.763720E-08	+3.174697E-07	+4.644464E-07	+4.350510E-07	+2.586790E-07	+0.000000E+00	-2.586790E-07	-4.350510E-07	-4.644464E-07	-3.174697E-07	-1.763720E-08	+3.409860E-07	+5.761487E-07	+3.997766E-07	-5.996650E-07	+3.148716E-07	-2.099144E-07	-3.025237E-07	-1.790446E-07	+9.260930E-09	+1.666967E-07	+2.438712E-07	+2.284363E-07	+1.358270E-07	+0.000000E+00	-1.358270E-07	-2.284363E-07	-2.438712E-07	-1.666967E-07	-9.260930E-09	+1.790446E-07	+3.025237E-07	+2.099144E-07	-3.148716E-07	+0.000000E+00	+0.000000E+00	+0.000000E+00	+0.000000E+00	+0.000000E+00	+0.000000E+00	+0.000000E+00	+0.000000E+00	+0.000000E+00	+0.000000E+00
	S	+1.720549E-04	-1.290411E-04	-2.125383E-04	-1.467527E-04	+9.108786E-06	+2.049477E-04	+3.997745E-04	+5.617085E-04	+6.679777E-04	+7.049188E-04	+6.679777E-04	+5.617085E-04	+3.997745E-04	+2.049477E-04	+9.108786E-06	-1.467527E-04	-2.125383E-04	-1.290411E-04	+1.720549E-04	+1.147032E-04	-8.602743E-05	-1.416922E-04	-9.783511E-05	+6.072524E-06	+1.366318E-04	+2.665163E-04	+3.744723E-04	+4.453184E-04	+4.699459E-04	+4.453184E-04	+3.744723E-04	+2.665163E-04	+1.366318E-04	+6.072524E-06	-9.783511E-05	-1.416922E-04	-8.602743E-05	+1.147032E-04	+6.409887E-05	-4.807415E-05	-7.918095E-05	-5.467256E-05	+3.393469E-06	+7.635306E-05	+1.489356E-04	+2.092639E-04	+2.488544E-04	+2.626168E-04	+2.488544E-04	+2.092639E-04	+1.489356E-04	+7.635306E-05	+3.393469E-06	-5.467256E-05	-7.918095E-05	-4.807415E-05	+6.409887E-05	+2.024175E-05	-1.518131E-05	-2.500451E-05	-1.726502E-05	+1.071622E-06	+2.411149E-05	+4.703229E-05	+6.608335E-05	+7.858561E-05	+8.293163E-05	+7.858561E-05	+6.608335E-05	+4.703229E-05	+2.411149E-05	+1.071622E-06	-1.726502E-05	-2.500451E-05	-1.518131E-05	+2.024175E-05	-1.686812E-05	+1.265109E-05	+2.083709E-05	+1.438752E-05	-8.930183E-07	-2.009291E-05	-3.919358E-05	-5.506946E-05	-6.548801E-05	-6.910969E-05	-6.548801E-05	-5.506946E-05	-3.919358E-05	-2.009291E-05	-8.930183E-07	+1.438752E-05	+2.083709E-05	+1.265109E-05	-1.686812E-05	-4.723074E-05	+3.542306E-05	+5.834386E-05	+4.028505E-05	-2.500451E-06	-5.626015E-05	-1.097420E-04	-1.541945E-04	-1.833664E-04	-1.935071E-04	-1.833664E-04	-1.541945E-04	-1.097420E-04	-5.626015E-05	-2.500451E-06	+4.028505E-05	+5.834386E-05	+3.542306E-05	-4.723074E-05	-7.084612E-05	+5.313459E-05	+8.751579E-05	+6.042757E-05	-3.750677E-06	-8.439023E-05	-1.646130E-04	-2.312917E-04	-2.750496E-04	-2.902607E-04	-2.750496E-04	-2.312917E-04	-1.646130E-04	-8.439023E-05	-3.750677E-06	+6.042757E-05	+8.751579E-05	+5.313459E-05	-7.084612E-05	-8.771424E-05	+6.578568E-05	+1.083529E-04	+7.481509E-05	-4.643695E-06	-1.044831E-04	-2.038066E-04	-2.863612E-04	-3.405376E-04	-3.593704E-04	-3.405376E-04	-2.863612E-04	-2.038066E-04	-1.044831E-04	-4.643695E-06	+7.481509E-05	+1.083529E-04	+6.578568E-05	-8.771424E-05	-9.783511E-05	+7.337633E-05	+1.208551E-04	+8.344760E-05	-5.179506E-06	-1.165389E-04	-2.273228E-04	-3.194029E-04	-3.798304E-04	-4.008362E-04	-3.798304E-04	-3.194029E-04	-2.273228E-04	-1.165389E-04	-5.179506E-06	+8.344760E-05	+1.208551E-04	+7.337633E-05	-9.783511E-05	-1.012087E-04	+7.590655E-05	+1.250226E-04	+8.632510E-05	-5.358110E-06	-1.205575E-04	-2.351615E-04	-3.304168E-04	-3.929280E-04	-4.146581E-04
	A	-9.779754E-05	+1.341506E-04	+1.235889E-04	+3.631630E-06	-1.337270E-04	-2.317389E-04	-2.630273E-04	-2.237131E-04	-1.275399E-04	+0.000000E+00	+1.275399E-04	+2.237131E-04	+2.630273E-04	+2.317389E-04	+1.337270E-04	-3.631630E-06	-1.235889E-04	-1.341506E-04	+9.779754E-05	-6.519836E-05	+8.943376E-05	+8.239260E-05	+2.421087E-06	-8.915135E-05	-1.544926E-04	-1.753515E-04	-1.491421E-04	-8.502658E-05	+0.000000E+00	+8.502658E-05	+1.491421E-04	+1.753515E-04	+1.544926E-04	+8.915135E-05	-2.421087E-06	-8.239260E-05	-8.943376E-05	+6.519836E-05	-3.643438E-05	+4.997769E-05	+4.604292E-05	+1.352960E-06	-4.981987E-05	-8.633409E-05	-9.799057E-05	-8.334409E-05	-4.751486E-05	+0.000000E+00	+4.751486E-05	+8.334409E-05	+9.799057E-05	+8.633409E-05	+4.981987E-05	-1.352960E-06	-4.604292E-05	-4.997769E-05	+3.643438E-05	-1.150559E-05	+1.578243E-05	+1.453987E-05	+4.272506E-07	-1.573259E-05	-2.726340E-05	-3.094439E-05	-2.631919E-05	-1.500469E-05	+0.000000E+00	+1.500469E-05	+2.631919E-05	+3.094439E-05	+2.726340E-05	+1.573259E-05	-4.272506E-07	-1.453987E-05	-1.578243E-05	+1.150559E-05	+9.587994E-06	-1.315202E-05	-1.211656E-05	-3.560422E-07	+1.311049E-05	+2.271950E-05	+2.578699E-05	+2.193266E-05	+1.250391E-05	+0.000000E+00	-1.250391E-05	-2.193266E-05	-2.578699E-05	-2.271950E-05	-1.311049E-05	+3.560422E-07	+1.211656E-05	+1.315202E-05	-9.587994E-06	+2.684638E-05	-3.682567E-05	-3.392636E-05	-9.969181E-07	+3.670938E-05	+6.361459E-05	+7.220358E-05	+6.141144E-05	+3.501095E-05	+0.000000E+00	-3.501095E-05	-6.141144E-05	-7.220358E-05	-6.361459E-05	-3.670938E-05	+9.969181E-07	+3.392636E-05	+3.682567E-05	-2.684638E-05	+4.026958E-05	-5.523850E-05	-5.088955E-05	-1.495377E-06	+5.506407E-05	+9.542189E-05	+1.083054E-04	+9.211716E-05	+5.251642E-05	+0.000000E+00	-5.251642E-05	-9.211716E-05	-1.083054E-04	-9.542189E-05	-5.506407E-05	+1.495377E-06	+5.088955E-05	+5.523850E-05	-4.026958E-05	+4.985757E-05	-6.839053E-05	-6.300611E-05	-1.851419E-06	+6.817456E-05	+1.181414E-04	+1.340924E-04	+1.140498E-04	+6.502033E-05	+0.000000E+00	-6.502033E-05	-1.140498E-04	-1.340924E-04	-1.181414E-04	-6.817456E-05	+1.851419E-06	+6.300611E-05	+6.839053E-05	-4.985757E-05	+5.561037E-05	-7.628174E-05	-7.027604E-05	-2.065045E-06	+7.604086E-05	+1.317731E-04	+1.495646E-04	+1.272094E-04	+7.252267E-05	+0.000000E+00	-7.252267E-05	-1.272094E-04	-1.495646E-04	-1.317731E-04	-7.604086E-05	+2.065045E-06	+7.027604E-05	+7.628174E-05	-5.561037E-05	+5.752797E-05	-7.891214E-05	-7.269935E-05	-2.136253E-06	+7.866296E-05	+1.363170E-04	+1.547220E-04	+1.315959E-04	+7.502346E-05	+0.000000E+00
	S	-3.069615E-05	+1.440308E-05	+3.368641E-05	+3.484513E-05	+2.454504E-05	+8.426394E-06	-8.896018E-06	-2.383293E-05	-3.382059E-05	-3.732072E-05	-3.382059E-05	-2.383293E-05	-8.896018E-06	+8.426394E-06	+2.454504E-05	+3.484513E-05	+3.368641E-05	+1.440308E-05	-3.069615E-05	-2.046410E-05	+9.602051E-06	+2.245761E-05	+2.323009E-05	+1.636336E-05	+5.617596E-06	-5.930679E-06	-1.588862E-05	-2.254706E-05	-2.488048E-05	-2.254706E-05	-1.588862E-05	-5.930679E-06	+5.617596E-06	+1.636336E-05	+2.323009E-05	+2.245761E-05	+9.602051E-06	-2.046410E-05	-1.143582E-05	+5.365852E-06	+1.254984E-05	+1.298152E-05	+9.144229E-06	+3.139245E-06	-3.314203E-06	-8.878936E-06	-1.259983E-05	-1.390380E-05	-1.259983E-05	-8.878936E-06	-3.314203E-06	+3.139245E-06	+9.144229E-06	+1.298152E-05	+1.254984E-05	+5.365852E-06	-1.143582E-05	-3.611312E-06	+1.694480E-06	+3.963107E-06	+4.099427E-06	+2.887651E-06	+9.913405E-07	-1.046590E-06	-2.803874E-06	-3.978892E-06	-4.390673E-06	-3.978892E-06	-2.803874E-06	-1.046590E-06	+9.913405E-07	+2.887651E-06	+4.099427E-06	+3.963107E-06	+1.694480E-06	-3.611312E-06	+3.009426E-06	-1.412066E-06	-3.302589E-06	-3.416189E-06	-2.406376E-06	-8.261171E-07	+8.721586E-07	+2.336562E-06	+3.315744E-06	+3.658894E-06	+3.315744E-06	+2.336562E-06	+8.721586E-07	-8.261171E-07	-2.406376E-06	-3.416189E-06	-3.302589E-06	-1.412066E-06	+3.009426E-06	+8.426394E-06	-3.953786E-06	-9.247249E-06	-9.565331E-06	-6.737853E-06	-2.313128E-06	+2.442044E-06	+6.542374E-06	+9.284082E-06	+1.024490E-05	+9.284082E-06	+6.542374E-06	+2.442044E-06	-2.313128E-06	-6.737853E-06	-9.565331E-06	-9.247249E-06	-3.953786E-06	+8.426394E-06	+1.263959E-05	-5.930679E-06	-1.387087E-05	-1.434800E-05	-1.010678E-05	-3.469692E-06	+3.663066E-06	+9.813560E-06	+1.392612E-05	+1.536736E-05	+1.392612E-05	+9.813560E-06	+3.663066E-06	-3.469692E-06	-1.010678E-05	-1.434800E-05	-1.387087E-05	-5.930679E-06	+1.263959E-05	+1.564902E-05	-7.342745E-06	-1.717346E-05	-1.776419E-05	-1.251316E-05	-4.295809E-06	+4.535225E-06	+1.215012E-05	+1.724187E-05	+1.902625E-05	+1.724187E-05	+1.215012E-05	+4.535225E-06	-4.295809E-06	-1.251316E-05	-1.776419E-05	-1.717346E-05	-7.342745E-06	+1.564902E-05	+1.745467E-05	-8.189985E-06	-1.915502E-05	-1.981390E-05	-1.395698E-05	-4.791479E-06	+5.058520E-06	+1.355206E-05	+1.923131E-05	+2.122159E-05	+1.923131E-05	+1.355206E-05	+5.058520E-06	-4.791479E-06	-1.395698E-05	-1.981390E-05	-1.915502E-05	-8.189985E-06	+1.745467E-05	+1.805656E-05	-8.472398E-06	-1.981553E-05	-2.049714E-05	-1.443826E-05	-4.956702E-06	+5.232952E-06	+1.401937E-05	+1.989446E-05	+2.195337E-05
	A	+7.576279E-06	-8.048778E-06	-9.748050E-06	-4.704864E-06	+2.074492E-06	+7.449768E-06	+9.835745E-06	+8.891226E-06	+5.208033E-06	+0.000000E+00	-5.208033E-06	-8.891226E-06	-9.835745E-06	-7.449768E-06	-2.074492E-06	+4.704864E-06	+9.748050E-06	+8.048778E-06	-7.576279E-06	+5.050853E-06	-5.365852E-06	-6.498700E-06	-3.136576E-06	+1.382994E-06	+4.966512E-06	+6.557163E-06	+5.927484E-06	+3.472022E-06	+0.000000E+00	-3.472022E-06	-5.927484E-06	-6.557163E-06	-4.966512E-06	-1.382994E-06	+3.136576E-06	+6.498700E-06	+5.365852E-06	-5.050853E-06	+2.822535E-06	-2.998564E-06	-3.631626E-06	-1.752793E-06	+7.728498E-07	+2.775404E-06	+3.664297E-06	+3.312417E-06	+1.940248E-06	+0.000000E+00	-1.940248E-06	-3.312417E-06	-3.664297E-06	-2.775404E-06	-7.728498E-07	+1.752793E-06	+3.631626E-06	+2.998564E-06	-2.822535E-06	+8.913269E-07	-9.469151E-07	-1.146829E-06	-5.535135E-07	+2.440578E-07	+8.764433E-07	+1.157146E-06	+1.046027E-06	+6.127097E-07	+0.000000E+00	-6.127097E-07	-1.046027E-06	-1.157146E-06	-8.764433E-07	-2.440578E-07	+5.535135E-07	+1.146829E-06	+9.469151E-07	-8.913269E-07	-7.427724E-07	+7.890959E-07	+9.556912E-07	+4.612612E-07	-2.033815E-07	-7.303694E-07	-9.642887E-07	-8.716888E-07	-5.105915E-07	+0.000000E+00	+5.105915E-07	+8.716888E-07	+9.642887E-07	+7.303694E-07	+2.033815E-07	-4.612612E-07	-9.556912E-07	-7.890959E-07	+7.427724E-07	-2.079763E-06	+2.209468E-06	+2.675935E-06	+1.291531E-06	-5.694683E-07	-2.045034E-06	-2.700008E-06	-2.440729E-06	-1.429656E-06	+0.000000E+00	+1.429656E-06	+2.440729E-06	+2.700008E-06	+2.045034E-06	+5.694683E-07	-1.291531E-06	-2.675935E-06	-2.209468E-06	+2.079763E-06	-3.119644E-06	+3.314203E-06	+4.013903E-06	+1.937297E-06	-8.542024E-07	-3.067552E-06	-4.050013E-06	-3.661093E-06	-2.144484E-06	+0.000000E+00	+2.144484E-06	+3.661093E-06	+4.050013E-06	+3.067552E-06	+8.542024E-07	-1.937297E-06	-4.013903E-06	-3.314203E-06	+3.119644E-06	-3.862417E-06	+4.103299E-06	+4.969594E-06	+2.398558E-06	-1.057584E-06	-3.797921E-06	-5.014301E-06	-4.532782E-06	-2.655076E-06	+0.000000E+00	+2.655076E-06	+4.532782E-06	+5.014301E-06	+3.797921E-06	+1.057584E-06	-2.398558E-06	-4.969594E-06	-4.103299E-06	+3.862417E-06	-4.308080E-06	+4.576756E-06	+5.543009E-06	+2.675315E-06	-1.179613E-06	-4.236143E-06	-5.592875E-06	-5.055795E-06	-2.961430E-06	+0.000000E+00	+2.961430E-06	+5.055795E-06	+5.592875E-06	+4.236143E-06	+1.179613E-06	-2.675315E-06	-5.543009E-06	-4.576756E-06	+4.308080E-06	-4.456635E-06	+4.734575E-06	+5.734147E-06	+2.767567E-06	-1.220289E-06	-4.382216E-06	-5.785732E-06	-5.230133E-06	-3.063549E-06	+0.000000E+00
	S	+5.865506E-07	-6.517229E-08	-3.718654E-07	-4.341625E-07	-3.392793E-07	-1.610139E-07	+4.025347E-08	+2.175604E-07	+3.373625E-07	+3.795328E-07	+3.373625E-07	+2.175604E-07	+4.025347E-08	-1.610139E-07	-3.392793E-07	-4.341625E-07	-3.718654E-07	-6.517229E-08	+5.865506E-07	+3.910338E-07	-4.344819E-08	-2.479103E-07	-2.894417E-07	-2.261862E-07	-1.073426E-07	+2.683565E-08	+1.450403E-07	+2.249083E-07	+2.530218E-07	+2.249083E-07	+1.450403E-07	+2.683565E-08	-1.073426E-07	-2.261862E-07	-2.894417E-07	-2.479103E-07	-4.344819E-08	+3.910338E-07	+2.185189E-07	-2.427987E-08	-1.385381E-07	-1.617468E-07	-1.263982E-07	-5.998557E-08	+1.499639E-08	+8.105193E-08	+1.256841E-07	+1.413946E-07	+1.256841E-07	+8.105193E-08	+1.499639E-08	-5.998557E-08	-1.263982E-07	-1.617468E-07	-1.385381E-07	-2.427987E-08	+2.185189E-07	+6.900596E-08	-7.667328E-09	-4.374887E-08	-5.107794E-08	-3.991521E-08	-1.894281E-08	+4.735703E-09	+2.559535E-08	+3.968970E-08	+4.465091E-08	+3.968970E-08	+2.559535E-08	+4.735703E-09	-1.894281E-08	-3.991521E-08	-5.107794E-08	-4.374887E-08	-7.667328E-09	+6.900596E-08	-5.750496E-08	+6.389440E-09	+3.645740E-08	+4.256495E-08	+3.326268E-08	+1.578568E-08	-3.946419E-09	-2.132946E-08	-3.307475E-08	-3.720909E-08	-3.307475E-08	-2.132946E-08	-3.946419E-09	+1.578568E-08	+3.326268E-08	+4.256495E-08	+3.645740E-08	+6.389440E-09	-5.750496E-08	-1.610139E-07	+1.789043E-08	+1.020807E-07	+1.191819E-07	+9.313549E-08	+4.419989E-08	-1.104997E-08	-5.972248E-08	-9.260930E-08	-1.041855E-07	-9.260930E-08	-5.972248E-08	-1.104997E-08	+4.419989E-08	+9.313549E-08	+1.191819E-07	+1.020807E-07	+1.789043E-08	-1.610139E-07	-2.415208E-07	+2.683565E-08	+1.531211E-07	+1.787728E-07	+1.397032E-07	+6.629984E-08	-1.657496E-08	-8.958371E-08	-1.389140E-07	-1.562782E-07	-1.389140E-07	-8.958371E-08	-1.657496E-08	+6.629984E-08	+1.397032E-07	+1.787728E-07	+1.531211E-07	+2.683565E-08	-2.415208E-07	-2.990258E-07	+3.322509E-08	+1.895785E-07	+2.213377E-07	+1.729659E-07	+8.208552E-08	-2.052138E-08	-1.109132E-07	-1.719887E-07	-1.934873E-07	-1.719887E-07	-1.109132E-07	-2.052138E-08	+8.208552E-08	+1.729659E-07	+2.213377E-07	+1.895785E-07	+3.322509E-08	-2.990258E-07	-3.335288E-07	+3.705875E-08	+2.114529E-07	+2.468767E-07	+1.929235E-07	+9.155692E-08	-2.288923E-08	-1.237108E-07	-1.918336E-07	-2.158127E-07	-1.918336E-07	-1.237108E-07	-2.288923E-08	+9.155692E-08	+1.929235E-07	+2.468767E-07	+2.114529E-07	+3.705875E-08	-3.335288E-07	-3.450298E-07	+3.833664E-08	+2.187444E-07	+2.553897E-07	+1.995761E-07	+9.471406E-08	-2.367851E-08	-1.279767E-07	-1.984485E-07	-2.232546E-07
	A	-1.075343E-07	+7.168952E-08	+1.033173E-07	+6.114694E-08	-3.162773E-09	-5.692991E-08	-8.328636E-08	-7.801507E-08	-4.638734E-08	+0.000000E+00	+4.638734E-08	+7.801507E-08	+8.328636E-08	+5.692991E-08	+3.162773E-09	-6.114694E-08	-1.033173E-07	-7.168952E-08	+1.075343E-07	-7.168952E-08	+4.779301E-08	+6.887817E-08	+4.076463E-08	-2.108515E-09	-3.795328E-08	-5.552424E-08	-5.201004E-08	-3.092489E-08	+0.000000E+00	+3.092489E-08	+5.201004E-08	+5.552424E-08	+3.795328E-08	+2.108515E-09	-4.076463E-08	-6.887817E-08	-4.779301E-08	+7.168952E-08	-4.006179E-08	+2.670786E-08	+3.849074E-08	+2.278023E-08	-1.178288E-09	-2.120918E-08	-3.102825E-08	-2.906444E-08	-1.728156E-08	+0.000000E+00	+1.728156E-08	+2.906444E-08	+3.102825E-08	+2.120918E-08	+1.178288E-09	-2.278023E-08	-3.849074E-08	-2.670786E-08	+4.006179E-08	-1.265109E-08	+8.434061E-09	+1.215497E-08	+7.193758E-09	-3.720909E-10	-6.697637E-09	-9.798395E-09	-9.178243E-09	-5.457334E-09	+0.000000E+00	+5.457334E-09	+9.178243E-09	+9.798395E-09	+6.697637E-09	+3.720909E-10	-7.193758E-09	-1.215497E-08	-8.434061E-09	+1.265109E-08	+1.054258E-08	-7.028384E-09	-1.012914E-08	-5.994798E-09	+3.100758E-10	+5.581364E-09	+8.165329E-09	+7.648536E-09	+4.547778E-09	+0.000000E+00	-4.547778E-09	-7.648536E-09	-8.165329E-09	-5.581364E-09	-3.100758E-10	+5.994798E-09	+1.012914E-08	+7.028384E-09	-1.054258E-08	+2.951921E-08	-1.967948E-08	-2.836160E-08	-1.678544E-08	+8.682122E-10	+1.562782E-08	+2.286292E-08	+2.141590E-08	+1.273378E-08	+0.000000E+00	-1.273378E-08	-2.141590E-08	-2.286292E-08	-1.562782E-08	-8.682122E-10	+1.678544E-08	+2.836160E-08	+1.967948E-08	-2.951921E-08	+4.427882E-08	-2.951921E-08	-4.254240E-08	-2.517815E-08	+1.302318E-09	+2.344173E-08	+3.429438E-08	+3.212385E-08	+1.910067E-08	+0.000000E+00	-1.910067E-08	-3.212385E-08	-3.429438E-08	-2.344173E-08	-1.302318E-09	+2.517815E-08	+4.254240E-08	+2.951921E-08	-4.427882E-08	+5.482140E-08	-3.654760E-08	-5.267154E-08	-3.117295E-08	+1.612394E-09	+2.902309E-08	+4.245971E-08	+3.977239E-08	+2.364845E-08	+0.000000E+00	-2.364845E-08	-3.977239E-08	-4.245971E-08	-2.902309E-08	-1.612394E-09	+3.117295E-08	+5.267154E-08	+3.654760E-08	-5.482140E-08	+6.114694E-08	-4.076463E-08	-5.874903E-08	-3.476983E-08	+1.798440E-09	+3.237191E-08	+4.735891E-08	+4.436151E-08	+2.637711E-08	+0.000000E+00	-2.637711E-08	-4.436151E-08	-4.735891E-08	-3.237191E-08	-1.798440E-09	+3.476983E-08	+5.874903E-08	+4.076463E-08	-6.114694E-08	+6.325546E-08	-4.217031E-08	-6.077485E-08	-3.596879E-08	+1.860455E-09	+3.348818E-08	+4.899197E-08	+4.589122E-08	+2.728667E-08	+0.000000E+00
	A	-3.649648E-05	+2.737236E-05	+4.508389E-05	+3.112935E-05	-1.932167E-06	-4.347375E-05	-8.480065E-05	-1.191503E-04	-1.416922E-04	-1.495282E-04	-1.416922E-04	-1.191503E-04	-8.480065E-05	-4.347375E-05	-1.932167E-06	+3.112935E-05	+4.508389E-05	+2.737236E-05	-3.649648E-05	-1.216549E-05	+9.124121E-06	+1.502796E-05	+1.037645E-05	-6.440556E-07	-1.449125E-05	-2.826688E-05	-3.971676E-05	-4.723074E-05	-4.984275E-05	-4.723074E-05	-3.971676E-05	-2.826688E-05	-1.449125E-05	-6.440556E-07	+1.037645E-05	+1.502796E-05	+9.124121E-06	-1.216549E-05	+5.009321E-06	-3.756991E-06	-6.187985E-06	-4.272656E-06	+2.651994E-07	+5.966986E-06	+1.163931E-05	+1.635396E-05	+1.944795E-05	+2.052348E-05	+1.944795E-05	+1.635396E-05	+1.163931E-05	+5.966986E-06	+2.651994E-07	-4.272656E-06	-6.187985E-06	-3.756991E-06	+5.009321E-06	+1.592249E-05	-1.194186E-05	-1.966895E-05	-1.358094E-05	+8.429551E-07	+1.896649E-05	+3.699636E-05	+5.198223E-05	+6.181671E-05	+6.523536E-05	+6.181671E-05	+5.198223E-05	+3.699636E-05	+1.896649E-05	+8.429551E-07	-1.358094E-05	-1.966895E-05	-1.194186E-05	+1.592249E-05	+2.146852E-05	-1.610139E-05	-2.651994E-05	-1.831138E-05	+1.136569E-06	+2.557280E-05	+4.988274E-05	+7.008840E-05	+8.334837E-05	+8.795779E-05	+8.334837E-05	+7.008840E-05	+4.988274E-05	+2.557280E-05	+1.136569E-06	-1.831138E-05	-2.651994E-05	-1.610139E-05	+2.146852E-05	+2.254195E-05	-1.690646E-05	-2.784593E-05	-1.922695E-05	+1.193397E-06	+2.685144E-05	+5.237687E-05	+7.359282E-05	+8.751579E-05	+9.235568E-05	+8.751579E-05	+7.359282E-05	+5.237687E-05	+2.685144E-05	+1.193397E-06	-1.922695E-05	-2.784593E-05	-1.690646E-05	+2.254195E-05	+2.003729E-05	-1.502796E-05	-2.475194E-05	-1.709063E-05	+1.060797E-06	+2.386794E-05	+4.655722E-05	+6.541584E-05	+7.779181E-05	+8.209394E-05	+7.779181E-05	+6.541584E-05	+4.655722E-05	+2.386794E-05	+1.060797E-06	-1.709063E-05	-2.475194E-05	-1.502796E-05	+2.003729E-05	+1.484906E-05	-1.113679E-05	-1.834296E-05	-1.266537E-05	+7.861267E-07	+1.768785E-05	+3.450223E-05	+4.847781E-05	+5.764929E-05	+6.083747E-05	+5.764929E-05	+4.847781E-05	+3.450223E-05	+1.768785E-05	+7.861267E-07	-1.266537E-05	-1.834296E-05	-1.113679E-05	+1.484906E-05	+7.871791E-06	-5.903843E-06	-9.723977E-06	-6.714174E-06	+4.167419E-07	+9.376692E-06	+1.829034E-05	+2.569908E-05	+3.056107E-05	+3.225119E-05	+3.056107E-05	+2.569908E-05	+1.829034E-05	+9.376692E-06	+4.167419E-07	-6.714174E-06	-9.723977E-06	-5.903843E-06	+7.871791E-06	+0.000000E+00	+0.000000E+00	+0.000000E+00	+0.000000E+00	+0.000000E+00	+0.000000E+00	+0.000000E+00	+0.000000E+00	+0.000000E+00	+0.000000E+00
	S	+2.074493E-05	-2.845620E-05	-2.621583E-05	-7.703458E-07	+2.836634E-05	+4.915673E-05	+5.579367E-05	+4.745429E-05	+2.705391E-05	+0.000000E+00	-2.705391E-05	-4.745429E-05	-5.579367E-05	-4.915673E-05	-2.836634E-05	+7.703458E-07	+2.621583E-05	+2.845620E-05	-2.074493E-05	+6.914978E-06	-9.485399E-06	-8.738609E-06	-2.567819E-07	+9.455446E-06	+1.638558E-05	+1.859789E-05	+1.581810E-05	+9.017971E-06	+0.000000E+00	-9.017971E-06	-1.581810E-05	-1.859789E-05	-1.638558E-05	-9.455446E-06	+2.567819E-07	+8.738609E-06	+9.485399E-06	-6.914978E-06	-2.847344E-06	+3.905753E-06	+3.598251E-06	+1.057337E-07	-3.893419E-06	-6.747002E-06	-7.657955E-06	-6.513334E-06	-3.713282E-06	+0.000000E+00	+3.713282E-06	+6.513334E-06	+7.657955E-06	+6.747002E-06	+3.893419E-06	-1.057337E-07	-3.598251E-06	-3.905753E-06	+2.847344E-06	-9.050485E-06	+1.241471E-05	+1.143730E-05	+3.360822E-07	-1.237551E-05	-2.144583E-05	-2.434136E-05	-2.070310E-05	-1.180293E-05	+0.000000E+00	+1.180293E-05	+2.070310E-05	+2.434136E-05	+2.144583E-05	+1.237551E-05	-3.360822E-07	-1.143730E-05	-1.241471E-05	+9.050485E-06	-1.220290E-05	+1.673894E-05	+1.542107E-05	+4.531446E-07	-1.668608E-05	-2.891572E-05	-3.281981E-05	-2.791429E-05	-1.591407E-05	+0.000000E+00	+1.591407E-05	+2.791429E-05	+3.281981E-05	+2.891572E-05	+1.668608E-05	-4.531446E-07	-1.542107E-05	-1.673894E-05	+1.220290E-05	-1.281305E-05	+1.757589E-05	+1.619213E-05	+4.758018E-07	-1.752039E-05	-3.036151E-05	-3.446080E-05	-2.931000E-05	-1.670977E-05	+0.000000E+00	+1.670977E-05	+2.931000E-05	+3.446080E-05	+3.036151E-05	+1.752039E-05	-4.758018E-07	-1.619213E-05	-1.757589E-05	+1.281305E-05	-1.138938E-05	+1.562301E-05	+1.439300E-05	+4.229349E-07	-1.557368E-05	-2.698801E-05	-3.063182E-05	-2.605334E-05	-1.485313E-05	+0.000000E+00	+1.485313E-05	+2.605334E-05	+3.063182E-05	+2.698801E-05	+1.557368E-05	-4.229349E-07	-1.439300E-05	-1.562301E-05	+1.138938E-05	-8.440340E-06	+1.157777E-05	+1.066624E-05	+3.134250E-07	-1.154121E-05	-2.000004E-05	-2.270037E-05	-1.930738E-05	-1.100723E-05	+0.000000E+00	+1.100723E-05	+1.930738E-05	+2.270037E-05	+2.000004E-05	+1.154121E-05	-3.134250E-07	-1.066624E-05	-1.157777E-05	+8.440340E-06	-4.474397E-06	+6.137611E-06	+5.654394E-06	+1.661530E-07	-6.118230E-06	-1.060243E-05	-1.203393E-05	-1.023524E-05	-5.835158E-06	+0.000000E+00	+5.835158E-06	+1.023524E-05	+1.203393E-05	+1.060243E-05	+6.118230E-06	-1.661530E-07	-5.654394E-06	-6.137611E-06	+4.474397E-06	+0.000000E+00	+0.000000E+00	+0.000000E+00	+0.000000E+00	+0.000000E+00	+0.000000E+00	+0.000000E+00	+0.000000E+00	+0.000000E+00	+0.000000E+00
	A	+6.511304E-06	-3.055198E-06	-7.145602E-06	-7.391392E-06	-5.206523E-06	-1.787417E-06	+1.887034E-06	+5.055470E-06	+7.174064E-06	+7.916517E-06	+7.174064E-06	+5.055470E-06	+1.887034E-06	-1.787417E-06	-5.206523E-06	-7.391392E-06	-7.145602E-06	-3.055198E-06	+6.511304E-06	+2.170435E-06	-1.018399E-06	-2.381867E-06	-2.463797E-06	-1.735508E-06	-5.958056E-07	+6.290114E-07	+1.685157E-06	+2.391355E-06	+2.638839E-06	+2.391355E-06	+1.685157E-06	+6.290114E-07	-5.958056E-07	-1.735508E-06	-2.463797E-06	-2.381867E-06	-1.018399E-06	+2.170435E-06	-8.937085E-07	+4.193409E-07	+9.807689E-07	+1.014505E-06	+7.146208E-07	+2.453317E-07	-2.590047E-07	-6.938881E-07	-9.846754E-07	-1.086581E-06	-9.846754E-07	-6.938881E-07	-2.590047E-07	+2.453317E-07	+7.146208E-07	+1.014505E-06	+9.807689E-07	+4.193409E-07	-8.937085E-07	-2.840716E-06	+1.332905E-06	+3.117444E-06	+3.224676E-06	+2.271473E-06	+7.798044E-07	-8.232649E-07	-2.205573E-06	-3.129861E-06	-3.453774E-06	-3.129861E-06	-2.205573E-06	-8.232649E-07	+7.798044E-07	+2.271473E-06	+3.224676E-06	+3.117444E-06	+1.332905E-06	-2.840716E-06	-3.830179E-06	+1.797175E-06	+4.203295E-06	+4.347878E-06	+3.062660E-06	+1.051422E-06	-1.110020E-06	-2.973806E-06	-4.220037E-06	-4.656775E-06	-4.220037E-06	-2.973806E-06	-1.110020E-06	+1.051422E-06	+3.062660E-06	+4.347878E-06	+4.203295E-06	+1.797175E-06	-3.830179E-06	-4.021688E-06	+1.887034E-06	+4.413460E-06	+4.565271E-06	+3.215793E-06	+1.103993E-06	-1.165521E-06	-3.122496E-06	-4.431039E-06	-4.889613E-06	-4.431039E-06	-3.122496E-06	-1.165521E-06	+1.103993E-06	+3.215793E-06	+4.565271E-06	+4.413460E-06	+1.887034E-06	-4.021688E-06	-3.574834E-06	+1.677364E-06	+3.923075E-06	+4.058019E-06	+2.858483E-06	+9.813269E-07	-1.036019E-06	-2.775552E-06	-3.938702E-06	-4.346323E-06	-3.938702E-06	-2.775552E-06	-1.036019E-06	+9.813269E-07	+2.858483E-06	+4.058019E-06	+3.923075E-06	+1.677364E-06	-3.574834E-06	-2.649207E-06	+1.243046E-06	+2.907279E-06	+3.007282E-06	+2.118340E-06	+7.272334E-07	-7.677639E-07	-2.056883E-06	-2.918859E-06	-3.220936E-06	-2.918859E-06	-2.056883E-06	-7.677639E-07	+7.272334E-07	+2.118340E-06	+3.007282E-06	+2.907279E-06	+1.243046E-06	-2.649207E-06	-1.404399E-06	+6.589643E-07	+1.541208E-06	+1.594222E-06	+1.122975E-06	+3.855213E-07	-4.070074E-07	-1.090396E-06	-1.547347E-06	-1.707484E-06	-1.547347E-06	-1.090396E-06	-4.070074E-07	+3.855213E-07	+1.122975E-06	+1.594222E-06	+1.541208E-06	+6.589643E-07	-1.404399E-06	+0.000000E+00	+0.000000E+00	+0.000000E+00	+0.000000E+00	+0.000000E+00	+0.000000E+00	+0.000000E+00	+0.000000E+00	+0.000000E+00	+0.000000E+00
	S	-1.607089E-06	+1.707317E-06	+2.067768E-06	+9.980015E-07	-4.400437E-07	-1.580254E-06	-2.086370E-06	-1.886018E-06	-1.104734E-06	+0.000000E+00	+1.104734E-06	+1.886018E-06	+2.086370E-06	+1.580254E-06	+4.400437E-07	-9.980015E-07	-2.067768E-06	-1.707317E-06	+1.607089E-06	-5.356965E-07	+5.691055E-07	+6.892560E-07	+3.326672E-07	-1.466812E-07	-5.267513E-07	-6.954567E-07	-6.286725E-07	-3.682447E-07	+0.000000E+00	+3.682447E-07	+6.286725E-07	+6.954567E-07	+5.267513E-07	+1.466812E-07	-3.326672E-07	-6.892560E-07	-5.691055E-07	+5.356965E-07	+2.205809E-07	-2.343376E-07	-2.838113E-07	-1.369806E-07	+6.039815E-08	+2.168976E-07	+2.863645E-07	+2.588652E-07	+1.516302E-07	+0.000000E+00	-1.516302E-07	-2.588652E-07	-2.863645E-07	-2.168976E-07	-6.039815E-08	+1.369806E-07	+2.838113E-07	+2.343376E-07	-2.205809E-07	+7.011322E-07	-7.448587E-07	-9.021145E-07	-4.354026E-07	+1.919798E-07	+6.894245E-07	+9.102301E-07	+8.228214E-07	+4.819674E-07	+0.000000E+00	-4.819674E-07	-8.228214E-07	-9.102301E-07	-6.894245E-07	-1.919798E-07	+4.354026E-07	+9.021145E-07	+7.448587E-07	-7.011322E-07	+9.453468E-07	-1.004304E-06	-1.216334E-06	-5.870597E-07	+2.588492E-07	+9.295611E-07	+1.227277E-06	+1.109422E-06	+6.498437E-07	+0.000000E+00	-6.498437E-07	-1.109422E-06	-1.227277E-06	-9.295611E-07	-2.588492E-07	+5.870597E-07	+1.216334E-06	+1.004304E-06	-9.453468E-07	+9.926141E-07	-1.054519E-06	-1.277151E-06	-6.164127E-07	+2.717917E-07	+9.760391E-07	+1.288640E-06	+1.164893E-06	+6.823359E-07	+0.000000E+00	-6.823359E-07	-1.164893E-06	-1.288640E-06	-9.760391E-07	-2.717917E-07	+6.164127E-07	+1.277151E-06	+1.054519E-06	-9.926141E-07	+8.823236E-07	-9.373503E-07	-1.135245E-06	-5.479224E-07	+2.415926E-07	+8.675903E-07	+1.145458E-06	+1.035461E-06	+6.065208E-07	+0.000000E+00	-6.065208E-07	-1.035461E-06	-1.145458E-06	-8.675903E-07	-2.415926E-07	+5.479224E-07	+1.135245E-06	+9.373503E-07	-8.823236E-07	+6.538648E-07	-6.946435E-07	-8.412978E-07	-4.060496E-07	+1.790374E-07	+6.429464E-07	+8.488663E-07	+7.673503E-07	+4.494752E-07	+0.000000E+00	-4.494752E-07	-7.673503E-07	-8.488663E-07	-6.429464E-07	-1.790374E-07	+4.060496E-07	+8.412978E-07	+6.946435E-07	-6.538648E-07	+3.466271E-07	-3.682447E-07	-4.459892E-07	-2.152552E-07	+9.491138E-08	+3.408391E-07	+4.500014E-07	+4.067881E-07	+2.382760E-07	+0.000000E+00	-2.382760E-07	-4.067881E-07	-4.500014E-07	-3.408391E-07	-9.491138E-08	+2.152552E-07	+4.459892E-07	+3.682447E-07	-3.466271E-07	+0.000000E+00	+0.000000E+00	+0.000000E+00	+0.000000E+00	+0.000000E+00	+0.000000E+00	+0.000000E+00	+0.000000E+00	+0.000000E+00	+0.000000E+00
	A	-1.244198E-07	+1.382443E-08	+7.888055E-08	+9.209507E-08	+7.196833E-08	+3.415446E-08	-8.538616E-09	-4.614919E-08	-7.156173E-08	-8.050695E-08	-7.156173E-08	-4.614919E-08	-8.538616E-09	+3.415446E-08	+7.196833E-08	+9.209507E-08	+7.888055E-08	+1.382443E-08	-1.244198E-07	-4.147328E-08	+4.608142E-09	+2.629352E-08	+3.069836E-08	+2.398944E-08	+1.138482E-08	-2.846205E-09	-1.538306E-08	-2.385391E-08	-2.683565E-08	-2.385391E-08	-1.538306E-08	-2.846205E-09	+1.138482E-08	+2.398944E-08	+3.069836E-08	+2.629352E-08	+4.608142E-09	-4.147328E-08	+1.707723E-08	-1.897470E-09	-1.082674E-08	-1.264050E-08	-9.878007E-09	-4.687868E-09	+1.171967E-09	+6.334202E-09	+9.822199E-09	+1.104997E-08	+9.822199E-09	+6.334202E-09	+1.171967E-09	-4.687868E-09	-9.878007E-09	-1.264050E-08	-1.082674E-08	-1.897470E-09	+1.707723E-08	+5.428120E-08	-6.031244E-09	-3.441357E-08	-4.017873E-08	-3.139795E-08	-1.490072E-08	+3.725180E-09	+2.013371E-08	+3.122056E-08	+3.512313E-08	+3.122056E-08	+2.013371E-08	+3.725180E-09	-1.490072E-08	-3.139795E-08	-4.017873E-08	-3.441357E-08	-6.031244E-09	+5.428120E-08	+7.318814E-08	-8.132015E-09	-4.640032E-08	-5.417357E-08	-4.233431E-08	-2.009086E-08	+5.022715E-09	+2.714658E-08	+4.209514E-08	+4.735703E-08	+4.209514E-08	+2.714658E-08	+5.022715E-09	-2.009086E-08	-4.233431E-08	-5.417357E-08	-4.640032E-08	-8.132015E-09	+7.318814E-08	+7.684754E-08	-8.538616E-09	-4.872034E-08	-5.688225E-08	-4.445103E-08	-2.109540E-08	+5.273851E-09	+2.850391E-08	+4.419989E-08	+4.972488E-08	+4.419989E-08	+2.850391E-08	+5.273851E-09	-2.109540E-08	-4.445103E-08	-5.688225E-08	-4.872034E-08	-8.538616E-09	+7.684754E-08	+6.830893E-08	-7.589881E-09	-4.330697E-08	-5.056200E-08	-3.951203E-08	-1.875147E-08	+4.687868E-09	+2.533681E-08	+3.928879E-08	+4.419989E-08	+3.928879E-08	+2.533681E-08	+4.687868E-09	-1.875147E-08	-3.951203E-08	-5.056200E-08	-4.330697E-08	-7.589881E-09	+6.830893E-08	+5.062179E-08	-5.624644E-09	-3.209356E-08	-3.747005E-08	-2.928123E-08	-1.389618E-08	+3.474045E-09	+1.877638E-08	+2.911580E-08	+3.275528E-08	+2.911580E-08	+1.877638E-08	+3.474045E-09	-1.389618E-08	-2.928123E-08	-3.747005E-08	-3.209356E-08	-5.624644E-09	+5.062179E-08	+2.683565E-08	-2.981739E-09	-1.701345E-08	-1.986364E-08	-1.552258E-08	-7.366649E-09	+1.841662E-09	+9.953746E-09	+1.543488E-08	+1.736424E-08	+1.543488E-08	+9.953746E-09	+1.841662E-09	-7.366649E-09	-1.552258E-08	-1.986364E-08	-1.701345E-08	-2.981739E-09	+2.683565E-08	+0.000000E+00	+0.000000E+00	+0.000000E+00	+0.000000E+00	+0.000000E+00	+0.000000E+00	+0.000000E+00	+0.000000E+00	+0.000000E+00	+0.000000E+00
	S	+2.281030E-08	-1.520687E-08	-2.191578E-08	-1.297056E-08	+6.708912E-10	+1.207604E-08	+1.766680E-08	+1.654865E-08	+9.839738E-09	+0.000000E+00	-9.839738E-09	-1.654865E-08	-1.766680E-08	-1.207604E-08	-6.708912E-10	+1.297056E-08	+2.191578E-08	+1.520687E-08	-2.281030E-08	+7.603434E-09	-5.068956E-09	-7.305260E-09	-4.323521E-09	+2.236304E-10	+4.025347E-09	+5.888934E-09	+5.516217E-09	+3.279913E-09	+0.000000E+00	-3.279913E-09	-5.516217E-09	-5.888934E-09	-4.025347E-09	-2.236304E-10	+4.323521E-09	+7.305260E-09	+5.068956E-09	-7.603434E-09	-3.130826E-09	+2.087217E-09	+3.008048E-09	+1.780273E-09	-9.208311E-11	-1.657496E-09	-2.424855E-09	-2.271383E-09	-1.350552E-09	+0.000000E+00	+1.350552E-09	+2.271383E-09	+2.424855E-09	+1.657496E-09	+9.208311E-11	-1.780273E-09	-3.008048E-09	-2.087217E-09	+3.130826E-09	-9.951553E-09	+6.634369E-09	+9.561296E-09	+5.658726E-09	-2.926927E-10	-5.268469E-09	-7.707576E-09	-7.219754E-09	-4.292827E-09	+0.000000E+00	+4.292827E-09	+7.219754E-09	+7.707576E-09	+5.268469E-09	+2.926927E-10	-5.658726E-09	-9.561296E-09	-6.634369E-09	+9.951553E-09	-1.341782E-08	+8.945217E-09	+1.289164E-08	+7.629744E-09	-3.946419E-10	-7.103554E-09	-1.039224E-08	-9.734500E-09	-5.788081E-09	+0.000000E+00	+5.788081E-09	+9.734500E-09	+1.039224E-08	+7.103554E-09	+3.946419E-10	-7.629744E-09	-1.289164E-08	-8.945217E-09	+1.341782E-08	-1.408872E-08	+9.392477E-09	+1.353622E-08	+8.011231E-09	-4.143740E-10	-7.458732E-09	-1.091185E-08	-1.022123E-08	-6.077485E-09	+0.000000E+00	+6.077485E-09	+1.022123E-08	+1.091185E-08	+7.458732E-09	+4.143740E-10	-8.011231E-09	-1.353622E-08	-9.392477E-09	+1.408872E-08	-1.252330E-08	+8.348869E-09	+1.203219E-08	+7.121094E-09	-3.683324E-10	-6.629984E-09	-9.699421E-09	-9.085534E-09	-5.402209E-09	+0.000000E+00	+5.402209E-09	+9.085534E-09	+9.699421E-09	+6.629984E-09	+3.683324E-10	-7.121094E-09	-1.203219E-08	-8.348869E-09	+1.252330E-08	-9.280662E-09	+6.187108E-09	+8.916715E-09	+5.277239E-09	-2.729607E-10	-4.913292E-09	-7.187964E-09	-6.733029E-09	-4.003423E-09	+0.000000E+00	+4.003423E-09	+6.733029E-09	+7.187964E-09	+4.913292E-09	+2.729607E-10	-5.277239E-09	-8.916715E-09	-6.187108E-09	+9.280662E-09	-4.919869E-09	+3.279913E-09	+4.726933E-09	+2.797573E-09	-1.447020E-10	-2.604637E-09	-3.810487E-09	-3.569317E-09	-2.122296E-09	+0.000000E+00	+2.122296E-09	+3.569317E-09	+3.810487E-09	+2.604637E-09	+1.447020E-10	-2.797573E-09	-4.726933E-09	-3.279913E-09	+4.919869E-09	+0.000000E+00	+0.000000E+00	+0.000000E+00	+0.000000E+00	+0.000000E+00	+0.000000E+00	+0.000000E+00	+0.000000E+00	+0.000000E+00	+0.000000E+00
# Matrix ends.
#
#
# ---------------------------------- LICENSE NOTICE -----------------------------------
# THIS DATA IS RELEASED UNDER THE CREATIVE COMMONS LICENSE "CC BY-NC-SA 4.0".
#   This license lets you remix, tweak, and build upon this work non-commercially,
#   as long as you credit me and license your new creations under the terms identical
#   to the current license.
# SEE "https://creativecommons.org/licenses/by-nc-sa/4.0" FOR DETAILS.
#
# RELEASED BY: Chandra Shekhar
#      E-mail: chandraiitk[AT]yahoo[DOT]co[DOT]in
#    Homepage: https://sites.google.com/site/chandraacads
# FOR ANY QUESTION OR COMMENT, OR FOR A COMMERCIAL LICENSE, PLEASE EMAIL ME.
#
# For additional details, please visit my homepage.
#
# ==================================== End of File ====================================
