# ================================== Start of File ====================================
# Spatial dimensions = 2
# Kernel size = 27x27
# Polynomial order = 1x3
# Size of the convolution coefficient matrix = 8x729
#
# Column# 1:
#    S/A => The left and the right halves of the row are symmetric(S)/anti-symmetric(A) about the middle column.
#           If symmetric elements on the right half, their signs are same as the corresponding elements on the left side.
#           If anti-symmetric elements, the signs are opposite.
# Column# 2~365 = the left-half columns of the row.
# Column# 366 = the middle column of the row.
# Column# 367~730, which are the right-half columns, are not stored, because they are symmetric/anti-symmetric
#           of the elements in the column# 365~2, respectively.
# Matrix starts:
	S	-1.702852E-03	-9.933305E-04	-3.405705E-04	+2.554278E-04	+7.946644E-04	+1.277139E-03	+1.702852E-03	+2.071804E-03	+2.383993E-03	+2.639421E-03	+2.838087E-03	+2.979991E-03	+3.065134E-03	+3.093515E-03	+3.065134E-03	+2.979991E-03	+2.838087E-03	+2.639421E-03	+2.383993E-03	+2.071804E-03	+1.702852E-03	+1.277139E-03	+7.946644E-04	+2.554278E-04	-3.405705E-04	-9.933305E-04	-1.702852E-03	-1.702852E-03	-9.933305E-04	-3.405705E-04	+2.554278E-04	+7.946644E-04	+1.277139E-03	+1.702852E-03	+2.071804E-03	+2.383993E-03	+2.639421E-03	+2.838087E-03	+2.979991E-03	+3.065134E-03	+3.093515E-03	+3.065134E-03	+2.979991E-03	+2.838087E-03	+2.639421E-03	+2.383993E-03	+2.071804E-03	+1.702852E-03	+1.277139E-03	+7.946644E-04	+2.554278E-04	-3.405705E-04	-9.933305E-04	-1.702852E-03	-1.702852E-03	-9.933305E-04	-3.405705E-04	+2.554278E-04	+7.946644E-04	+1.277139E-03	+1.702852E-03	+2.071804E-03	+2.383993E-03	+2.639421E-03	+2.838087E-03	+2.979991E-03	+3.065134E-03	+3.093515E-03	+3.065134E-03	+2.979991E-03	+2.838087E-03	+2.639421E-03	+2.383993E-03	+2.071804E-03	+1.702852E-03	+1.277139E-03	+7.946644E-04	+2.554278E-04	-3.405705E-04	-9.933305E-04	-1.702852E-03	-1.702852E-03	-9.933305E-04	-3.405705E-04	+2.554278E-04	+7.946644E-04	+1.277139E-03	+1.702852E-03	+2.071804E-03	+2.383993E-03	+2.639421E-03	+2.838087E-03	+2.979991E-03	+3.065134E-03	+3.093515E-03	+3.065134E-03	+2.979991E-03	+2.838087E-03	+2.639421E-03	+2.383993E-03	+2.071804E-03	+1.702852E-03	+1.277139E-03	+7.946644E-04	+2.554278E-04	-3.405705E-04	-9.933305E-04	-1.702852E-03	-1.702852E-03	-9.933305E-04	-3.405705E-04	+2.554278E-04	+7.946644E-04	+1.277139E-03	+1.702852E-03	+2.071804E-03	+2.383993E-03	+2.639421E-03	+2.838087E-03	+2.979991E-03	+3.065134E-03	+3.093515E-03	+3.065134E-03	+2.979991E-03	+2.838087E-03	+2.639421E-03	+2.383993E-03	+2.071804E-03	+1.702852E-03	+1.277139E-03	+7.946644E-04	+2.554278E-04	-3.405705E-04	-9.933305E-04	-1.702852E-03	-1.702852E-03	-9.933305E-04	-3.405705E-04	+2.554278E-04	+7.946644E-04	+1.277139E-03	+1.702852E-03	+2.071804E-03	+2.383993E-03	+2.639421E-03	+2.838087E-03	+2.979991E-03	+3.065134E-03	+3.093515E-03	+3.065134E-03	+2.979991E-03	+2.838087E-03	+2.639421E-03	+2.383993E-03	+2.071804E-03	+1.702852E-03	+1.277139E-03	+7.946644E-04	+2.554278E-04	-3.405705E-04	-9.933305E-04	-1.702852E-03	-1.702852E-03	-9.933305E-04	-3.405705E-04	+2.554278E-04	+7.946644E-04	+1.277139E-03	+1.702852E-03	+2.071804E-03	+2.383993E-03	+2.639421E-03	+2.838087E-03	+2.979991E-03	+3.065134E-03	+3.093515E-03	+3.065134E-03	+2.979991E-03	+2.838087E-03	+2.639421E-03	+2.383993E-03	+2.071804E-03	+1.702852E-03	+1.277139E-03	+7.946644E-04	+2.554278E-04	-3.405705E-04	-9.933305E-04	-1.702852E-03	-1.702852E-03	-9.933305E-04	-3.405705E-04	+2.554278E-04	+7.946644E-04	+1.277139E-03	+1.702852E-03	+2.071804E-03	+2.383993E-03	+2.639421E-03	+2.838087E-03	+2.979991E-03	+3.065134E-03	+3.093515E-03	+3.065134E-03	+2.979991E-03	+2.838087E-03	+2.639421E-03	+2.383993E-03	+2.071804E-03	+1.702852E-03	+1.277139E-03	+7.946644E-04	+2.554278E-04	-3.405705E-04	-9.933305E-04	-1.702852E-03	-1.702852E-03	-9.933305E-04	-3.405705E-04	+2.554278E-04	+7.946644E-04	+1.277139E-03	+1.702852E-03	+2.071804E-03	+2.383993E-03	+2.639421E-03	+2.838087E-03	+2.979991E-03	+3.065134E-03	+3.093515E-03	+3.065134E-03	+2.979991E-03	+2.838087E-03	+2.639421E-03	+2.383993E-03	+2.071804E-03	+1.702852E-03	+1.277139E-03	+7.946644E-04	+2.554278E-04	-3.405705E-04	-9.933305E-04	-1.702852E-03	-1.702852E-03	-9.933305E-04	-3.405705E-04	+2.554278E-04	+7.946644E-04	+1.277139E-03	+1.702852E-03	+2.071804E-03	+2.383993E-03	+2.639421E-03	+2.838087E-03	+2.979991E-03	+3.065134E-03	+3.093515E-03	+3.065134E-03	+2.979991E-03	+2.838087E-03	+2.639421E-03	+2.383993E-03	+2.071804E-03	+1.702852E-03	+1.277139E-03	+7.946644E-04	+2.554278E-04	-3.405705E-04	-9.933305E-04	-1.702852E-03	-1.702852E-03	-9.933305E-04	-3.405705E-04	+2.554278E-04	+7.946644E-04	+1.277139E-03	+1.702852E-03	+2.071804E-03	+2.383993E-03	+2.639421E-03	+2.838087E-03	+2.979991E-03	+3.065134E-03	+3.093515E-03	+3.065134E-03	+2.979991E-03	+2.838087E-03	+2.639421E-03	+2.383993E-03	+2.071804E-03	+1.702852E-03	+1.277139E-03	+7.946644E-04	+2.554278E-04	-3.405705E-04	-9.933305E-04	-1.702852E-03	-1.702852E-03	-9.933305E-04	-3.405705E-04	+2.554278E-04	+7.946644E-04	+1.277139E-03	+1.702852E-03	+2.071804E-03	+2.383993E-03	+2.639421E-03	+2.838087E-03	+2.979991E-03	+3.065134E-03	+3.093515E-03	+3.065134E-03	+2.979991E-03	+2.838087E-03	+2.639421E-03	+2.383993E-03	+2.071804E-03	+1.702852E-03	+1.277139E-03	+7.946644E-04	+2.554278E-04	-3.405705E-04	-9.933305E-04	-1.702852E-03	-1.702852E-03	-9.933305E-04	-3.405705E-04	+2.554278E-04	+7.946644E-04	+1.277139E-03	+1.702852E-03	+2.071804E-03	+2.383993E-03	+2.639421E-03	+2.838087E-03	+2.979991E-03	+3.065134E-03	+3.093515E-03	+3.065134E-03	+2.979991E-03	+2.838087E-03	+2.639421E-03	+2.383993E-03	+2.071804E-03	+1.702852E-03	+1.277139E-03	+7.946644E-04	+2.554278E-04	-3.405705E-04	-9.933305E-04	-1.702852E-03	-1.702852E-03	-9.933305E-04	-3.405705E-04	+2.554278E-04	+7.946644E-04	+1.277139E-03	+1.702852E-03	+2.071804E-03	+2.383993E-03	+2.639421E-03	+2.838087E-03	+2.979991E-03	+3.065134E-03	+3.093515E-03
	A	+5.653650E-04	+1.913716E-04	-1.033008E-04	-3.252625E-04	-4.811233E-04	-5.774936E-04	-6.209832E-04	-6.182023E-04	-5.757609E-04	-5.002692E-04	-3.983371E-04	-2.765749E-04	-1.415925E-04	+0.000000E+00	+1.415925E-04	+2.765749E-04	+3.983371E-04	+5.002692E-04	+5.757609E-04	+6.182023E-04	+6.209832E-04	+5.774936E-04	+4.811233E-04	+3.252625E-04	+1.033008E-04	-1.913716E-04	-5.653650E-04	+5.653650E-04	+1.913716E-04	-1.033008E-04	-3.252625E-04	-4.811233E-04	-5.774936E-04	-6.209832E-04	-6.182023E-04	-5.757609E-04	-5.002692E-04	-3.983371E-04	-2.765749E-04	-1.415925E-04	+0.000000E+00	+1.415925E-04	+2.765749E-04	+3.983371E-04	+5.002692E-04	+5.757609E-04	+6.182023E-04	+6.209832E-04	+5.774936E-04	+4.811233E-04	+3.252625E-04	+1.033008E-04	-1.913716E-04	-5.653650E-04	+5.653650E-04	+1.913716E-04	-1.033008E-04	-3.252625E-04	-4.811233E-04	-5.774936E-04	-6.209832E-04	-6.182023E-04	-5.757609E-04	-5.002692E-04	-3.983371E-04	-2.765749E-04	-1.415925E-04	+0.000000E+00	+1.415925E-04	+2.765749E-04	+3.983371E-04	+5.002692E-04	+5.757609E-04	+6.182023E-04	+6.209832E-04	+5.774936E-04	+4.811233E-04	+3.252625E-04	+1.033008E-04	-1.913716E-04	-5.653650E-04	+5.653650E-04	+1.913716E-04	-1.033008E-04	-3.252625E-04	-4.811233E-04	-5.774936E-04	-6.209832E-04	-6.182023E-04	-5.757609E-04	-5.002692E-04	-3.983371E-04	-2.765749E-04	-1.415925E-04	+0.000000E+00	+1.415925E-04	+2.765749E-04	+3.983371E-04	+5.002692E-04	+5.757609E-04	+6.182023E-04	+6.209832E-04	+5.774936E-04	+4.811233E-04	+3.252625E-04	+1.033008E-04	-1.913716E-04	-5.653650E-04	+5.653650E-04	+1.913716E-04	-1.033008E-04	-3.252625E-04	-4.811233E-04	-5.774936E-04	-6.209832E-04	-6.182023E-04	-5.757609E-04	-5.002692E-04	-3.983371E-04	-2.765749E-04	-1.415925E-04	+0.000000E+00	+1.415925E-04	+2.765749E-04	+3.983371E-04	+5.002692E-04	+5.757609E-04	+6.182023E-04	+6.209832E-04	+5.774936E-04	+4.811233E-04	+3.252625E-04	+1.033008E-04	-1.913716E-04	-5.653650E-04	+5.653650E-04	+1.913716E-04	-1.033008E-04	-3.252625E-04	-4.811233E-04	-5.774936E-04	-6.209832E-04	-6.182023E-04	-5.757609E-04	-5.002692E-04	-3.983371E-04	-2.765749E-04	-1.415925E-04	+0.000000E+00	+1.415925E-04	+2.765749E-04	+3.983371E-04	+5.002692E-04	+5.757609E-04	+6.182023E-04	+6.209832E-04	+5.774936E-04	+4.811233E-04	+3.252625E-04	+1.033008E-04	-1.913716E-04	-5.653650E-04	+5.653650E-04	+1.913716E-04	-1.033008E-04	-3.252625E-04	-4.811233E-04	-5.774936E-04	-6.209832E-04	-6.182023E-04	-5.757609E-04	-5.002692E-04	-3.983371E-04	-2.765749E-04	-1.415925E-04	+0.000000E+00	+1.415925E-04	+2.765749E-04	+3.983371E-04	+5.002692E-04	+5.757609E-04	+6.182023E-04	+6.209832E-04	+5.774936E-04	+4.811233E-04	+3.252625E-04	+1.033008E-04	-1.913716E-04	-5.653650E-04	+5.653650E-04	+1.913716E-04	-1.033008E-04	-3.252625E-04	-4.811233E-04	-5.774936E-04	-6.209832E-04	-6.182023E-04	-5.757609E-04	-5.002692E-04	-3.983371E-04	-2.765749E-04	-1.415925E-04	+0.000000E+00	+1.415925E-04	+2.765749E-04	+3.983371E-04	+5.002692E-04	+5.757609E-04	+6.182023E-04	+6.209832E-04	+5.774936E-04	+4.811233E-04	+3.252625E-04	+1.033008E-04	-1.913716E-04	-5.653650E-04	+5.653650E-04	+1.913716E-04	-1.033008E-04	-3.252625E-04	-4.811233E-04	-5.774936E-04	-6.209832E-04	-6.182023E-04	-5.757609E-04	-5.002692E-04	-3.983371E-04	-2.765749E-04	-1.415925E-04	+0.000000E+00	+1.415925E-04	+2.765749E-04	+3.983371E-04	+5.002692E-04	+5.757609E-04	+6.182023E-04	+6.209832E-04	+5.774936E-04	+4.811233E-04	+3.252625E-04	+1.033008E-04	-1.913716E-04	-5.653650E-04	+5.653650E-04	+1.913716E-04	-1.033008E-04	-3.252625E-04	-4.811233E-04	-5.774936E-04	-6.209832E-04	-6.182023E-04	-5.757609E-04	-5.002692E-04	-3.983371E-04	-2.765749E-04	-1.415925E-04	+0.000000E+00	+1.415925E-04	+2.765749E-04	+3.983371E-04	+5.002692E-04	+5.757609E-04	+6.182023E-04	+6.209832E-04	+5.774936E-04	+4.811233E-04	+3.252625E-04	+1.033008E-04	-1.913716E-04	-5.653650E-04	+5.653650E-04	+1.913716E-04	-1.033008E-04	-3.252625E-04	-4.811233E-04	-5.774936E-04	-6.209832E-04	-6.182023E-04	-5.757609E-04	-5.002692E-04	-3.983371E-04	-2.765749E-04	-1.415925E-04	+0.000000E+00	+1.415925E-04	+2.765749E-04	+3.983371E-04	+5.002692E-04	+5.757609E-04	+6.182023E-04	+6.209832E-04	+5.774936E-04	+4.811233E-04	+3.252625E-04	+1.033008E-04	-1.913716E-04	-5.653650E-04	+5.653650E-04	+1.913716E-04	-1.033008E-04	-3.252625E-04	-4.811233E-04	-5.774936E-04	-6.209832E-04	-6.182023E-04	-5.757609E-04	-5.002692E-04	-3.983371E-04	-2.765749E-04	-1.415925E-04	+0.000000E+00	+1.415925E-04	+2.765749E-04	+3.983371E-04	+5.002692E-04	+5.757609E-04	+6.182023E-04	+6.209832E-04	+5.774936E-04	+4.811233E-04	+3.252625E-04	+1.033008E-04	-1.913716E-04	-5.653650E-04	+5.653650E-04	+1.913716E-04	-1.033008E-04	-3.252625E-04	-4.811233E-04	-5.774936E-04	-6.209832E-04	-6.182023E-04	-5.757609E-04	-5.002692E-04	-3.983371E-04	-2.765749E-04	-1.415925E-04	+0.000000E+00	+1.415925E-04	+2.765749E-04	+3.983371E-04	+5.002692E-04	+5.757609E-04	+6.182023E-04	+6.209832E-04	+5.774936E-04	+4.811233E-04	+3.252625E-04	+1.033008E-04	-1.913716E-04	-5.653650E-04	+5.653650E-04	+1.913716E-04	-1.033008E-04	-3.252625E-04	-4.811233E-04	-5.774936E-04	-6.209832E-04	-6.182023E-04	-5.757609E-04	-5.002692E-04	-3.983371E-04	-2.765749E-04	-1.415925E-04	+0.000000E+00
	S	+5.068013E-05	+3.898471E-05	+2.822493E-05	+1.840078E-05	+9.512270E-06	+1.559389E-06	-5.457860E-06	-1.153948E-05	-1.668546E-05	-2.089581E-05	-2.417052E-05	-2.650961E-05	-2.791305E-05	-2.838087E-05	-2.791305E-05	-2.650961E-05	-2.417052E-05	-2.089581E-05	-1.668546E-05	-1.153948E-05	-5.457860E-06	+1.559389E-06	+9.512270E-06	+1.840078E-05	+2.822493E-05	+3.898471E-05	+5.068013E-05	+5.068013E-05	+3.898471E-05	+2.822493E-05	+1.840078E-05	+9.512270E-06	+1.559389E-06	-5.457860E-06	-1.153948E-05	-1.668546E-05	-2.089581E-05	-2.417052E-05	-2.650961E-05	-2.791305E-05	-2.838087E-05	-2.791305E-05	-2.650961E-05	-2.417052E-05	-2.089581E-05	-1.668546E-05	-1.153948E-05	-5.457860E-06	+1.559389E-06	+9.512270E-06	+1.840078E-05	+2.822493E-05	+3.898471E-05	+5.068013E-05	+5.068013E-05	+3.898471E-05	+2.822493E-05	+1.840078E-05	+9.512270E-06	+1.559389E-06	-5.457860E-06	-1.153948E-05	-1.668546E-05	-2.089581E-05	-2.417052E-05	-2.650961E-05	-2.791305E-05	-2.838087E-05	-2.791305E-05	-2.650961E-05	-2.417052E-05	-2.089581E-05	-1.668546E-05	-1.153948E-05	-5.457860E-06	+1.559389E-06	+9.512270E-06	+1.840078E-05	+2.822493E-05	+3.898471E-05	+5.068013E-05	+5.068013E-05	+3.898471E-05	+2.822493E-05	+1.840078E-05	+9.512270E-06	+1.559389E-06	-5.457860E-06	-1.153948E-05	-1.668546E-05	-2.089581E-05	-2.417052E-05	-2.650961E-05	-2.791305E-05	-2.838087E-05	-2.791305E-05	-2.650961E-05	-2.417052E-05	-2.089581E-05	-1.668546E-05	-1.153948E-05	-5.457860E-06	+1.559389E-06	+9.512270E-06	+1.840078E-05	+2.822493E-05	+3.898471E-05	+5.068013E-05	+5.068013E-05	+3.898471E-05	+2.822493E-05	+1.840078E-05	+9.512270E-06	+1.559389E-06	-5.457860E-06	-1.153948E-05	-1.668546E-05	-2.089581E-05	-2.417052E-05	-2.650961E-05	-2.791305E-05	-2.838087E-05	-2.791305E-05	-2.650961E-05	-2.417052E-05	-2.089581E-05	-1.668546E-05	-1.153948E-05	-5.457860E-06	+1.559389E-06	+9.512270E-06	+1.840078E-05	+2.822493E-05	+3.898471E-05	+5.068013E-05	+5.068013E-05	+3.898471E-05	+2.822493E-05	+1.840078E-05	+9.512270E-06	+1.559389E-06	-5.457860E-06	-1.153948E-05	-1.668546E-05	-2.089581E-05	-2.417052E-05	-2.650961E-05	-2.791305E-05	-2.838087E-05	-2.791305E-05	-2.650961E-05	-2.417052E-05	-2.089581E-05	-1.668546E-05	-1.153948E-05	-5.457860E-06	+1.559389E-06	+9.512270E-06	+1.840078E-05	+2.822493E-05	+3.898471E-05	+5.068013E-05	+5.068013E-05	+3.898471E-05	+2.822493E-05	+1.840078E-05	+9.512270E-06	+1.559389E-06	-5.457860E-06	-1.153948E-05	-1.668546E-05	-2.089581E-05	-2.417052E-05	-2.650961E-05	-2.791305E-05	-2.838087E-05	-2.791305E-05	-2.650961E-05	-2.417052E-05	-2.089581E-05	-1.668546E-05	-1.153948E-05	-5.457860E-06	+1.559389E-06	+9.512270E-06	+1.840078E-05	+2.822493E-05	+3.898471E-05	+5.068013E-05	+5.068013E-05	+3.898471E-05	+2.822493E-05	+1.840078E-05	+9.512270E-06	+1.559389E-06	-5.457860E-06	-1.153948E-05	-1.668546E-05	-2.089581E-05	-2.417052E-05	-2.650961E-05	-2.791305E-05	-2.838087E-05	-2.791305E-05	-2.650961E-05	-2.417052E-05	-2.089581E-05	-1.668546E-05	-1.153948E-05	-5.457860E-06	+1.559389E-06	+9.512270E-06	+1.840078E-05	+2.822493E-05	+3.898471E-05	+5.068013E-05	+5.068013E-05	+3.898471E-05	+2.822493E-05	+1.840078E-05	+9.512270E-06	+1.559389E-06	-5.457860E-06	-1.153948E-05	-1.668546E-05	-2.089581E-05	-2.417052E-05	-2.650961E-05	-2.791305E-05	-2.838087E-05	-2.791305E-05	-2.650961E-05	-2.417052E-05	-2.089581E-05	-1.668546E-05	-1.153948E-05	-5.457860E-06	+1.559389E-06	+9.512270E-06	+1.840078E-05	+2.822493E-05	+3.898471E-05	+5.068013E-05	+5.068013E-05	+3.898471E-05	+2.822493E-05	+1.840078E-05	+9.512270E-06	+1.559389E-06	-5.457860E-06	-1.153948E-05	-1.668546E-05	-2.089581E-05	-2.417052E-05	-2.650961E-05	-2.791305E-05	-2.838087E-05	-2.791305E-05	-2.650961E-05	-2.417052E-05	-2.089581E-05	-1.668546E-05	-1.153948E-05	-5.457860E-06	+1.559389E-06	+9.512270E-06	+1.840078E-05	+2.822493E-05	+3.898471E-05	+5.068013E-05	+5.068013E-05	+3.898471E-05	+2.822493E-05	+1.840078E-05	+9.512270E-06	+1.559389E-06	-5.457860E-06	-1.153948E-05	-1.668546E-05	-2.089581E-05	-2.417052E-05	-2.650961E-05	-2.791305E-05	-2.838087E-05	-2.791305E-05	-2.650961E-05	-2.417052E-05	-2.089581E-05	-1.668546E-05	-1.153948E-05	-5.457860E-06	+1.559389E-06	+9.512270E-06	+1.840078E-05	+2.822493E-05	+3.898471E-05	+5.068013E-05	+5.068013E-05	+3.898471E-05	+2.822493E-05	+1.840078E-05	+9.512270E-06	+1.559389E-06	-5.457860E-06	-1.153948E-05	-1.668546E-05	-2.089581E-05	-2.417052E-05	-2.650961E-05	-2.791305E-05	-2.838087E-05	-2.791305E-05	-2.650961E-05	-2.417052E-05	-2.089581E-05	-1.668546E-05	-1.153948E-05	-5.457860E-06	+1.559389E-06	+9.512270E-06	+1.840078E-05	+2.822493E-05	+3.898471E-05	+5.068013E-05	+5.068013E-05	+3.898471E-05	+2.822493E-05	+1.840078E-05	+9.512270E-06	+1.559389E-06	-5.457860E-06	-1.153948E-05	-1.668546E-05	-2.089581E-05	-2.417052E-05	-2.650961E-05	-2.791305E-05	-2.838087E-05	-2.791305E-05	-2.650961E-05	-2.417052E-05	-2.089581E-05	-1.668546E-05	-1.153948E-05	-5.457860E-06	+1.559389E-06	+9.512270E-06	+1.840078E-05	+2.822493E-05	+3.898471E-05	+5.068013E-05	+5.068013E-05	+3.898471E-05	+2.822493E-05	+1.840078E-05	+9.512270E-06	+1.559389E-06	-5.457860E-06	-1.153948E-05	-1.668546E-05	-2.089581E-05	-2.417052E-05	-2.650961E-05	-2.791305E-05	-2.838087E-05
	A	-7.883575E-06	-4.245002E-06	-1.334144E-06	+9.096433E-07	+2.547001E-06	+3.638573E-06	+4.245002E-06	+4.426931E-06	+4.245002E-06	+3.759859E-06	+3.032144E-06	+2.122501E-06	+1.091572E-06	+0.000000E+00	-1.091572E-06	-2.122501E-06	-3.032144E-06	-3.759859E-06	-4.245002E-06	-4.426931E-06	-4.245002E-06	-3.638573E-06	-2.547001E-06	-9.096433E-07	+1.334144E-06	+4.245002E-06	+7.883575E-06	-7.883575E-06	-4.245002E-06	-1.334144E-06	+9.096433E-07	+2.547001E-06	+3.638573E-06	+4.245002E-06	+4.426931E-06	+4.245002E-06	+3.759859E-06	+3.032144E-06	+2.122501E-06	+1.091572E-06	+0.000000E+00	-1.091572E-06	-2.122501E-06	-3.032144E-06	-3.759859E-06	-4.245002E-06	-4.426931E-06	-4.245002E-06	-3.638573E-06	-2.547001E-06	-9.096433E-07	+1.334144E-06	+4.245002E-06	+7.883575E-06	-7.883575E-06	-4.245002E-06	-1.334144E-06	+9.096433E-07	+2.547001E-06	+3.638573E-06	+4.245002E-06	+4.426931E-06	+4.245002E-06	+3.759859E-06	+3.032144E-06	+2.122501E-06	+1.091572E-06	+0.000000E+00	-1.091572E-06	-2.122501E-06	-3.032144E-06	-3.759859E-06	-4.245002E-06	-4.426931E-06	-4.245002E-06	-3.638573E-06	-2.547001E-06	-9.096433E-07	+1.334144E-06	+4.245002E-06	+7.883575E-06	-7.883575E-06	-4.245002E-06	-1.334144E-06	+9.096433E-07	+2.547001E-06	+3.638573E-06	+4.245002E-06	+4.426931E-06	+4.245002E-06	+3.759859E-06	+3.032144E-06	+2.122501E-06	+1.091572E-06	+0.000000E+00	-1.091572E-06	-2.122501E-06	-3.032144E-06	-3.759859E-06	-4.245002E-06	-4.426931E-06	-4.245002E-06	-3.638573E-06	-2.547001E-06	-9.096433E-07	+1.334144E-06	+4.245002E-06	+7.883575E-06	-7.883575E-06	-4.245002E-06	-1.334144E-06	+9.096433E-07	+2.547001E-06	+3.638573E-06	+4.245002E-06	+4.426931E-06	+4.245002E-06	+3.759859E-06	+3.032144E-06	+2.122501E-06	+1.091572E-06	+0.000000E+00	-1.091572E-06	-2.122501E-06	-3.032144E-06	-3.759859E-06	-4.245002E-06	-4.426931E-06	-4.245002E-06	-3.638573E-06	-2.547001E-06	-9.096433E-07	+1.334144E-06	+4.245002E-06	+7.883575E-06	-7.883575E-06	-4.245002E-06	-1.334144E-06	+9.096433E-07	+2.547001E-06	+3.638573E-06	+4.245002E-06	+4.426931E-06	+4.245002E-06	+3.759859E-06	+3.032144E-06	+2.122501E-06	+1.091572E-06	+0.000000E+00	-1.091572E-06	-2.122501E-06	-3.032144E-06	-3.759859E-06	-4.245002E-06	-4.426931E-06	-4.245002E-06	-3.638573E-06	-2.547001E-06	-9.096433E-07	+1.334144E-06	+4.245002E-06	+7.883575E-06	-7.883575E-06	-4.245002E-06	-1.334144E-06	+9.096433E-07	+2.547001E-06	+3.638573E-06	+4.245002E-06	+4.426931E-06	+4.245002E-06	+3.759859E-06	+3.032144E-06	+2.122501E-06	+1.091572E-06	+0.000000E+00	-1.091572E-06	-2.122501E-06	-3.032144E-06	-3.759859E-06	-4.245002E-06	-4.426931E-06	-4.245002E-06	-3.638573E-06	-2.547001E-06	-9.096433E-07	+1.334144E-06	+4.245002E-06	+7.883575E-06	-7.883575E-06	-4.245002E-06	-1.334144E-06	+9.096433E-07	+2.547001E-06	+3.638573E-06	+4.245002E-06	+4.426931E-06	+4.245002E-06	+3.759859E-06	+3.032144E-06	+2.122501E-06	+1.091572E-06	+0.000000E+00	-1.091572E-06	-2.122501E-06	-3.032144E-06	-3.759859E-06	-4.245002E-06	-4.426931E-06	-4.245002E-06	-3.638573E-06	-2.547001E-06	-9.096433E-07	+1.334144E-06	+4.245002E-06	+7.883575E-06	-7.883575E-06	-4.245002E-06	-1.334144E-06	+9.096433E-07	+2.547001E-06	+3.638573E-06	+4.245002E-06	+4.426931E-06	+4.245002E-06	+3.759859E-06	+3.032144E-06	+2.122501E-06	+1.091572E-06	+0.000000E+00	-1.091572E-06	-2.122501E-06	-3.032144E-06	-3.759859E-06	-4.245002E-06	-4.426931E-06	-4.245002E-06	-3.638573E-06	-2.547001E-06	-9.096433E-07	+1.334144E-06	+4.245002E-06	+7.883575E-06	-7.883575E-06	-4.245002E-06	-1.334144E-06	+9.096433E-07	+2.547001E-06	+3.638573E-06	+4.245002E-06	+4.426931E-06	+4.245002E-06	+3.759859E-06	+3.032144E-06	+2.122501E-06	+1.091572E-06	+0.000000E+00	-1.091572E-06	-2.122501E-06	-3.032144E-06	-3.759859E-06	-4.245002E-06	-4.426931E-06	-4.245002E-06	-3.638573E-06	-2.547001E-06	-9.096433E-07	+1.334144E-06	+4.245002E-06	+7.883575E-06	-7.883575E-06	-4.245002E-06	-1.334144E-06	+9.096433E-07	+2.547001E-06	+3.638573E-06	+4.245002E-06	+4.426931E-06	+4.245002E-06	+3.759859E-06	+3.032144E-06	+2.122501E-06	+1.091572E-06	+0.000000E+00	-1.091572E-06	-2.122501E-06	-3.032144E-06	-3.759859E-06	-4.245002E-06	-4.426931E-06	-4.245002E-06	-3.638573E-06	-2.547001E-06	-9.096433E-07	+1.334144E-06	+4.245002E-06	+7.883575E-06	-7.883575E-06	-4.245002E-06	-1.334144E-06	+9.096433E-07	+2.547001E-06	+3.638573E-06	+4.245002E-06	+4.426931E-06	+4.245002E-06	+3.759859E-06	+3.032144E-06	+2.122501E-06	+1.091572E-06	+0.000000E+00	-1.091572E-06	-2.122501E-06	-3.032144E-06	-3.759859E-06	-4.245002E-06	-4.426931E-06	-4.245002E-06	-3.638573E-06	-2.547001E-06	-9.096433E-07	+1.334144E-06	+4.245002E-06	+7.883575E-06	-7.883575E-06	-4.245002E-06	-1.334144E-06	+9.096433E-07	+2.547001E-06	+3.638573E-06	+4.245002E-06	+4.426931E-06	+4.245002E-06	+3.759859E-06	+3.032144E-06	+2.122501E-06	+1.091572E-06	+0.000000E+00	-1.091572E-06	-2.122501E-06	-3.032144E-06	-3.759859E-06	-4.245002E-06	-4.426931E-06	-4.245002E-06	-3.638573E-06	-2.547001E-06	-9.096433E-07	+1.334144E-06	+4.245002E-06	+7.883575E-06	-7.883575E-06	-4.245002E-06	-1.334144E-06	+9.096433E-07	+2.547001E-06	+3.638573E-06	+4.245002E-06	+4.426931E-06	+4.245002E-06	+3.759859E-06	+3.032144E-06	+2.122501E-06	+1.091572E-06	+0.000000E+00
	A	+3.648969E-04	+2.128565E-04	+7.297938E-05	-5.473454E-05	-1.702852E-04	-2.736727E-04	-3.648969E-04	-4.439579E-04	-5.108557E-04	-5.655902E-04	-6.081615E-04	-6.385696E-04	-6.568144E-04	-6.628961E-04	-6.568144E-04	-6.385696E-04	-6.081615E-04	-5.655902E-04	-5.108557E-04	-4.439579E-04	-3.648969E-04	-2.736727E-04	-1.702852E-04	-5.473454E-05	+7.297938E-05	+2.128565E-04	+3.648969E-04	+3.368279E-04	+1.964830E-04	+6.736558E-05	-5.052419E-05	-1.571864E-04	-2.526209E-04	-3.368279E-04	-4.098073E-04	-4.715591E-04	-5.220833E-04	-5.613799E-04	-5.894489E-04	-6.062903E-04	-6.119041E-04	-6.062903E-04	-5.894489E-04	-5.613799E-04	-5.220833E-04	-4.715591E-04	-4.098073E-04	-3.368279E-04	-2.526209E-04	-1.571864E-04	-5.052419E-05	+6.736558E-05	+1.964830E-04	+3.368279E-04	+3.087589E-04	+1.801094E-04	+6.175179E-05	-4.631384E-05	-1.440875E-04	-2.315692E-04	-3.087589E-04	-3.756567E-04	-4.322625E-04	-4.785763E-04	-5.145982E-04	-5.403281E-04	-5.557661E-04	-5.609121E-04	-5.557661E-04	-5.403281E-04	-5.145982E-04	-4.785763E-04	-4.322625E-04	-3.756567E-04	-3.087589E-04	-2.315692E-04	-1.440875E-04	-4.631384E-05	+6.175179E-05	+1.801094E-04	+3.087589E-04	+2.806899E-04	+1.637358E-04	+5.613799E-05	-4.210349E-05	-1.309886E-04	-2.105175E-04	-2.806899E-04	-3.415061E-04	-3.929659E-04	-4.350694E-04	-4.678166E-04	-4.912074E-04	-5.052419E-04	-5.099201E-04	-5.052419E-04	-4.912074E-04	-4.678166E-04	-4.350694E-04	-3.929659E-04	-3.415061E-04	-2.806899E-04	-2.105175E-04	-1.309886E-04	-4.210349E-05	+5.613799E-05	+1.637358E-04	+2.806899E-04	+2.526209E-04	+1.473622E-04	+5.052419E-05	-3.789314E-05	-1.178898E-04	-1.894657E-04	-2.526209E-04	-3.073555E-04	-3.536693E-04	-3.915625E-04	-4.210349E-04	-4.420866E-04	-4.547177E-04	-4.589280E-04	-4.547177E-04	-4.420866E-04	-4.210349E-04	-3.915625E-04	-3.536693E-04	-3.073555E-04	-2.526209E-04	-1.894657E-04	-1.178898E-04	-3.789314E-05	+5.052419E-05	+1.473622E-04	+2.526209E-04	+2.245519E-04	+1.309886E-04	+4.491039E-05	-3.368279E-05	-1.047909E-04	-1.684140E-04	-2.245519E-04	-2.732049E-04	-3.143727E-04	-3.480555E-04	-3.742532E-04	-3.929659E-04	-4.041935E-04	-4.079360E-04	-4.041935E-04	-3.929659E-04	-3.742532E-04	-3.480555E-04	-3.143727E-04	-2.732049E-04	-2.245519E-04	-1.684140E-04	-1.047909E-04	-3.368279E-05	+4.491039E-05	+1.309886E-04	+2.245519E-04	+1.964830E-04	+1.146151E-04	+3.929659E-05	-2.947244E-05	-9.169205E-05	-1.473622E-04	-1.964830E-04	-2.390543E-04	-2.750761E-04	-3.045486E-04	-3.274716E-04	-3.438452E-04	-3.536693E-04	-3.569440E-04	-3.536693E-04	-3.438452E-04	-3.274716E-04	-3.045486E-04	-2.750761E-04	-2.390543E-04	-1.964830E-04	-1.473622E-04	-9.169205E-05	-2.947244E-05	+3.929659E-05	+1.146151E-04	+1.964830E-04	+1.684140E-04	+9.824148E-05	+3.368279E-05	-2.526209E-05	-7.859318E-05	-1.263105E-04	-1.684140E-04	-2.049037E-04	-2.357795E-04	-2.610416E-04	-2.806899E-04	-2.947244E-04	-3.031451E-04	-3.059520E-04	-3.031451E-04	-2.947244E-04	-2.806899E-04	-2.610416E-04	-2.357795E-04	-2.049037E-04	-1.684140E-04	-1.263105E-04	-7.859318E-05	-2.526209E-05	+3.368279E-05	+9.824148E-05	+1.684140E-04	+1.403450E-04	+8.186790E-05	+2.806899E-05	-2.105175E-05	-6.549432E-05	-1.052587E-04	-1.403450E-04	-1.707530E-04	-1.964830E-04	-2.175347E-04	-2.339083E-04	-2.456037E-04	-2.526209E-04	-2.549600E-04	-2.526209E-04	-2.456037E-04	-2.339083E-04	-2.175347E-04	-1.964830E-04	-1.707530E-04	-1.403450E-04	-1.052587E-04	-6.549432E-05	-2.105175E-05	+2.806899E-05	+8.186790E-05	+1.403450E-04	+1.122760E-04	+6.549432E-05	+2.245519E-05	-1.684140E-05	-5.239545E-05	-8.420698E-05	-1.122760E-04	-1.366024E-04	-1.571864E-04	-1.740278E-04	-1.871266E-04	-1.964830E-04	-2.020968E-04	-2.039680E-04	-2.020968E-04	-1.964830E-04	-1.871266E-04	-1.740278E-04	-1.571864E-04	-1.366024E-04	-1.122760E-04	-8.420698E-05	-5.239545E-05	-1.684140E-05	+2.245519E-05	+6.549432E-05	+1.122760E-04	+8.420698E-05	+4.912074E-05	+1.684140E-05	-1.263105E-05	-3.929659E-05	-6.315524E-05	-8.420698E-05	-1.024518E-04	-1.178898E-04	-1.305208E-04	-1.403450E-04	-1.473622E-04	-1.515726E-04	-1.529760E-04	-1.515726E-04	-1.473622E-04	-1.403450E-04	-1.305208E-04	-1.178898E-04	-1.024518E-04	-8.420698E-05	-6.315524E-05	-3.929659E-05	-1.263105E-05	+1.684140E-05	+4.912074E-05	+8.420698E-05	+5.613799E-05	+3.274716E-05	+1.122760E-05	-8.420698E-06	-2.619773E-05	-4.210349E-05	-5.613799E-05	-6.830122E-05	-7.859318E-05	-8.701388E-05	-9.356331E-05	-9.824148E-05	-1.010484E-04	-1.019840E-04	-1.010484E-04	-9.824148E-05	-9.356331E-05	-8.701388E-05	-7.859318E-05	-6.830122E-05	-5.613799E-05	-4.210349E-05	-2.619773E-05	-8.420698E-06	+1.122760E-05	+3.274716E-05	+5.613799E-05	+2.806899E-05	+1.637358E-05	+5.613799E-06	-4.210349E-06	-1.309886E-05	-2.105175E-05	-2.806899E-05	-3.415061E-05	-3.929659E-05	-4.350694E-05	-4.678166E-05	-4.912074E-05	-5.052419E-05	-5.099201E-05	-5.052419E-05	-4.912074E-05	-4.678166E-05	-4.350694E-05	-3.929659E-05	-3.415061E-05	-2.806899E-05	-2.105175E-05	-1.309886E-05	-4.210349E-06	+5.613799E-06	+1.637358E-05	+2.806899E-05	+0.000000E+00	+0.000000E+00	+0.000000E+00	+0.000000E+00	+0.000000E+00	+0.000000E+00	+0.000000E+00	+0.000000E+00	+0.000000E+00	+0.000000E+00	+0.000000E+00	+0.000000E+00	+0.000000E+00	+0.000000E+00
	S	-1.211496E-04	-4.100821E-05	+2.213589E-05	+6.969910E-05	+1.030979E-04	+1.237486E-04	+1.330678E-04	+1.324719E-04	+1.233773E-04	+1.072005E-04	+8.535796E-05	+5.926605E-05	+3.034125E-05	+0.000000E+00	-3.034125E-05	-5.926605E-05	-8.535796E-05	-1.072005E-04	-1.233773E-04	-1.324719E-04	-1.330678E-04	-1.237486E-04	-1.030979E-04	-6.969910E-05	-2.213589E-05	+4.100821E-05	+1.211496E-04	-1.118304E-04	-3.785373E-05	+2.043313E-05	+6.433763E-05	+9.516725E-05	+1.142295E-04	+1.228318E-04	+1.222818E-04	+1.138868E-04	+9.895434E-05	+7.879196E-05	+5.470712E-05	+2.800730E-05	+0.000000E+00	-2.800730E-05	-5.470712E-05	-7.879196E-05	-9.895434E-05	-1.138868E-04	-1.222818E-04	-1.228318E-04	-1.142295E-04	-9.516725E-05	-6.433763E-05	-2.043313E-05	+3.785373E-05	+1.118304E-04	-1.025112E-04	-3.469925E-05	+1.873037E-05	+5.897616E-05	+8.723665E-05	+1.047104E-04	+1.125958E-04	+1.120916E-04	+1.043962E-04	+9.070815E-05	+7.222596E-05	+5.014819E-05	+2.567336E-05	+0.000000E+00	-2.567336E-05	-5.014819E-05	-7.222596E-05	-9.070815E-05	-1.043962E-04	-1.120916E-04	-1.125958E-04	-1.047104E-04	-8.723665E-05	-5.897616E-05	-1.873037E-05	+3.469925E-05	+1.025112E-04	-9.319203E-05	-3.154477E-05	+1.702761E-05	+5.361469E-05	+7.930605E-05	+9.519125E-05	+1.023599E-04	+1.019015E-04	+9.490564E-05	+8.246195E-05	+6.565997E-05	+4.558927E-05	+2.333942E-05	+0.000000E+00	-2.333942E-05	-4.558927E-05	-6.565997E-05	-8.246195E-05	-9.490564E-05	-1.019015E-04	-1.023599E-04	-9.519125E-05	-7.930605E-05	-5.361469E-05	-1.702761E-05	+3.154477E-05	+9.319203E-05	-8.387283E-05	-2.839030E-05	+1.532485E-05	+4.825322E-05	+7.137544E-05	+8.567212E-05	+9.212388E-05	+9.171132E-05	+8.541508E-05	+7.421576E-05	+5.909397E-05	+4.103034E-05	+2.100548E-05	+0.000000E+00	-2.100548E-05	-4.103034E-05	-5.909397E-05	-7.421576E-05	-8.541508E-05	-9.171132E-05	-9.212388E-05	-8.567212E-05	-7.137544E-05	-4.825322E-05	-1.532485E-05	+2.839030E-05	+8.387283E-05	-7.455362E-05	-2.523582E-05	+1.362209E-05	+4.289175E-05	+6.344484E-05	+7.615300E-05	+8.188789E-05	+8.152118E-05	+7.592451E-05	+6.596956E-05	+5.252797E-05	+3.647141E-05	+1.867154E-05	+0.000000E+00	-1.867154E-05	-3.647141E-05	-5.252797E-05	-6.596956E-05	-7.592451E-05	-8.152118E-05	-8.188789E-05	-7.615300E-05	-6.344484E-05	-4.289175E-05	-1.362209E-05	+2.523582E-05	+7.455362E-05	-6.523442E-05	-2.208134E-05	+1.191933E-05	+3.753028E-05	+5.551423E-05	+6.663387E-05	+7.165190E-05	+7.133103E-05	+6.643395E-05	+5.772337E-05	+4.596198E-05	+3.191249E-05	+1.633759E-05	+0.000000E+00	-1.633759E-05	-3.191249E-05	-4.596198E-05	-5.772337E-05	-6.643395E-05	-7.133103E-05	-7.165190E-05	-6.663387E-05	-5.551423E-05	-3.753028E-05	-1.191933E-05	+2.208134E-05	+6.523442E-05	-5.591522E-05	-1.892686E-05	+1.021657E-05	+3.216881E-05	+4.758363E-05	+5.711475E-05	+6.141592E-05	+6.114088E-05	+5.694339E-05	+4.947717E-05	+3.939598E-05	+2.735356E-05	+1.400365E-05	+0.000000E+00	-1.400365E-05	-2.735356E-05	-3.939598E-05	-4.947717E-05	-5.694339E-05	-6.114088E-05	-6.141592E-05	-5.711475E-05	-4.758363E-05	-3.216881E-05	-1.021657E-05	+1.892686E-05	+5.591522E-05	-4.659601E-05	-1.577239E-05	+8.513804E-06	+2.680735E-05	+3.965302E-05	+4.759562E-05	+5.117993E-05	+5.095074E-05	+4.745282E-05	+4.123098E-05	+3.282998E-05	+2.279463E-05	+1.166971E-05	+0.000000E+00	-1.166971E-05	-2.279463E-05	-3.282998E-05	-4.123098E-05	-4.745282E-05	-5.095074E-05	-5.117993E-05	-4.759562E-05	-3.965302E-05	-2.680735E-05	-8.513804E-06	+1.577239E-05	+4.659601E-05	-3.727681E-05	-1.261791E-05	+6.811044E-06	+2.144588E-05	+3.172242E-05	+3.807650E-05	+4.094395E-05	+4.076059E-05	+3.796226E-05	+3.298478E-05	+2.626399E-05	+1.823571E-05	+9.335768E-06	+0.000000E+00	-9.335768E-06	-1.823571E-05	-2.626399E-05	-3.298478E-05	-3.796226E-05	-4.076059E-05	-4.094395E-05	-3.807650E-05	-3.172242E-05	-2.144588E-05	-6.811044E-06	+1.261791E-05	+3.727681E-05	-2.795761E-05	-9.463432E-06	+5.108283E-06	+1.608441E-05	+2.379181E-05	+2.855737E-05	+3.070796E-05	+3.057044E-05	+2.847169E-05	+2.473859E-05	+1.969799E-05	+1.367678E-05	+7.001826E-06	+0.000000E+00	-7.001826E-06	-1.367678E-05	-1.969799E-05	-2.473859E-05	-2.847169E-05	-3.057044E-05	-3.070796E-05	-2.855737E-05	-2.379181E-05	-1.608441E-05	-5.108283E-06	+9.463432E-06	+2.795761E-05	-1.863841E-05	-6.308955E-06	+3.405522E-06	+1.072294E-05	+1.586121E-05	+1.903825E-05	+2.047197E-05	+2.038029E-05	+1.898113E-05	+1.649239E-05	+1.313199E-05	+9.117853E-06	+4.667884E-06	+0.000000E+00	-4.667884E-06	-9.117853E-06	-1.313199E-05	-1.649239E-05	-1.898113E-05	-2.038029E-05	-2.047197E-05	-1.903825E-05	-1.586121E-05	-1.072294E-05	-3.405522E-06	+6.308955E-06	+1.863841E-05	-9.319203E-06	-3.154477E-06	+1.702761E-06	+5.361469E-06	+7.930605E-06	+9.519125E-06	+1.023599E-05	+1.019015E-05	+9.490564E-06	+8.246195E-06	+6.565997E-06	+4.558927E-06	+2.333942E-06	+0.000000E+00	-2.333942E-06	-4.558927E-06	-6.565997E-06	-8.246195E-06	-9.490564E-06	-1.019015E-05	-1.023599E-05	-9.519125E-06	-7.930605E-06	-5.361469E-06	-1.702761E-06	+3.154477E-06	+9.319203E-06	+0.000000E+00	+0.000000E+00	+0.000000E+00	+0.000000E+00	+0.000000E+00	+0.000000E+00	+0.000000E+00	+0.000000E+00	+0.000000E+00	+0.000000E+00	+0.000000E+00	+0.000000E+00	+0.000000E+00	+0.000000E+00
	A	-1.086003E-05	-8.353867E-06	-6.048200E-06	-3.943025E-06	-2.038344E-06	-3.341547E-07	+1.169541E-06	+2.472745E-06	+3.575455E-06	+4.477673E-06	+5.179398E-06	+5.680630E-06	+5.981369E-06	+6.081615E-06	+5.981369E-06	+5.680630E-06	+5.179398E-06	+4.477673E-06	+3.575455E-06	+2.472745E-06	+1.169541E-06	-3.341547E-07	-2.038344E-06	-3.943025E-06	-6.048200E-06	-8.353867E-06	-1.086003E-05	-1.002464E-05	-7.711262E-06	-5.582954E-06	-3.639716E-06	-1.881548E-06	-3.084505E-07	+1.079577E-06	+2.282534E-06	+3.300420E-06	+4.133236E-06	+4.780982E-06	+5.243658E-06	+5.521264E-06	+5.613799E-06	+5.521264E-06	+5.243658E-06	+4.780982E-06	+4.133236E-06	+3.300420E-06	+2.282534E-06	+1.079577E-06	-3.084505E-07	-1.881548E-06	-3.639716E-06	-5.582954E-06	-7.711262E-06	-1.002464E-05	-9.189254E-06	-7.068657E-06	-5.117708E-06	-3.336406E-06	-1.724752E-06	-2.827463E-07	+9.896120E-07	+2.092322E-06	+3.025385E-06	+3.788800E-06	+4.382567E-06	+4.806687E-06	+5.061158E-06	+5.145982E-06	+5.061158E-06	+4.806687E-06	+4.382567E-06	+3.788800E-06	+3.025385E-06	+2.092322E-06	+9.896120E-07	-2.827463E-07	-1.724752E-06	-3.336406E-06	-5.117708E-06	-7.068657E-06	-9.189254E-06	-8.353867E-06	-6.426052E-06	-4.652461E-06	-3.033096E-06	-1.567957E-06	-2.570421E-07	+8.996472E-07	+1.902111E-06	+2.750350E-06	+3.444364E-06	+3.984152E-06	+4.369715E-06	+4.601053E-06	+4.678166E-06	+4.601053E-06	+4.369715E-06	+3.984152E-06	+3.444364E-06	+2.750350E-06	+1.902111E-06	+8.996472E-07	-2.570421E-07	-1.567957E-06	-3.033096E-06	-4.652461E-06	-6.426052E-06	-8.353867E-06	-7.518480E-06	-5.783446E-06	-4.187215E-06	-2.729787E-06	-1.411161E-06	-2.313379E-07	+8.096825E-07	+1.711900E-06	+2.475315E-06	+3.099927E-06	+3.585737E-06	+3.932744E-06	+4.140948E-06	+4.210349E-06	+4.140948E-06	+3.932744E-06	+3.585737E-06	+3.099927E-06	+2.475315E-06	+1.711900E-06	+8.096825E-07	-2.313379E-07	-1.411161E-06	-2.729787E-06	-4.187215E-06	-5.783446E-06	-7.518480E-06	-6.683094E-06	-5.140841E-06	-3.721969E-06	-2.426477E-06	-1.254365E-06	-2.056337E-07	+7.197178E-07	+1.521689E-06	+2.200280E-06	+2.755491E-06	+3.187322E-06	+3.495772E-06	+3.680842E-06	+3.742532E-06	+3.680842E-06	+3.495772E-06	+3.187322E-06	+2.755491E-06	+2.200280E-06	+1.521689E-06	+7.197178E-07	-2.056337E-07	-1.254365E-06	-2.426477E-06	-3.721969E-06	-5.140841E-06	-6.683094E-06	-5.847707E-06	-4.498236E-06	-3.256723E-06	-2.123167E-06	-1.097570E-06	-1.799294E-07	+6.297531E-07	+1.331478E-06	+1.925245E-06	+2.411055E-06	+2.788906E-06	+3.058801E-06	+3.220737E-06	+3.274716E-06	+3.220737E-06	+3.058801E-06	+2.788906E-06	+2.411055E-06	+1.925245E-06	+1.331478E-06	+6.297531E-07	-1.799294E-07	-1.097570E-06	-2.123167E-06	-3.256723E-06	-4.498236E-06	-5.847707E-06	-5.012320E-06	-3.855631E-06	-2.791477E-06	-1.819858E-06	-9.407740E-07	-1.542252E-07	+5.397883E-07	+1.141267E-06	+1.650210E-06	+2.066618E-06	+2.390491E-06	+2.621829E-06	+2.760632E-06	+2.806899E-06	+2.760632E-06	+2.621829E-06	+2.390491E-06	+2.066618E-06	+1.650210E-06	+1.141267E-06	+5.397883E-07	-1.542252E-07	-9.407740E-07	-1.819858E-06	-2.791477E-06	-3.855631E-06	-5.012320E-06	-4.176934E-06	-3.213026E-06	-2.326231E-06	-1.516548E-06	-7.839783E-07	-1.285210E-07	+4.498236E-07	+9.510556E-07	+1.375175E-06	+1.722182E-06	+1.992076E-06	+2.184858E-06	+2.300526E-06	+2.339083E-06	+2.300526E-06	+2.184858E-06	+1.992076E-06	+1.722182E-06	+1.375175E-06	+9.510556E-07	+4.498236E-07	-1.285210E-07	-7.839783E-07	-1.516548E-06	-2.326231E-06	-3.213026E-06	-4.176934E-06	-3.341547E-06	-2.570421E-06	-1.860985E-06	-1.213239E-06	-6.271826E-07	-1.028168E-07	+3.598589E-07	+7.608445E-07	+1.100140E-06	+1.377745E-06	+1.593661E-06	+1.747886E-06	+1.840421E-06	+1.871266E-06	+1.840421E-06	+1.747886E-06	+1.593661E-06	+1.377745E-06	+1.100140E-06	+7.608445E-07	+3.598589E-07	-1.028168E-07	-6.271826E-07	-1.213239E-06	-1.860985E-06	-2.570421E-06	-3.341547E-06	-2.506160E-06	-1.927815E-06	-1.395738E-06	-9.099289E-07	-4.703870E-07	-7.711262E-08	+2.698942E-07	+5.706334E-07	+8.251050E-07	+1.033309E-06	+1.195246E-06	+1.310915E-06	+1.380316E-06	+1.403450E-06	+1.380316E-06	+1.310915E-06	+1.195246E-06	+1.033309E-06	+8.251050E-07	+5.706334E-07	+2.698942E-07	-7.711262E-08	-4.703870E-07	-9.099289E-07	-1.395738E-06	-1.927815E-06	-2.506160E-06	-1.670773E-06	-1.285210E-06	-9.304923E-07	-6.066193E-07	-3.135913E-07	-5.140841E-08	+1.799294E-07	+3.804223E-07	+5.500700E-07	+6.888727E-07	+7.968304E-07	+8.739430E-07	+9.202106E-07	+9.356331E-07	+9.202106E-07	+8.739430E-07	+7.968304E-07	+6.888727E-07	+5.500700E-07	+3.804223E-07	+1.799294E-07	-5.140841E-08	-3.135913E-07	-6.066193E-07	-9.304923E-07	-1.285210E-06	-1.670773E-06	-8.353867E-07	-6.426052E-07	-4.652461E-07	-3.033096E-07	-1.567957E-07	-2.570421E-08	+8.996472E-08	+1.902111E-07	+2.750350E-07	+3.444364E-07	+3.984152E-07	+4.369715E-07	+4.601053E-07	+4.678166E-07	+4.601053E-07	+4.369715E-07	+3.984152E-07	+3.444364E-07	+2.750350E-07	+1.902111E-07	+8.996472E-08	-2.570421E-08	-1.567957E-07	-3.033096E-07	-4.652461E-07	-6.426052E-07	-8.353867E-07	+0.000000E+00	+0.000000E+00	+0.000000E+00	+0.000000E+00	+0.000000E+00	+0.000000E+00	+0.000000E+00	+0.000000E+00	+0.000000E+00	+0.000000E+00	+0.000000E+00	+0.000000E+00	+0.000000E+00	+0.000000E+00
	S	+1.689338E-06	+9.096433E-07	+2.858879E-07	-1.949236E-07	-5.457860E-07	-7.796943E-07	-9.096433E-07	-9.486280E-07	-9.096433E-07	-8.056841E-07	-6.497452E-07	-4.548217E-07	-2.339083E-07	+0.000000E+00	+2.339083E-07	+4.548217E-07	+6.497452E-07	+8.056841E-07	+9.096433E-07	+9.486280E-07	+9.096433E-07	+7.796943E-07	+5.457860E-07	+1.949236E-07	-2.858879E-07	-9.096433E-07	-1.689338E-06	+1.559389E-06	+8.396707E-07	+2.638965E-07	-1.799294E-07	-5.038024E-07	-7.197178E-07	-8.396707E-07	-8.756566E-07	-8.396707E-07	-7.437084E-07	-5.997648E-07	-4.198354E-07	-2.159153E-07	+0.000000E+00	+2.159153E-07	+4.198354E-07	+5.997648E-07	+7.437084E-07	+8.396707E-07	+8.756566E-07	+8.396707E-07	+7.197178E-07	+5.038024E-07	+1.799294E-07	-2.638965E-07	-8.396707E-07	-1.559389E-06	+1.429439E-06	+7.696982E-07	+2.419051E-07	-1.649353E-07	-4.618189E-07	-6.597413E-07	-7.696982E-07	-8.026853E-07	-7.696982E-07	-6.817327E-07	-5.497844E-07	-3.848491E-07	-1.979224E-07	+0.000000E+00	+1.979224E-07	+3.848491E-07	+5.497844E-07	+6.817327E-07	+7.696982E-07	+8.026853E-07	+7.696982E-07	+6.597413E-07	+4.618189E-07	+1.649353E-07	-2.419051E-07	-7.696982E-07	-1.429439E-06	+1.299490E-06	+6.997256E-07	+2.199138E-07	-1.499412E-07	-4.198354E-07	-5.997648E-07	-6.997256E-07	-7.297139E-07	-6.997256E-07	-6.197570E-07	-4.998040E-07	-3.498628E-07	-1.799294E-07	+0.000000E+00	+1.799294E-07	+3.498628E-07	+4.998040E-07	+6.197570E-07	+6.997256E-07	+7.297139E-07	+6.997256E-07	+5.997648E-07	+4.198354E-07	+1.499412E-07	-2.199138E-07	-6.997256E-07	-1.299490E-06	+1.169541E-06	+6.297531E-07	+1.979224E-07	-1.349471E-07	-3.778518E-07	-5.397883E-07	-6.297531E-07	-6.567425E-07	-6.297531E-07	-5.577813E-07	-4.498236E-07	-3.148765E-07	-1.619365E-07	+0.000000E+00	+1.619365E-07	+3.148765E-07	+4.498236E-07	+5.577813E-07	+6.297531E-07	+6.567425E-07	+6.297531E-07	+5.397883E-07	+3.778518E-07	+1.349471E-07	-1.979224E-07	-6.297531E-07	-1.169541E-06	+1.039592E-06	+5.597805E-07	+1.759310E-07	-1.199530E-07	-3.358683E-07	-4.798119E-07	-5.597805E-07	-5.837711E-07	-5.597805E-07	-4.958056E-07	-3.998432E-07	-2.798902E-07	-1.439436E-07	+0.000000E+00	+1.439436E-07	+2.798902E-07	+3.998432E-07	+4.958056E-07	+5.597805E-07	+5.837711E-07	+5.597805E-07	+4.798119E-07	+3.358683E-07	+1.199530E-07	-1.759310E-07	-5.597805E-07	-1.039592E-06	+9.096433E-07	+4.898079E-07	+1.539396E-07	-1.049588E-07	-2.938848E-07	-4.198354E-07	-4.898079E-07	-5.107997E-07	-4.898079E-07	-4.338299E-07	-3.498628E-07	-2.449040E-07	-1.259506E-07	+0.000000E+00	+1.259506E-07	+2.449040E-07	+3.498628E-07	+4.338299E-07	+4.898079E-07	+5.107997E-07	+4.898079E-07	+4.198354E-07	+2.938848E-07	+1.049588E-07	-1.539396E-07	-4.898079E-07	-9.096433E-07	+7.796943E-07	+4.198354E-07	+1.319483E-07	-8.996472E-08	-2.519012E-07	-3.598589E-07	-4.198354E-07	-4.378283E-07	-4.198354E-07	-3.718542E-07	-2.998824E-07	-2.099177E-07	-1.079577E-07	+0.000000E+00	+1.079577E-07	+2.099177E-07	+2.998824E-07	+3.718542E-07	+4.198354E-07	+4.378283E-07	+4.198354E-07	+3.598589E-07	+2.519012E-07	+8.996472E-08	-1.319483E-07	-4.198354E-07	-7.796943E-07	+6.497452E-07	+3.498628E-07	+1.099569E-07	-7.497060E-08	-2.099177E-07	-2.998824E-07	-3.498628E-07	-3.648569E-07	-3.498628E-07	-3.098785E-07	-2.499020E-07	-1.749314E-07	-8.996472E-08	+0.000000E+00	+8.996472E-08	+1.749314E-07	+2.499020E-07	+3.098785E-07	+3.498628E-07	+3.648569E-07	+3.498628E-07	+2.998824E-07	+2.099177E-07	+7.497060E-08	-1.099569E-07	-3.498628E-07	-6.497452E-07	+5.197962E-07	+2.798902E-07	+8.796551E-08	-5.997648E-08	-1.679341E-07	-2.399059E-07	-2.798902E-07	-2.918855E-07	-2.798902E-07	-2.479028E-07	-1.999216E-07	-1.399451E-07	-7.197178E-08	+0.000000E+00	+7.197178E-08	+1.399451E-07	+1.999216E-07	+2.479028E-07	+2.798902E-07	+2.918855E-07	+2.798902E-07	+2.399059E-07	+1.679341E-07	+5.997648E-08	-8.796551E-08	-2.798902E-07	-5.197962E-07	+3.898471E-07	+2.099177E-07	+6.597413E-08	-4.498236E-08	-1.259506E-07	-1.799294E-07	-2.099177E-07	-2.189142E-07	-2.099177E-07	-1.859271E-07	-1.499412E-07	-1.049588E-07	-5.397883E-08	+0.000000E+00	+5.397883E-08	+1.049588E-07	+1.499412E-07	+1.859271E-07	+2.099177E-07	+2.189142E-07	+2.099177E-07	+1.799294E-07	+1.259506E-07	+4.498236E-08	-6.597413E-08	-2.099177E-07	-3.898471E-07	+2.598981E-07	+1.399451E-07	+4.398275E-08	-2.998824E-08	-8.396707E-08	-1.199530E-07	-1.399451E-07	-1.459428E-07	-1.399451E-07	-1.239514E-07	-9.996080E-08	-6.997256E-08	-3.598589E-08	+0.000000E+00	+3.598589E-08	+6.997256E-08	+9.996080E-08	+1.239514E-07	+1.399451E-07	+1.459428E-07	+1.399451E-07	+1.199530E-07	+8.396707E-08	+2.998824E-08	-4.398275E-08	-1.399451E-07	-2.598981E-07	+1.299490E-07	+6.997256E-08	+2.199138E-08	-1.499412E-08	-4.198354E-08	-5.997648E-08	-6.997256E-08	-7.297139E-08	-6.997256E-08	-6.197570E-08	-4.998040E-08	-3.498628E-08	-1.799294E-08	+0.000000E+00	+1.799294E-08	+3.498628E-08	+4.998040E-08	+6.197570E-08	+6.997256E-08	+7.297139E-08	+6.997256E-08	+5.997648E-08	+4.198354E-08	+1.499412E-08	-2.199138E-08	-6.997256E-08	-1.299490E-07	+0.000000E+00	+0.000000E+00	+0.000000E+00	+0.000000E+00	+0.000000E+00	+0.000000E+00	+0.000000E+00	+0.000000E+00	+0.000000E+00	+0.000000E+00	+0.000000E+00	+0.000000E+00	+0.000000E+00	+0.000000E+00
# Matrix ends.
#
#
# ---------------------------------- LICENSE NOTICE -----------------------------------
# THIS DATA IS RELEASED UNDER THE CREATIVE COMMONS LICENSE "CC BY-NC-SA 4.0".
#   This license lets you remix, tweak, and build upon this work non-commercially,
#   as long as you credit me and license your new creations under the terms identical
#   to the current license.
# SEE "https://creativecommons.org/licenses/by-nc-sa/4.0" FOR DETAILS.
#
# RELEASED BY: Chandra Shekhar
#      E-mail: chandraiitk[AT]yahoo[DOT]co[DOT]in
#    Homepage: https://sites.google.com/site/chandraacads
# FOR ANY QUESTION OR COMMENT, OR FOR A COMMERCIAL LICENSE, PLEASE EMAIL ME.
#
# For additional details, please visit my homepage.
#
# ==================================== End of File ====================================
