# ================================== Start of File ====================================
# Spatial dimensions = 2
# Kernel size = 23x23
# Polynomial order = 1x5
# Size of the convolution coefficient matrix = 12x529
#
# Column# 1:
#    S/A => The left and the right halves of the row are symmetric(S)/anti-symmetric(A) about the middle column.
#           If symmetric elements on the right half, their signs are same as the corresponding elements on the left side.
#           If anti-symmetric elements, the signs are opposite.
# Column# 2~265 = the left-half columns of the row.
# Column# 266 = the middle column of the row.
# Column# 267~530, which are the right-half columns, are not stored, because they are symmetric/anti-symmetric
#           of the elements in the column# 265~2, respectively.
# Matrix starts:
	S	+1.890359E-03	-7.561437E-04	-1.890359E-03	-1.890359E-03	-1.094418E-03	+1.989852E-04	+1.731171E-03	+3.283255E-03	+4.676152E-03	+5.770570E-03	+6.467018E-03	+6.705800E-03	+6.467018E-03	+5.770570E-03	+4.676152E-03	+3.283255E-03	+1.731171E-03	+1.989852E-04	-1.094418E-03	-1.890359E-03	-1.890359E-03	-7.561437E-04	+1.890359E-03	+1.890359E-03	-7.561437E-04	-1.890359E-03	-1.890359E-03	-1.094418E-03	+1.989852E-04	+1.731171E-03	+3.283255E-03	+4.676152E-03	+5.770570E-03	+6.467018E-03	+6.705800E-03	+6.467018E-03	+5.770570E-03	+4.676152E-03	+3.283255E-03	+1.731171E-03	+1.989852E-04	-1.094418E-03	-1.890359E-03	-1.890359E-03	-7.561437E-04	+1.890359E-03	+1.890359E-03	-7.561437E-04	-1.890359E-03	-1.890359E-03	-1.094418E-03	+1.989852E-04	+1.731171E-03	+3.283255E-03	+4.676152E-03	+5.770570E-03	+6.467018E-03	+6.705800E-03	+6.467018E-03	+5.770570E-03	+4.676152E-03	+3.283255E-03	+1.731171E-03	+1.989852E-04	-1.094418E-03	-1.890359E-03	-1.890359E-03	-7.561437E-04	+1.890359E-03	+1.890359E-03	-7.561437E-04	-1.890359E-03	-1.890359E-03	-1.094418E-03	+1.989852E-04	+1.731171E-03	+3.283255E-03	+4.676152E-03	+5.770570E-03	+6.467018E-03	+6.705800E-03	+6.467018E-03	+5.770570E-03	+4.676152E-03	+3.283255E-03	+1.731171E-03	+1.989852E-04	-1.094418E-03	-1.890359E-03	-1.890359E-03	-7.561437E-04	+1.890359E-03	+1.890359E-03	-7.561437E-04	-1.890359E-03	-1.890359E-03	-1.094418E-03	+1.989852E-04	+1.731171E-03	+3.283255E-03	+4.676152E-03	+5.770570E-03	+6.467018E-03	+6.705800E-03	+6.467018E-03	+5.770570E-03	+4.676152E-03	+3.283255E-03	+1.731171E-03	+1.989852E-04	-1.094418E-03	-1.890359E-03	-1.890359E-03	-7.561437E-04	+1.890359E-03	+1.890359E-03	-7.561437E-04	-1.890359E-03	-1.890359E-03	-1.094418E-03	+1.989852E-04	+1.731171E-03	+3.283255E-03	+4.676152E-03	+5.770570E-03	+6.467018E-03	+6.705800E-03	+6.467018E-03	+5.770570E-03	+4.676152E-03	+3.283255E-03	+1.731171E-03	+1.989852E-04	-1.094418E-03	-1.890359E-03	-1.890359E-03	-7.561437E-04	+1.890359E-03	+1.890359E-03	-7.561437E-04	-1.890359E-03	-1.890359E-03	-1.094418E-03	+1.989852E-04	+1.731171E-03	+3.283255E-03	+4.676152E-03	+5.770570E-03	+6.467018E-03	+6.705800E-03	+6.467018E-03	+5.770570E-03	+4.676152E-03	+3.283255E-03	+1.731171E-03	+1.989852E-04	-1.094418E-03	-1.890359E-03	-1.890359E-03	-7.561437E-04	+1.890359E-03	+1.890359E-03	-7.561437E-04	-1.890359E-03	-1.890359E-03	-1.094418E-03	+1.989852E-04	+1.731171E-03	+3.283255E-03	+4.676152E-03	+5.770570E-03	+6.467018E-03	+6.705800E-03	+6.467018E-03	+5.770570E-03	+4.676152E-03	+3.283255E-03	+1.731171E-03	+1.989852E-04	-1.094418E-03	-1.890359E-03	-1.890359E-03	-7.561437E-04	+1.890359E-03	+1.890359E-03	-7.561437E-04	-1.890359E-03	-1.890359E-03	-1.094418E-03	+1.989852E-04	+1.731171E-03	+3.283255E-03	+4.676152E-03	+5.770570E-03	+6.467018E-03	+6.705800E-03	+6.467018E-03	+5.770570E-03	+4.676152E-03	+3.283255E-03	+1.731171E-03	+1.989852E-04	-1.094418E-03	-1.890359E-03	-1.890359E-03	-7.561437E-04	+1.890359E-03	+1.890359E-03	-7.561437E-04	-1.890359E-03	-1.890359E-03	-1.094418E-03	+1.989852E-04	+1.731171E-03	+3.283255E-03	+4.676152E-03	+5.770570E-03	+6.467018E-03	+6.705800E-03	+6.467018E-03	+5.770570E-03	+4.676152E-03	+3.283255E-03	+1.731171E-03	+1.989852E-04	-1.094418E-03	-1.890359E-03	-1.890359E-03	-7.561437E-04	+1.890359E-03	+1.890359E-03	-7.561437E-04	-1.890359E-03	-1.890359E-03	-1.094418E-03	+1.989852E-04	+1.731171E-03	+3.283255E-03	+4.676152E-03	+5.770570E-03	+6.467018E-03	+6.705800E-03	+6.467018E-03	+5.770570E-03	+4.676152E-03	+3.283255E-03	+1.731171E-03	+1.989852E-04	-1.094418E-03	-1.890359E-03	-1.890359E-03	-7.561437E-04	+1.890359E-03	+1.890359E-03	-7.561437E-04	-1.890359E-03	-1.890359E-03	-1.094418E-03	+1.989852E-04	+1.731171E-03	+3.283255E-03	+4.676152E-03	+5.770570E-03	+6.467018E-03	+6.705800E-03
	A	-9.291842E-04	+8.329478E-04	+1.135670E-03	+6.149616E-04	-2.479453E-04	-1.109375E-03	-1.746011E-03	-2.037706E-03	-1.950280E-03	-1.518333E-03	-8.280497E-04	+0.000000E+00	+8.280497E-04	+1.518333E-03	+1.950280E-03	+2.037706E-03	+1.746011E-03	+1.109375E-03	+2.479453E-04	-6.149616E-04	-1.135670E-03	-8.329478E-04	+9.291842E-04	-9.291842E-04	+8.329478E-04	+1.135670E-03	+6.149616E-04	-2.479453E-04	-1.109375E-03	-1.746011E-03	-2.037706E-03	-1.950280E-03	-1.518333E-03	-8.280497E-04	+0.000000E+00	+8.280497E-04	+1.518333E-03	+1.950280E-03	+2.037706E-03	+1.746011E-03	+1.109375E-03	+2.479453E-04	-6.149616E-04	-1.135670E-03	-8.329478E-04	+9.291842E-04	-9.291842E-04	+8.329478E-04	+1.135670E-03	+6.149616E-04	-2.479453E-04	-1.109375E-03	-1.746011E-03	-2.037706E-03	-1.950280E-03	-1.518333E-03	-8.280497E-04	+0.000000E+00	+8.280497E-04	+1.518333E-03	+1.950280E-03	+2.037706E-03	+1.746011E-03	+1.109375E-03	+2.479453E-04	-6.149616E-04	-1.135670E-03	-8.329478E-04	+9.291842E-04	-9.291842E-04	+8.329478E-04	+1.135670E-03	+6.149616E-04	-2.479453E-04	-1.109375E-03	-1.746011E-03	-2.037706E-03	-1.950280E-03	-1.518333E-03	-8.280497E-04	+0.000000E+00	+8.280497E-04	+1.518333E-03	+1.950280E-03	+2.037706E-03	+1.746011E-03	+1.109375E-03	+2.479453E-04	-6.149616E-04	-1.135670E-03	-8.329478E-04	+9.291842E-04	-9.291842E-04	+8.329478E-04	+1.135670E-03	+6.149616E-04	-2.479453E-04	-1.109375E-03	-1.746011E-03	-2.037706E-03	-1.950280E-03	-1.518333E-03	-8.280497E-04	+0.000000E+00	+8.280497E-04	+1.518333E-03	+1.950280E-03	+2.037706E-03	+1.746011E-03	+1.109375E-03	+2.479453E-04	-6.149616E-04	-1.135670E-03	-8.329478E-04	+9.291842E-04	-9.291842E-04	+8.329478E-04	+1.135670E-03	+6.149616E-04	-2.479453E-04	-1.109375E-03	-1.746011E-03	-2.037706E-03	-1.950280E-03	-1.518333E-03	-8.280497E-04	+0.000000E+00	+8.280497E-04	+1.518333E-03	+1.950280E-03	+2.037706E-03	+1.746011E-03	+1.109375E-03	+2.479453E-04	-6.149616E-04	-1.135670E-03	-8.329478E-04	+9.291842E-04	-9.291842E-04	+8.329478E-04	+1.135670E-03	+6.149616E-04	-2.479453E-04	-1.109375E-03	-1.746011E-03	-2.037706E-03	-1.950280E-03	-1.518333E-03	-8.280497E-04	+0.000000E+00	+8.280497E-04	+1.518333E-03	+1.950280E-03	+2.037706E-03	+1.746011E-03	+1.109375E-03	+2.479453E-04	-6.149616E-04	-1.135670E-03	-8.329478E-04	+9.291842E-04	-9.291842E-04	+8.329478E-04	+1.135670E-03	+6.149616E-04	-2.479453E-04	-1.109375E-03	-1.746011E-03	-2.037706E-03	-1.950280E-03	-1.518333E-03	-8.280497E-04	+0.000000E+00	+8.280497E-04	+1.518333E-03	+1.950280E-03	+2.037706E-03	+1.746011E-03	+1.109375E-03	+2.479453E-04	-6.149616E-04	-1.135670E-03	-8.329478E-04	+9.291842E-04	-9.291842E-04	+8.329478E-04	+1.135670E-03	+6.149616E-04	-2.479453E-04	-1.109375E-03	-1.746011E-03	-2.037706E-03	-1.950280E-03	-1.518333E-03	-8.280497E-04	+0.000000E+00	+8.280497E-04	+1.518333E-03	+1.950280E-03	+2.037706E-03	+1.746011E-03	+1.109375E-03	+2.479453E-04	-6.149616E-04	-1.135670E-03	-8.329478E-04	+9.291842E-04	-9.291842E-04	+8.329478E-04	+1.135670E-03	+6.149616E-04	-2.479453E-04	-1.109375E-03	-1.746011E-03	-2.037706E-03	-1.950280E-03	-1.518333E-03	-8.280497E-04	+0.000000E+00	+8.280497E-04	+1.518333E-03	+1.950280E-03	+2.037706E-03	+1.746011E-03	+1.109375E-03	+2.479453E-04	-6.149616E-04	-1.135670E-03	-8.329478E-04	+9.291842E-04	-9.291842E-04	+8.329478E-04	+1.135670E-03	+6.149616E-04	-2.479453E-04	-1.109375E-03	-1.746011E-03	-2.037706E-03	-1.950280E-03	-1.518333E-03	-8.280497E-04	+0.000000E+00	+8.280497E-04	+1.518333E-03	+1.950280E-03	+2.037706E-03	+1.746011E-03	+1.109375E-03	+2.479453E-04	-6.149616E-04	-1.135670E-03	-8.329478E-04	+9.291842E-04	-9.291842E-04	+8.329478E-04	+1.135670E-03	+6.149616E-04	-2.479453E-04	-1.109375E-03	-1.746011E-03	-2.037706E-03	-1.950280E-03	-1.518333E-03	-8.280497E-04	+0.000000E+00
	S	-2.233694E-04	+3.984149E-05	+1.816551E-04	+2.309705E-04	+2.136443E-04	+1.524915E-04	+6.728505E-05	-2.524421E-05	-1.114073E-04	-1.805574E-04	-2.250894E-04	-2.404404E-04	-2.250894E-04	-1.805574E-04	-1.114073E-04	-2.524421E-05	+6.728505E-05	+1.524915E-04	+2.136443E-04	+2.309705E-04	+1.816551E-04	+3.984149E-05	-2.233694E-04	-2.233694E-04	+3.984149E-05	+1.816551E-04	+2.309705E-04	+2.136443E-04	+1.524915E-04	+6.728505E-05	-2.524421E-05	-1.114073E-04	-1.805574E-04	-2.250894E-04	-2.404404E-04	-2.250894E-04	-1.805574E-04	-1.114073E-04	-2.524421E-05	+6.728505E-05	+1.524915E-04	+2.136443E-04	+2.309705E-04	+1.816551E-04	+3.984149E-05	-2.233694E-04	-2.233694E-04	+3.984149E-05	+1.816551E-04	+2.309705E-04	+2.136443E-04	+1.524915E-04	+6.728505E-05	-2.524421E-05	-1.114073E-04	-1.805574E-04	-2.250894E-04	-2.404404E-04	-2.250894E-04	-1.805574E-04	-1.114073E-04	-2.524421E-05	+6.728505E-05	+1.524915E-04	+2.136443E-04	+2.309705E-04	+1.816551E-04	+3.984149E-05	-2.233694E-04	-2.233694E-04	+3.984149E-05	+1.816551E-04	+2.309705E-04	+2.136443E-04	+1.524915E-04	+6.728505E-05	-2.524421E-05	-1.114073E-04	-1.805574E-04	-2.250894E-04	-2.404404E-04	-2.250894E-04	-1.805574E-04	-1.114073E-04	-2.524421E-05	+6.728505E-05	+1.524915E-04	+2.136443E-04	+2.309705E-04	+1.816551E-04	+3.984149E-05	-2.233694E-04	-2.233694E-04	+3.984149E-05	+1.816551E-04	+2.309705E-04	+2.136443E-04	+1.524915E-04	+6.728505E-05	-2.524421E-05	-1.114073E-04	-1.805574E-04	-2.250894E-04	-2.404404E-04	-2.250894E-04	-1.805574E-04	-1.114073E-04	-2.524421E-05	+6.728505E-05	+1.524915E-04	+2.136443E-04	+2.309705E-04	+1.816551E-04	+3.984149E-05	-2.233694E-04	-2.233694E-04	+3.984149E-05	+1.816551E-04	+2.309705E-04	+2.136443E-04	+1.524915E-04	+6.728505E-05	-2.524421E-05	-1.114073E-04	-1.805574E-04	-2.250894E-04	-2.404404E-04	-2.250894E-04	-1.805574E-04	-1.114073E-04	-2.524421E-05	+6.728505E-05	+1.524915E-04	+2.136443E-04	+2.309705E-04	+1.816551E-04	+3.984149E-05	-2.233694E-04	-2.233694E-04	+3.984149E-05	+1.816551E-04	+2.309705E-04	+2.136443E-04	+1.524915E-04	+6.728505E-05	-2.524421E-05	-1.114073E-04	-1.805574E-04	-2.250894E-04	-2.404404E-04	-2.250894E-04	-1.805574E-04	-1.114073E-04	-2.524421E-05	+6.728505E-05	+1.524915E-04	+2.136443E-04	+2.309705E-04	+1.816551E-04	+3.984149E-05	-2.233694E-04	-2.233694E-04	+3.984149E-05	+1.816551E-04	+2.309705E-04	+2.136443E-04	+1.524915E-04	+6.728505E-05	-2.524421E-05	-1.114073E-04	-1.805574E-04	-2.250894E-04	-2.404404E-04	-2.250894E-04	-1.805574E-04	-1.114073E-04	-2.524421E-05	+6.728505E-05	+1.524915E-04	+2.136443E-04	+2.309705E-04	+1.816551E-04	+3.984149E-05	-2.233694E-04	-2.233694E-04	+3.984149E-05	+1.816551E-04	+2.309705E-04	+2.136443E-04	+1.524915E-04	+6.728505E-05	-2.524421E-05	-1.114073E-04	-1.805574E-04	-2.250894E-04	-2.404404E-04	-2.250894E-04	-1.805574E-04	-1.114073E-04	-2.524421E-05	+6.728505E-05	+1.524915E-04	+2.136443E-04	+2.309705E-04	+1.816551E-04	+3.984149E-05	-2.233694E-04	-2.233694E-04	+3.984149E-05	+1.816551E-04	+2.309705E-04	+2.136443E-04	+1.524915E-04	+6.728505E-05	-2.524421E-05	-1.114073E-04	-1.805574E-04	-2.250894E-04	-2.404404E-04	-2.250894E-04	-1.805574E-04	-1.114073E-04	-2.524421E-05	+6.728505E-05	+1.524915E-04	+2.136443E-04	+2.309705E-04	+1.816551E-04	+3.984149E-05	-2.233694E-04	-2.233694E-04	+3.984149E-05	+1.816551E-04	+2.309705E-04	+2.136443E-04	+1.524915E-04	+6.728505E-05	-2.524421E-05	-1.114073E-04	-1.805574E-04	-2.250894E-04	-2.404404E-04	-2.250894E-04	-1.805574E-04	-1.114073E-04	-2.524421E-05	+6.728505E-05	+1.524915E-04	+2.136443E-04	+2.309705E-04	+1.816551E-04	+3.984149E-05	-2.233694E-04	-2.233694E-04	+3.984149E-05	+1.816551E-04	+2.309705E-04	+2.136443E-04	+1.524915E-04	+6.728505E-05	-2.524421E-05	-1.114073E-04	-1.805574E-04	-2.250894E-04	-2.404404E-04
	A	+4.746094E-05	-3.113878E-05	-5.337290E-05	-4.244862E-05	-1.602453E-05	+1.317291E-05	+3.673283E-05	+4.994342E-05	+5.117549E-05	+4.126585E-05	+2.290088E-05	+0.000000E+00	-2.290088E-05	-4.126585E-05	-5.117549E-05	-4.994342E-05	-3.673283E-05	-1.317291E-05	+1.602453E-05	+4.244862E-05	+5.337290E-05	+3.113878E-05	-4.746094E-05	+4.746094E-05	-3.113878E-05	-5.337290E-05	-4.244862E-05	-1.602453E-05	+1.317291E-05	+3.673283E-05	+4.994342E-05	+5.117549E-05	+4.126585E-05	+2.290088E-05	+0.000000E+00	-2.290088E-05	-4.126585E-05	-5.117549E-05	-4.994342E-05	-3.673283E-05	-1.317291E-05	+1.602453E-05	+4.244862E-05	+5.337290E-05	+3.113878E-05	-4.746094E-05	+4.746094E-05	-3.113878E-05	-5.337290E-05	-4.244862E-05	-1.602453E-05	+1.317291E-05	+3.673283E-05	+4.994342E-05	+5.117549E-05	+4.126585E-05	+2.290088E-05	+0.000000E+00	-2.290088E-05	-4.126585E-05	-5.117549E-05	-4.994342E-05	-3.673283E-05	-1.317291E-05	+1.602453E-05	+4.244862E-05	+5.337290E-05	+3.113878E-05	-4.746094E-05	+4.746094E-05	-3.113878E-05	-5.337290E-05	-4.244862E-05	-1.602453E-05	+1.317291E-05	+3.673283E-05	+4.994342E-05	+5.117549E-05	+4.126585E-05	+2.290088E-05	+0.000000E+00	-2.290088E-05	-4.126585E-05	-5.117549E-05	-4.994342E-05	-3.673283E-05	-1.317291E-05	+1.602453E-05	+4.244862E-05	+5.337290E-05	+3.113878E-05	-4.746094E-05	+4.746094E-05	-3.113878E-05	-5.337290E-05	-4.244862E-05	-1.602453E-05	+1.317291E-05	+3.673283E-05	+4.994342E-05	+5.117549E-05	+4.126585E-05	+2.290088E-05	+0.000000E+00	-2.290088E-05	-4.126585E-05	-5.117549E-05	-4.994342E-05	-3.673283E-05	-1.317291E-05	+1.602453E-05	+4.244862E-05	+5.337290E-05	+3.113878E-05	-4.746094E-05	+4.746094E-05	-3.113878E-05	-5.337290E-05	-4.244862E-05	-1.602453E-05	+1.317291E-05	+3.673283E-05	+4.994342E-05	+5.117549E-05	+4.126585E-05	+2.290088E-05	+0.000000E+00	-2.290088E-05	-4.126585E-05	-5.117549E-05	-4.994342E-05	-3.673283E-05	-1.317291E-05	+1.602453E-05	+4.244862E-05	+5.337290E-05	+3.113878E-05	-4.746094E-05	+4.746094E-05	-3.113878E-05	-5.337290E-05	-4.244862E-05	-1.602453E-05	+1.317291E-05	+3.673283E-05	+4.994342E-05	+5.117549E-05	+4.126585E-05	+2.290088E-05	+0.000000E+00	-2.290088E-05	-4.126585E-05	-5.117549E-05	-4.994342E-05	-3.673283E-05	-1.317291E-05	+1.602453E-05	+4.244862E-05	+5.337290E-05	+3.113878E-05	-4.746094E-05	+4.746094E-05	-3.113878E-05	-5.337290E-05	-4.244862E-05	-1.602453E-05	+1.317291E-05	+3.673283E-05	+4.994342E-05	+5.117549E-05	+4.126585E-05	+2.290088E-05	+0.000000E+00	-2.290088E-05	-4.126585E-05	-5.117549E-05	-4.994342E-05	-3.673283E-05	-1.317291E-05	+1.602453E-05	+4.244862E-05	+5.337290E-05	+3.113878E-05	-4.746094E-05	+4.746094E-05	-3.113878E-05	-5.337290E-05	-4.244862E-05	-1.602453E-05	+1.317291E-05	+3.673283E-05	+4.994342E-05	+5.117549E-05	+4.126585E-05	+2.290088E-05	+0.000000E+00	-2.290088E-05	-4.126585E-05	-5.117549E-05	-4.994342E-05	-3.673283E-05	-1.317291E-05	+1.602453E-05	+4.244862E-05	+5.337290E-05	+3.113878E-05	-4.746094E-05	+4.746094E-05	-3.113878E-05	-5.337290E-05	-4.244862E-05	-1.602453E-05	+1.317291E-05	+3.673283E-05	+4.994342E-05	+5.117549E-05	+4.126585E-05	+2.290088E-05	+0.000000E+00	-2.290088E-05	-4.126585E-05	-5.117549E-05	-4.994342E-05	-3.673283E-05	-1.317291E-05	+1.602453E-05	+4.244862E-05	+5.337290E-05	+3.113878E-05	-4.746094E-05	+4.746094E-05	-3.113878E-05	-5.337290E-05	-4.244862E-05	-1.602453E-05	+1.317291E-05	+3.673283E-05	+4.994342E-05	+5.117549E-05	+4.126585E-05	+2.290088E-05	+0.000000E+00	-2.290088E-05	-4.126585E-05	-5.117549E-05	-4.994342E-05	-3.673283E-05	-1.317291E-05	+1.602453E-05	+4.244862E-05	+5.337290E-05	+3.113878E-05	-4.746094E-05	+4.746094E-05	-3.113878E-05	-5.337290E-05	-4.244862E-05	-1.602453E-05	+1.317291E-05	+3.673283E-05	+4.994342E-05	+5.117549E-05	+4.126585E-05	+2.290088E-05	+0.000000E+00
	S	+2.827460E-06	+2.570418E-07	-1.211769E-06	-1.836013E-06	-1.845676E-06	-1.443686E-06	-8.059132E-07	-8.117111E-08	+6.087833E-07	+1.169250E-06	+1.532588E-06	+1.658210E-06	+1.532588E-06	+1.169250E-06	+6.087833E-07	-8.117111E-08	-8.059132E-07	-1.443686E-06	-1.845676E-06	-1.836013E-06	-1.211769E-06	+2.570418E-07	+2.827460E-06	+2.827460E-06	+2.570418E-07	-1.211769E-06	-1.836013E-06	-1.845676E-06	-1.443686E-06	-8.059132E-07	-8.117111E-08	+6.087833E-07	+1.169250E-06	+1.532588E-06	+1.658210E-06	+1.532588E-06	+1.169250E-06	+6.087833E-07	-8.117111E-08	-8.059132E-07	-1.443686E-06	-1.845676E-06	-1.836013E-06	-1.211769E-06	+2.570418E-07	+2.827460E-06	+2.827460E-06	+2.570418E-07	-1.211769E-06	-1.836013E-06	-1.845676E-06	-1.443686E-06	-8.059132E-07	-8.117111E-08	+6.087833E-07	+1.169250E-06	+1.532588E-06	+1.658210E-06	+1.532588E-06	+1.169250E-06	+6.087833E-07	-8.117111E-08	-8.059132E-07	-1.443686E-06	-1.845676E-06	-1.836013E-06	-1.211769E-06	+2.570418E-07	+2.827460E-06	+2.827460E-06	+2.570418E-07	-1.211769E-06	-1.836013E-06	-1.845676E-06	-1.443686E-06	-8.059132E-07	-8.117111E-08	+6.087833E-07	+1.169250E-06	+1.532588E-06	+1.658210E-06	+1.532588E-06	+1.169250E-06	+6.087833E-07	-8.117111E-08	-8.059132E-07	-1.443686E-06	-1.845676E-06	-1.836013E-06	-1.211769E-06	+2.570418E-07	+2.827460E-06	+2.827460E-06	+2.570418E-07	-1.211769E-06	-1.836013E-06	-1.845676E-06	-1.443686E-06	-8.059132E-07	-8.117111E-08	+6.087833E-07	+1.169250E-06	+1.532588E-06	+1.658210E-06	+1.532588E-06	+1.169250E-06	+6.087833E-07	-8.117111E-08	-8.059132E-07	-1.443686E-06	-1.845676E-06	-1.836013E-06	-1.211769E-06	+2.570418E-07	+2.827460E-06	+2.827460E-06	+2.570418E-07	-1.211769E-06	-1.836013E-06	-1.845676E-06	-1.443686E-06	-8.059132E-07	-8.117111E-08	+6.087833E-07	+1.169250E-06	+1.532588E-06	+1.658210E-06	+1.532588E-06	+1.169250E-06	+6.087833E-07	-8.117111E-08	-8.059132E-07	-1.443686E-06	-1.845676E-06	-1.836013E-06	-1.211769E-06	+2.570418E-07	+2.827460E-06	+2.827460E-06	+2.570418E-07	-1.211769E-06	-1.836013E-06	-1.845676E-06	-1.443686E-06	-8.059132E-07	-8.117111E-08	+6.087833E-07	+1.169250E-06	+1.532588E-06	+1.658210E-06	+1.532588E-06	+1.169250E-06	+6.087833E-07	-8.117111E-08	-8.059132E-07	-1.443686E-06	-1.845676E-06	-1.836013E-06	-1.211769E-06	+2.570418E-07	+2.827460E-06	+2.827460E-06	+2.570418E-07	-1.211769E-06	-1.836013E-06	-1.845676E-06	-1.443686E-06	-8.059132E-07	-8.117111E-08	+6.087833E-07	+1.169250E-06	+1.532588E-06	+1.658210E-06	+1.532588E-06	+1.169250E-06	+6.087833E-07	-8.117111E-08	-8.059132E-07	-1.443686E-06	-1.845676E-06	-1.836013E-06	-1.211769E-06	+2.570418E-07	+2.827460E-06	+2.827460E-06	+2.570418E-07	-1.211769E-06	-1.836013E-06	-1.845676E-06	-1.443686E-06	-8.059132E-07	-8.117111E-08	+6.087833E-07	+1.169250E-06	+1.532588E-06	+1.658210E-06	+1.532588E-06	+1.169250E-06	+6.087833E-07	-8.117111E-08	-8.059132E-07	-1.443686E-06	-1.845676E-06	-1.836013E-06	-1.211769E-06	+2.570418E-07	+2.827460E-06	+2.827460E-06	+2.570418E-07	-1.211769E-06	-1.836013E-06	-1.845676E-06	-1.443686E-06	-8.059132E-07	-8.117111E-08	+6.087833E-07	+1.169250E-06	+1.532588E-06	+1.658210E-06	+1.532588E-06	+1.169250E-06	+6.087833E-07	-8.117111E-08	-8.059132E-07	-1.443686E-06	-1.845676E-06	-1.836013E-06	-1.211769E-06	+2.570418E-07	+2.827460E-06	+2.827460E-06	+2.570418E-07	-1.211769E-06	-1.836013E-06	-1.845676E-06	-1.443686E-06	-8.059132E-07	-8.117111E-08	+6.087833E-07	+1.169250E-06	+1.532588E-06	+1.658210E-06	+1.532588E-06	+1.169250E-06	+6.087833E-07	-8.117111E-08	-8.059132E-07	-1.443686E-06	-1.845676E-06	-1.836013E-06	-1.211769E-06	+2.570418E-07	+2.827460E-06	+2.827460E-06	+2.570418E-07	-1.211769E-06	-1.836013E-06	-1.845676E-06	-1.443686E-06	-8.059132E-07	-8.117111E-08	+6.087833E-07	+1.169250E-06	+1.532588E-06	+1.658210E-06
	A	-4.443152E-07	+1.615692E-07	+3.635306E-07	+3.231383E-07	+1.636951E-07	-2.551092E-08	-1.849542E-07	-2.806201E-07	-2.997533E-07	-2.466056E-07	-1.381841E-07	+0.000000E+00	+1.381841E-07	+2.466056E-07	+2.997533E-07	+2.806201E-07	+1.849542E-07	+2.551092E-08	-1.636951E-07	-3.231383E-07	-3.635306E-07	-1.615692E-07	+4.443152E-07	-4.443152E-07	+1.615692E-07	+3.635306E-07	+3.231383E-07	+1.636951E-07	-2.551092E-08	-1.849542E-07	-2.806201E-07	-2.997533E-07	-2.466056E-07	-1.381841E-07	+0.000000E+00	+1.381841E-07	+2.466056E-07	+2.997533E-07	+2.806201E-07	+1.849542E-07	+2.551092E-08	-1.636951E-07	-3.231383E-07	-3.635306E-07	-1.615692E-07	+4.443152E-07	-4.443152E-07	+1.615692E-07	+3.635306E-07	+3.231383E-07	+1.636951E-07	-2.551092E-08	-1.849542E-07	-2.806201E-07	-2.997533E-07	-2.466056E-07	-1.381841E-07	+0.000000E+00	+1.381841E-07	+2.466056E-07	+2.997533E-07	+2.806201E-07	+1.849542E-07	+2.551092E-08	-1.636951E-07	-3.231383E-07	-3.635306E-07	-1.615692E-07	+4.443152E-07	-4.443152E-07	+1.615692E-07	+3.635306E-07	+3.231383E-07	+1.636951E-07	-2.551092E-08	-1.849542E-07	-2.806201E-07	-2.997533E-07	-2.466056E-07	-1.381841E-07	+0.000000E+00	+1.381841E-07	+2.466056E-07	+2.997533E-07	+2.806201E-07	+1.849542E-07	+2.551092E-08	-1.636951E-07	-3.231383E-07	-3.635306E-07	-1.615692E-07	+4.443152E-07	-4.443152E-07	+1.615692E-07	+3.635306E-07	+3.231383E-07	+1.636951E-07	-2.551092E-08	-1.849542E-07	-2.806201E-07	-2.997533E-07	-2.466056E-07	-1.381841E-07	+0.000000E+00	+1.381841E-07	+2.466056E-07	+2.997533E-07	+2.806201E-07	+1.849542E-07	+2.551092E-08	-1.636951E-07	-3.231383E-07	-3.635306E-07	-1.615692E-07	+4.443152E-07	-4.443152E-07	+1.615692E-07	+3.635306E-07	+3.231383E-07	+1.636951E-07	-2.551092E-08	-1.849542E-07	-2.806201E-07	-2.997533E-07	-2.466056E-07	-1.381841E-07	+0.000000E+00	+1.381841E-07	+2.466056E-07	+2.997533E-07	+2.806201E-07	+1.849542E-07	+2.551092E-08	-1.636951E-07	-3.231383E-07	-3.635306E-07	-1.615692E-07	+4.443152E-07	-4.443152E-07	+1.615692E-07	+3.635306E-07	+3.231383E-07	+1.636951E-07	-2.551092E-08	-1.849542E-07	-2.806201E-07	-2.997533E-07	-2.466056E-07	-1.381841E-07	+0.000000E+00	+1.381841E-07	+2.466056E-07	+2.997533E-07	+2.806201E-07	+1.849542E-07	+2.551092E-08	-1.636951E-07	-3.231383E-07	-3.635306E-07	-1.615692E-07	+4.443152E-07	-4.443152E-07	+1.615692E-07	+3.635306E-07	+3.231383E-07	+1.636951E-07	-2.551092E-08	-1.849542E-07	-2.806201E-07	-2.997533E-07	-2.466056E-07	-1.381841E-07	+0.000000E+00	+1.381841E-07	+2.466056E-07	+2.997533E-07	+2.806201E-07	+1.849542E-07	+2.551092E-08	-1.636951E-07	-3.231383E-07	-3.635306E-07	-1.615692E-07	+4.443152E-07	-4.443152E-07	+1.615692E-07	+3.635306E-07	+3.231383E-07	+1.636951E-07	-2.551092E-08	-1.849542E-07	-2.806201E-07	-2.997533E-07	-2.466056E-07	-1.381841E-07	+0.000000E+00	+1.381841E-07	+2.466056E-07	+2.997533E-07	+2.806201E-07	+1.849542E-07	+2.551092E-08	-1.636951E-07	-3.231383E-07	-3.635306E-07	-1.615692E-07	+4.443152E-07	-4.443152E-07	+1.615692E-07	+3.635306E-07	+3.231383E-07	+1.636951E-07	-2.551092E-08	-1.849542E-07	-2.806201E-07	-2.997533E-07	-2.466056E-07	-1.381841E-07	+0.000000E+00	+1.381841E-07	+2.466056E-07	+2.997533E-07	+2.806201E-07	+1.849542E-07	+2.551092E-08	-1.636951E-07	-3.231383E-07	-3.635306E-07	-1.615692E-07	+4.443152E-07	-4.443152E-07	+1.615692E-07	+3.635306E-07	+3.231383E-07	+1.636951E-07	-2.551092E-08	-1.849542E-07	-2.806201E-07	-2.997533E-07	-2.466056E-07	-1.381841E-07	+0.000000E+00	+1.381841E-07	+2.466056E-07	+2.997533E-07	+2.806201E-07	+1.849542E-07	+2.551092E-08	-1.636951E-07	-3.231383E-07	-3.635306E-07	-1.615692E-07	+4.443152E-07	-4.443152E-07	+1.615692E-07	+3.635306E-07	+3.231383E-07	+1.636951E-07	-2.551092E-08	-1.849542E-07	-2.806201E-07	-2.997533E-07	-2.466056E-07	-1.381841E-07	+0.000000E+00
	A	-4.725898E-04	+1.890359E-04	+4.725898E-04	+4.725898E-04	+2.736046E-04	-4.974629E-05	-4.327928E-04	-8.208138E-04	-1.169038E-03	-1.442643E-03	-1.616755E-03	-1.676450E-03	-1.616755E-03	-1.442643E-03	-1.169038E-03	-8.208138E-04	-4.327928E-04	-4.974629E-05	+2.736046E-04	+4.725898E-04	+4.725898E-04	+1.890359E-04	-4.725898E-04	-4.296271E-04	+1.718508E-04	+4.296271E-04	+4.296271E-04	+2.487315E-04	-4.522390E-05	-3.934480E-04	-7.461944E-04	-1.062762E-03	-1.311493E-03	-1.469777E-03	-1.524046E-03	-1.469777E-03	-1.311493E-03	-1.062762E-03	-7.461944E-04	-3.934480E-04	-4.522390E-05	+2.487315E-04	+4.296271E-04	+4.296271E-04	+1.718508E-04	-4.296271E-04	-3.866644E-04	+1.546658E-04	+3.866644E-04	+3.866644E-04	+2.238583E-04	-4.070151E-05	-3.541032E-04	-6.715750E-04	-9.564856E-04	-1.180344E-03	-1.322799E-03	-1.371641E-03	-1.322799E-03	-1.180344E-03	-9.564856E-04	-6.715750E-04	-3.541032E-04	-4.070151E-05	+2.238583E-04	+3.866644E-04	+3.866644E-04	+1.546658E-04	-3.866644E-04	-3.437017E-04	+1.374807E-04	+3.437017E-04	+3.437017E-04	+1.989852E-04	-3.617912E-05	-3.147584E-04	-5.969555E-04	-8.502094E-04	-1.049195E-03	-1.175821E-03	-1.219236E-03	-1.175821E-03	-1.049195E-03	-8.502094E-04	-5.969555E-04	-3.147584E-04	-3.617912E-05	+1.989852E-04	+3.437017E-04	+3.437017E-04	+1.374807E-04	-3.437017E-04	-3.007390E-04	+1.202956E-04	+3.007390E-04	+3.007390E-04	+1.741120E-04	-3.165673E-05	-2.754136E-04	-5.223361E-04	-7.439332E-04	-9.180452E-04	-1.028844E-03	-1.066832E-03	-1.028844E-03	-9.180452E-04	-7.439332E-04	-5.223361E-04	-2.754136E-04	-3.165673E-05	+1.741120E-04	+3.007390E-04	+3.007390E-04	+1.202956E-04	-3.007390E-04	-2.577763E-04	+1.031105E-04	+2.577763E-04	+2.577763E-04	+1.492389E-04	-2.713434E-05	-2.360688E-04	-4.477166E-04	-6.376570E-04	-7.868959E-04	-8.818661E-04	-9.144273E-04	-8.818661E-04	-7.868959E-04	-6.376570E-04	-4.477166E-04	-2.360688E-04	-2.713434E-05	+1.492389E-04	+2.577763E-04	+2.577763E-04	+1.031105E-04	-2.577763E-04	-2.148135E-04	+8.592542E-05	+2.148135E-04	+2.148135E-04	+1.243657E-04	-2.261195E-05	-1.967240E-04	-3.730972E-04	-5.313809E-04	-6.557466E-04	-7.348884E-04	-7.620228E-04	-7.348884E-04	-6.557466E-04	-5.313809E-04	-3.730972E-04	-1.967240E-04	-2.261195E-05	+1.243657E-04	+2.148135E-04	+2.148135E-04	+8.592542E-05	-2.148135E-04	-1.718508E-04	+6.874033E-05	+1.718508E-04	+1.718508E-04	+9.949259E-05	-1.808956E-05	-1.573792E-04	-2.984778E-04	-4.251047E-04	-5.245973E-04	-5.879107E-04	-6.096182E-04	-5.879107E-04	-5.245973E-04	-4.251047E-04	-2.984778E-04	-1.573792E-04	-1.808956E-05	+9.949259E-05	+1.718508E-04	+1.718508E-04	+6.874033E-05	-1.718508E-04	-1.288881E-04	+5.155525E-05	+1.288881E-04	+1.288881E-04	+7.461944E-05	-1.356717E-05	-1.180344E-04	-2.238583E-04	-3.188285E-04	-3.934480E-04	-4.409331E-04	-4.572137E-04	-4.409331E-04	-3.934480E-04	-3.188285E-04	-2.238583E-04	-1.180344E-04	-1.356717E-05	+7.461944E-05	+1.288881E-04	+1.288881E-04	+5.155525E-05	-1.288881E-04	-8.592542E-05	+3.437017E-05	+8.592542E-05	+8.592542E-05	+4.974629E-05	-9.044781E-06	-7.868959E-05	-1.492389E-04	-2.125523E-04	-2.622986E-04	-2.939554E-04	-3.048091E-04	-2.939554E-04	-2.622986E-04	-2.125523E-04	-1.492389E-04	-7.868959E-05	-9.044781E-06	+4.974629E-05	+8.592542E-05	+8.592542E-05	+3.437017E-05	-8.592542E-05	-4.296271E-05	+1.718508E-05	+4.296271E-05	+4.296271E-05	+2.487315E-05	-4.522390E-06	-3.934480E-05	-7.461944E-05	-1.062762E-04	-1.311493E-04	-1.469777E-04	-1.524046E-04	-1.469777E-04	-1.311493E-04	-1.062762E-04	-7.461944E-05	-3.934480E-05	-4.522390E-06	+2.487315E-05	+4.296271E-05	+4.296271E-05	+1.718508E-05	-4.296271E-05	+0.000000E+00	+0.000000E+00	+0.000000E+00	+0.000000E+00	+0.000000E+00	+0.000000E+00	+0.000000E+00	+0.000000E+00	+0.000000E+00	+0.000000E+00	+0.000000E+00	+0.000000E+00
	S	+2.322961E-04	-2.082369E-04	-2.839174E-04	-1.537404E-04	+6.198632E-05	+2.773437E-04	+4.365029E-04	+5.094264E-04	+4.875699E-04	+3.795834E-04	+2.070124E-04	+0.000000E+00	-2.070124E-04	-3.795834E-04	-4.875699E-04	-5.094264E-04	-4.365029E-04	-2.773437E-04	-6.198632E-05	+1.537404E-04	+2.839174E-04	+2.082369E-04	-2.322961E-04	+2.111782E-04	-1.893063E-04	-2.581067E-04	-1.397640E-04	+5.635120E-05	+2.521306E-04	+3.968208E-04	+4.631149E-04	+4.432454E-04	+3.450758E-04	+1.881931E-04	+0.000000E+00	-1.881931E-04	-3.450758E-04	-4.432454E-04	-4.631149E-04	-3.968208E-04	-2.521306E-04	-5.635120E-05	+1.397640E-04	+2.581067E-04	+1.893063E-04	-2.111782E-04	+1.900604E-04	-1.703757E-04	-2.322961E-04	-1.257876E-04	+5.071608E-05	+2.269176E-04	+3.571387E-04	+4.168034E-04	+3.989208E-04	+3.105682E-04	+1.693738E-04	+0.000000E+00	-1.693738E-04	-3.105682E-04	-3.989208E-04	-4.168034E-04	-3.571387E-04	-2.269176E-04	-5.071608E-05	+1.257876E-04	+2.322961E-04	+1.703757E-04	-1.900604E-04	+1.689426E-04	-1.514450E-04	-2.064854E-04	-1.118112E-04	+4.508096E-05	+2.017045E-04	+3.174566E-04	+3.704919E-04	+3.545963E-04	+2.760606E-04	+1.505545E-04	+0.000000E+00	-1.505545E-04	-2.760606E-04	-3.545963E-04	-3.704919E-04	-3.174566E-04	-2.017045E-04	-4.508096E-05	+1.118112E-04	+2.064854E-04	+1.514450E-04	-1.689426E-04	+1.478248E-04	-1.325144E-04	-1.806747E-04	-9.783480E-05	+3.944584E-05	+1.764914E-04	+2.777745E-04	+3.241804E-04	+3.102718E-04	+2.415530E-04	+1.317352E-04	+0.000000E+00	-1.317352E-04	-2.415530E-04	-3.102718E-04	-3.241804E-04	-2.777745E-04	-1.764914E-04	-3.944584E-05	+9.783480E-05	+1.806747E-04	+1.325144E-04	-1.478248E-04	+1.267069E-04	-1.135838E-04	-1.548640E-04	-8.385840E-05	+3.381072E-05	+1.512784E-04	+2.380925E-04	+2.778689E-04	+2.659472E-04	+2.070455E-04	+1.129159E-04	+0.000000E+00	-1.129159E-04	-2.070455E-04	-2.659472E-04	-2.778689E-04	-2.380925E-04	-1.512784E-04	-3.381072E-05	+8.385840E-05	+1.548640E-04	+1.135838E-04	-1.267069E-04	+1.055891E-04	-9.465316E-05	-1.290534E-04	-6.988200E-05	+2.817560E-05	+1.260653E-04	+1.984104E-04	+2.315575E-04	+2.216227E-04	+1.725379E-04	+9.409655E-05	+0.000000E+00	-9.409655E-05	-1.725379E-04	-2.216227E-04	-2.315575E-04	-1.984104E-04	-1.260653E-04	-2.817560E-05	+6.988200E-05	+1.290534E-04	+9.465316E-05	-1.055891E-04	+8.447129E-05	-7.572252E-05	-1.032427E-04	-5.590560E-05	+2.254048E-05	+1.008523E-04	+1.587283E-04	+1.852460E-04	+1.772982E-04	+1.380303E-04	+7.527724E-05	+0.000000E+00	-7.527724E-05	-1.380303E-04	-1.772982E-04	-1.852460E-04	-1.587283E-04	-1.008523E-04	-2.254048E-05	+5.590560E-05	+1.032427E-04	+7.572252E-05	-8.447129E-05	+6.335347E-05	-5.679189E-05	-7.743202E-05	-4.192920E-05	+1.690536E-05	+7.563919E-05	+1.190462E-04	+1.389345E-04	+1.329736E-04	+1.035227E-04	+5.645793E-05	+0.000000E+00	-5.645793E-05	-1.035227E-04	-1.329736E-04	-1.389345E-04	-1.190462E-04	-7.563919E-05	-1.690536E-05	+4.192920E-05	+7.743202E-05	+5.679189E-05	-6.335347E-05	+4.223565E-05	-3.786126E-05	-5.162135E-05	-2.795280E-05	+1.127024E-05	+5.042613E-05	+7.936416E-05	+9.262298E-05	+8.864908E-05	+6.901516E-05	+3.763862E-05	+0.000000E+00	-3.763862E-05	-6.901516E-05	-8.864908E-05	-9.262298E-05	-7.936416E-05	-5.042613E-05	-1.127024E-05	+2.795280E-05	+5.162135E-05	+3.786126E-05	-4.223565E-05	+2.111782E-05	-1.893063E-05	-2.581067E-05	-1.397640E-05	+5.635120E-06	+2.521306E-05	+3.968208E-05	+4.631149E-05	+4.432454E-05	+3.450758E-05	+1.881931E-05	+0.000000E+00	-1.881931E-05	-3.450758E-05	-4.432454E-05	-4.631149E-05	-3.968208E-05	-2.521306E-05	-5.635120E-06	+1.397640E-05	+2.581067E-05	+1.893063E-05	-2.111782E-05	+0.000000E+00	+0.000000E+00	+0.000000E+00	+0.000000E+00	+0.000000E+00	+0.000000E+00	+0.000000E+00	+0.000000E+00	+0.000000E+00	+0.000000E+00	+0.000000E+00	+0.000000E+00
	A	+5.584234E-05	-9.960371E-06	-4.541379E-05	-5.774261E-05	-5.341107E-05	-3.812288E-05	-1.682126E-05	+6.311054E-06	+2.785184E-05	+4.513935E-05	+5.627235E-05	+6.011011E-05	+5.627235E-05	+4.513935E-05	+2.785184E-05	+6.311054E-06	-1.682126E-05	-3.812288E-05	-5.341107E-05	-5.774261E-05	-4.541379E-05	-9.960371E-06	+5.584234E-05	+5.076576E-05	-9.054883E-06	-4.128526E-05	-5.249329E-05	-4.855552E-05	-3.465716E-05	-1.529206E-05	+5.737322E-06	+2.531985E-05	+4.103577E-05	+5.115669E-05	+5.464555E-05	+5.115669E-05	+4.103577E-05	+2.531985E-05	+5.737322E-06	-1.529206E-05	-3.465716E-05	-4.855552E-05	-5.249329E-05	-4.128526E-05	-9.054883E-06	+5.076576E-05	+4.568919E-05	-8.149395E-06	-3.715673E-05	-4.724396E-05	-4.369997E-05	-3.119145E-05	-1.376285E-05	+5.163589E-06	+2.278787E-05	+3.693220E-05	+4.604102E-05	+4.918100E-05	+4.604102E-05	+3.693220E-05	+2.278787E-05	+5.163589E-06	-1.376285E-05	-3.119145E-05	-4.369997E-05	-4.724396E-05	-3.715673E-05	-8.149395E-06	+4.568919E-05	+4.061261E-05	-7.243907E-06	-3.302821E-05	-4.199463E-05	-3.884442E-05	-2.772573E-05	-1.223365E-05	+4.589857E-06	+2.025588E-05	+3.282862E-05	+4.092535E-05	+4.371644E-05	+4.092535E-05	+3.282862E-05	+2.025588E-05	+4.589857E-06	-1.223365E-05	-2.772573E-05	-3.884442E-05	-4.199463E-05	-3.302821E-05	-7.243907E-06	+4.061261E-05	+3.553604E-05	-6.338418E-06	-2.889968E-05	-3.674530E-05	-3.398886E-05	-2.426002E-05	-1.070444E-05	+4.016125E-06	+1.772390E-05	+2.872504E-05	+3.580968E-05	+3.825189E-05	+3.580968E-05	+2.872504E-05	+1.772390E-05	+4.016125E-06	-1.070444E-05	-2.426002E-05	-3.398886E-05	-3.674530E-05	-2.889968E-05	-6.338418E-06	+3.553604E-05	+3.045946E-05	-5.432930E-06	-2.477116E-05	-3.149597E-05	-2.913331E-05	-2.079430E-05	-9.175234E-06	+3.442393E-06	+1.519191E-05	+2.462146E-05	+3.069401E-05	+3.278733E-05	+3.069401E-05	+2.462146E-05	+1.519191E-05	+3.442393E-06	-9.175234E-06	-2.079430E-05	-2.913331E-05	-3.149597E-05	-2.477116E-05	-5.432930E-06	+3.045946E-05	+2.538288E-05	-4.527442E-06	-2.064263E-05	-2.624664E-05	-2.427776E-05	-1.732858E-05	-7.646029E-06	+2.868661E-06	+1.265993E-05	+2.051789E-05	+2.557834E-05	+2.732278E-05	+2.557834E-05	+2.051789E-05	+1.265993E-05	+2.868661E-06	-7.646029E-06	-1.732858E-05	-2.427776E-05	-2.624664E-05	-2.064263E-05	-4.527442E-06	+2.538288E-05	+2.030631E-05	-3.621953E-06	-1.651410E-05	-2.099731E-05	-1.942221E-05	-1.386287E-05	-6.116823E-06	+2.294929E-06	+1.012794E-05	+1.641431E-05	+2.046267E-05	+2.185822E-05	+2.046267E-05	+1.641431E-05	+1.012794E-05	+2.294929E-06	-6.116823E-06	-1.386287E-05	-1.942221E-05	-2.099731E-05	-1.651410E-05	-3.621953E-06	+2.030631E-05	+1.522973E-05	-2.716465E-06	-1.238558E-05	-1.574799E-05	-1.456666E-05	-1.039715E-05	-4.587617E-06	+1.721196E-06	+7.595955E-06	+1.231073E-05	+1.534701E-05	+1.639367E-05	+1.534701E-05	+1.231073E-05	+7.595955E-06	+1.721196E-06	-4.587617E-06	-1.039715E-05	-1.456666E-05	-1.574799E-05	-1.238558E-05	-2.716465E-06	+1.522973E-05	+1.015315E-05	-1.810977E-06	-8.257052E-06	-1.049866E-05	-9.711104E-06	-6.931433E-06	-3.058411E-06	+1.147464E-06	+5.063970E-06	+8.207155E-06	+1.023134E-05	+1.092911E-05	+1.023134E-05	+8.207155E-06	+5.063970E-06	+1.147464E-06	-3.058411E-06	-6.931433E-06	-9.711104E-06	-1.049866E-05	-8.257052E-06	-1.810977E-06	+1.015315E-05	+5.076576E-06	-9.054883E-07	-4.128526E-06	-5.249329E-06	-4.855552E-06	-3.465716E-06	-1.529206E-06	+5.737322E-07	+2.531985E-06	+4.103577E-06	+5.115669E-06	+5.464555E-06	+5.115669E-06	+4.103577E-06	+2.531985E-06	+5.737322E-07	-1.529206E-06	-3.465716E-06	-4.855552E-06	-5.249329E-06	-4.128526E-06	-9.054883E-07	+5.076576E-06	+0.000000E+00	+0.000000E+00	+0.000000E+00	+0.000000E+00	+0.000000E+00	+0.000000E+00	+0.000000E+00	+0.000000E+00	+0.000000E+00	+0.000000E+00	+0.000000E+00	+0.000000E+00
	S	-1.186524E-05	+7.784696E-06	+1.334323E-05	+1.061216E-05	+4.006132E-06	-3.293228E-06	-9.183206E-06	-1.248586E-05	-1.279387E-05	-1.031646E-05	-5.725221E-06	+0.000000E+00	+5.725221E-06	+1.031646E-05	+1.279387E-05	+1.248586E-05	+9.183206E-06	+3.293228E-06	-4.006132E-06	-1.061216E-05	-1.334323E-05	-7.784696E-06	+1.186524E-05	-1.078658E-05	+7.076996E-06	+1.213021E-05	+9.647415E-06	+3.641939E-06	-2.993843E-06	-8.348369E-06	-1.135078E-05	-1.163079E-05	-9.378601E-06	-5.204746E-06	+0.000000E+00	+5.204746E-06	+9.378601E-06	+1.163079E-05	+1.135078E-05	+8.348369E-06	+2.993843E-06	-3.641939E-06	-9.647415E-06	-1.213021E-05	-7.076996E-06	+1.078658E-05	-9.707920E-06	+6.369297E-06	+1.091718E-05	+8.682673E-06	+3.277745E-06	-2.694459E-06	-7.513533E-06	-1.021570E-05	-1.046771E-05	-8.440741E-06	-4.684271E-06	+0.000000E+00	+4.684271E-06	+8.440741E-06	+1.046771E-05	+1.021570E-05	+7.513533E-06	+2.694459E-06	-3.277745E-06	-8.682673E-06	-1.091718E-05	-6.369297E-06	+9.707920E-06	-8.629262E-06	+5.661597E-06	+9.704164E-06	+7.717932E-06	+2.913551E-06	-2.395075E-06	-6.678696E-06	-9.080622E-06	-9.304634E-06	-7.502881E-06	-4.163797E-06	+0.000000E+00	+4.163797E-06	+7.502881E-06	+9.304634E-06	+9.080622E-06	+6.678696E-06	+2.395075E-06	-2.913551E-06	-7.717932E-06	-9.704164E-06	-5.661597E-06	+8.629262E-06	-7.550604E-06	+4.953897E-06	+8.491144E-06	+6.753190E-06	+2.549357E-06	-2.095690E-06	-5.843859E-06	-7.945545E-06	-8.141554E-06	-6.565021E-06	-3.643322E-06	+0.000000E+00	+3.643322E-06	+6.565021E-06	+8.141554E-06	+7.945545E-06	+5.843859E-06	+2.095690E-06	-2.549357E-06	-6.753190E-06	-8.491144E-06	-4.953897E-06	+7.550604E-06	-6.471946E-06	+4.246198E-06	+7.278123E-06	+5.788449E-06	+2.185163E-06	-1.796306E-06	-5.009022E-06	-6.810467E-06	-6.978475E-06	-5.627161E-06	-3.122848E-06	+0.000000E+00	+3.122848E-06	+5.627161E-06	+6.978475E-06	+6.810467E-06	+5.009022E-06	+1.796306E-06	-2.185163E-06	-5.788449E-06	-7.278123E-06	-4.246198E-06	+6.471946E-06	-5.393289E-06	+3.538498E-06	+6.065103E-06	+4.823707E-06	+1.820969E-06	-1.496922E-06	-4.174185E-06	-5.675389E-06	-5.815396E-06	-4.689301E-06	-2.602373E-06	+0.000000E+00	+2.602373E-06	+4.689301E-06	+5.815396E-06	+5.675389E-06	+4.174185E-06	+1.496922E-06	-1.820969E-06	-4.823707E-06	-6.065103E-06	-3.538498E-06	+5.393289E-06	-4.314631E-06	+2.830799E-06	+4.852082E-06	+3.858966E-06	+1.456775E-06	-1.197537E-06	-3.339348E-06	-4.540311E-06	-4.652317E-06	-3.751441E-06	-2.081898E-06	+0.000000E+00	+2.081898E-06	+3.751441E-06	+4.652317E-06	+4.540311E-06	+3.339348E-06	+1.197537E-06	-1.456775E-06	-3.858966E-06	-4.852082E-06	-2.830799E-06	+4.314631E-06	-3.235973E-06	+2.123099E-06	+3.639062E-06	+2.894224E-06	+1.092582E-06	-8.981530E-07	-2.504511E-06	-3.405233E-06	-3.489238E-06	-2.813580E-06	-1.561424E-06	+0.000000E+00	+1.561424E-06	+2.813580E-06	+3.489238E-06	+3.405233E-06	+2.504511E-06	+8.981530E-07	-1.092582E-06	-2.894224E-06	-3.639062E-06	-2.123099E-06	+3.235973E-06	-2.157315E-06	+1.415399E-06	+2.426041E-06	+1.929483E-06	+7.283877E-07	-5.987687E-07	-1.669674E-06	-2.270156E-06	-2.326158E-06	-1.875720E-06	-1.040949E-06	+0.000000E+00	+1.040949E-06	+1.875720E-06	+2.326158E-06	+2.270156E-06	+1.669674E-06	+5.987687E-07	-7.283877E-07	-1.929483E-06	-2.426041E-06	-1.415399E-06	+2.157315E-06	-1.078658E-06	+7.076996E-07	+1.213021E-06	+9.647415E-07	+3.641939E-07	-2.993843E-07	-8.348369E-07	-1.135078E-06	-1.163079E-06	-9.378601E-07	-5.204746E-07	+0.000000E+00	+5.204746E-07	+9.378601E-07	+1.163079E-06	+1.135078E-06	+8.348369E-07	+2.993843E-07	-3.641939E-07	-9.647415E-07	-1.213021E-06	-7.076996E-07	+1.078658E-06	+0.000000E+00	+0.000000E+00	+0.000000E+00	+0.000000E+00	+0.000000E+00	+0.000000E+00	+0.000000E+00	+0.000000E+00	+0.000000E+00	+0.000000E+00	+0.000000E+00	+0.000000E+00
	A	-7.068651E-07	-6.426046E-08	+3.029422E-07	+4.590033E-07	+4.614191E-07	+3.609215E-07	+2.014783E-07	+2.029278E-08	-1.521958E-07	-2.923126E-07	-3.831470E-07	-4.145524E-07	-3.831470E-07	-2.923126E-07	-1.521958E-07	+2.029278E-08	+2.014783E-07	+3.609215E-07	+4.614191E-07	+4.590033E-07	+3.029422E-07	-6.426046E-08	-7.068651E-07	-6.426046E-07	-5.841860E-08	+2.754020E-07	+4.172757E-07	+4.194719E-07	+3.281105E-07	+1.831621E-07	+1.844798E-08	-1.383598E-07	-2.657387E-07	-3.483154E-07	-3.768659E-07	-3.483154E-07	-2.657387E-07	-1.383598E-07	+1.844798E-08	+1.831621E-07	+3.281105E-07	+4.194719E-07	+4.172757E-07	+2.754020E-07	-5.841860E-08	-6.426046E-07	-5.783442E-07	-5.257674E-08	+2.478618E-07	+3.755482E-07	+3.775247E-07	+2.952994E-07	+1.648459E-07	+1.660318E-08	-1.245239E-07	-2.391649E-07	-3.134839E-07	-3.391793E-07	-3.134839E-07	-2.391649E-07	-1.245239E-07	+1.660318E-08	+1.648459E-07	+2.952994E-07	+3.775247E-07	+3.755482E-07	+2.478618E-07	-5.257674E-08	-5.783442E-07	-5.140837E-07	-4.673488E-08	+2.203216E-07	+3.338206E-07	+3.355775E-07	+2.624884E-07	+1.465297E-07	+1.475838E-08	-1.106879E-07	-2.125910E-07	-2.786523E-07	-3.014927E-07	-2.786523E-07	-2.125910E-07	-1.106879E-07	+1.475838E-08	+1.465297E-07	+2.624884E-07	+3.355775E-07	+3.338206E-07	+2.203216E-07	-4.673488E-08	-5.140837E-07	-4.498232E-07	-4.089302E-08	+1.927814E-07	+2.920930E-07	+2.936303E-07	+2.296773E-07	+1.282135E-07	+1.291359E-08	-9.685189E-08	-1.860171E-07	-2.438208E-07	-2.638061E-07	-2.438208E-07	-1.860171E-07	-9.685189E-08	+1.291359E-08	+1.282135E-07	+2.296773E-07	+2.936303E-07	+2.920930E-07	+1.927814E-07	-4.089302E-08	-4.498232E-07	-3.855628E-07	-3.505116E-08	+1.652412E-07	+2.503654E-07	+2.516831E-07	+1.968663E-07	+1.098972E-07	+1.106879E-08	-8.301591E-08	-1.594432E-07	-2.089893E-07	-2.261195E-07	-2.089893E-07	-1.594432E-07	-8.301591E-08	+1.106879E-08	+1.098972E-07	+1.968663E-07	+2.516831E-07	+2.503654E-07	+1.652412E-07	-3.505116E-08	-3.855628E-07	-3.213023E-07	-2.920930E-08	+1.377010E-07	+2.086379E-07	+2.097360E-07	+1.640552E-07	+9.158104E-08	+9.223990E-09	-6.917992E-08	-1.328694E-07	-1.741577E-07	-1.884329E-07	-1.741577E-07	-1.328694E-07	-6.917992E-08	+9.223990E-09	+9.158104E-08	+1.640552E-07	+2.097360E-07	+2.086379E-07	+1.377010E-07	-2.920930E-08	-3.213023E-07	-2.570418E-07	-2.336744E-08	+1.101608E-07	+1.669103E-07	+1.677888E-07	+1.312442E-07	+7.326483E-08	+7.379192E-09	-5.534394E-08	-1.062955E-07	-1.393262E-07	-1.507463E-07	-1.393262E-07	-1.062955E-07	-5.534394E-08	+7.379192E-09	+7.326483E-08	+1.312442E-07	+1.677888E-07	+1.669103E-07	+1.101608E-07	-2.336744E-08	-2.570418E-07	-1.927814E-07	-1.752558E-08	+8.262059E-08	+1.251827E-07	+1.258416E-07	+9.843315E-08	+5.494862E-08	+5.534394E-09	-4.150795E-08	-7.972162E-08	-1.044946E-07	-1.130598E-07	-1.044946E-07	-7.972162E-08	-4.150795E-08	+5.534394E-09	+5.494862E-08	+9.843315E-08	+1.258416E-07	+1.251827E-07	+8.262059E-08	-1.752558E-08	-1.927814E-07	-1.285209E-07	-1.168372E-08	+5.508040E-08	+8.345514E-08	+8.389438E-08	+6.562210E-08	+3.663242E-08	+3.689596E-09	-2.767197E-08	-5.314775E-08	-6.966308E-08	-7.537317E-08	-6.966308E-08	-5.314775E-08	-2.767197E-08	+3.689596E-09	+3.663242E-08	+6.562210E-08	+8.389438E-08	+8.345514E-08	+5.508040E-08	-1.168372E-08	-1.285209E-07	-6.426046E-08	-5.841860E-09	+2.754020E-08	+4.172757E-08	+4.194719E-08	+3.281105E-08	+1.831621E-08	+1.844798E-09	-1.383598E-08	-2.657387E-08	-3.483154E-08	-3.768659E-08	-3.483154E-08	-2.657387E-08	-1.383598E-08	+1.844798E-09	+1.831621E-08	+3.281105E-08	+4.194719E-08	+4.172757E-08	+2.754020E-08	-5.841860E-09	-6.426046E-08	+0.000000E+00	+0.000000E+00	+0.000000E+00	+0.000000E+00	+0.000000E+00	+0.000000E+00	+0.000000E+00	+0.000000E+00	+0.000000E+00	+0.000000E+00	+0.000000E+00	+0.000000E+00
	S	+1.110788E-07	-4.039229E-08	-9.088265E-08	-8.078458E-08	-4.092377E-08	+6.377730E-09	+4.623854E-08	+7.015503E-08	+7.493833E-08	+6.165139E-08	+3.454604E-08	+0.000000E+00	-3.454604E-08	-6.165139E-08	-7.493833E-08	-7.015503E-08	-4.623854E-08	-6.377730E-09	+4.092377E-08	+8.078458E-08	+9.088265E-08	+4.039229E-08	-1.110788E-07	+1.009807E-07	-3.672026E-08	-8.262059E-08	-7.344053E-08	-3.720342E-08	+5.797936E-09	+4.203504E-08	+6.377730E-08	+6.812575E-08	+5.604672E-08	+3.140549E-08	+0.000000E+00	-3.140549E-08	-5.604672E-08	-6.812575E-08	-6.377730E-08	-4.203504E-08	-5.797936E-09	+3.720342E-08	+7.344053E-08	+8.262059E-08	+3.672026E-08	-1.009807E-07	+9.088265E-08	-3.304824E-08	-7.435853E-08	-6.609647E-08	-3.348308E-08	+5.218143E-09	+3.783153E-08	+5.739957E-08	+6.131318E-08	+5.044205E-08	+2.826494E-08	+0.000000E+00	-2.826494E-08	-5.044205E-08	-6.131318E-08	-5.739957E-08	-3.783153E-08	-5.218143E-09	+3.348308E-08	+6.609647E-08	+7.435853E-08	+3.304824E-08	-9.088265E-08	+8.078458E-08	-2.937621E-08	-6.609647E-08	-5.875242E-08	-2.976274E-08	+4.638349E-09	+3.362803E-08	+5.102184E-08	+5.450060E-08	+4.483737E-08	+2.512439E-08	+0.000000E+00	-2.512439E-08	-4.483737E-08	-5.450060E-08	-5.102184E-08	-3.362803E-08	-4.638349E-09	+2.976274E-08	+5.875242E-08	+6.609647E-08	+2.937621E-08	-8.078458E-08	+7.068651E-08	-2.570418E-08	-5.783442E-08	-5.140837E-08	-2.604240E-08	+4.058555E-09	+2.942453E-08	+4.464411E-08	+4.768803E-08	+3.923270E-08	+2.198384E-08	+0.000000E+00	-2.198384E-08	-3.923270E-08	-4.768803E-08	-4.464411E-08	-2.942453E-08	-4.058555E-09	+2.604240E-08	+5.140837E-08	+5.783442E-08	+2.570418E-08	-7.068651E-08	+6.058843E-08	-2.203216E-08	-4.957236E-08	-4.406432E-08	-2.232205E-08	+3.478762E-09	+2.522102E-08	+3.826638E-08	+4.087545E-08	+3.362803E-08	+1.884329E-08	+0.000000E+00	-1.884329E-08	-3.362803E-08	-4.087545E-08	-3.826638E-08	-2.522102E-08	-3.478762E-09	+2.232205E-08	+4.406432E-08	+4.957236E-08	+2.203216E-08	-6.058843E-08	+5.049036E-08	-1.836013E-08	-4.131030E-08	-3.672026E-08	-1.860171E-08	+2.898968E-09	+2.101752E-08	+3.188865E-08	+3.406288E-08	+2.802336E-08	+1.570274E-08	+0.000000E+00	-1.570274E-08	-2.802336E-08	-3.406288E-08	-3.188865E-08	-2.101752E-08	-2.898968E-09	+1.860171E-08	+3.672026E-08	+4.131030E-08	+1.836013E-08	-5.049036E-08	+4.039229E-08	-1.468811E-08	-3.304824E-08	-2.937621E-08	-1.488137E-08	+2.319175E-09	+1.681402E-08	+2.551092E-08	+2.725030E-08	+2.241869E-08	+1.256220E-08	+0.000000E+00	-1.256220E-08	-2.241869E-08	-2.725030E-08	-2.551092E-08	-1.681402E-08	-2.319175E-09	+1.488137E-08	+2.937621E-08	+3.304824E-08	+1.468811E-08	-4.039229E-08	+3.029422E-08	-1.101608E-08	-2.478618E-08	-2.203216E-08	-1.116103E-08	+1.739381E-09	+1.261051E-08	+1.913319E-08	+2.043773E-08	+1.681402E-08	+9.421647E-09	+0.000000E+00	-9.421647E-09	-1.681402E-08	-2.043773E-08	-1.913319E-08	-1.261051E-08	-1.739381E-09	+1.116103E-08	+2.203216E-08	+2.478618E-08	+1.101608E-08	-3.029422E-08	+2.019614E-08	-7.344053E-09	-1.652412E-08	-1.468811E-08	-7.440685E-09	+1.159587E-09	+8.407008E-09	+1.275546E-08	+1.362515E-08	+1.120934E-08	+6.281098E-09	+0.000000E+00	-6.281098E-09	-1.120934E-08	-1.362515E-08	-1.275546E-08	-8.407008E-09	-1.159587E-09	+7.440685E-09	+1.468811E-08	+1.652412E-08	+7.344053E-09	-2.019614E-08	+1.009807E-08	-3.672026E-09	-8.262059E-09	-7.344053E-09	-3.720342E-09	+5.797936E-10	+4.203504E-09	+6.377730E-09	+6.812575E-09	+5.604672E-09	+3.140549E-09	+0.000000E+00	-3.140549E-09	-5.604672E-09	-6.812575E-09	-6.377730E-09	-4.203504E-09	-5.797936E-10	+3.720342E-09	+7.344053E-09	+8.262059E-09	+3.672026E-09	-1.009807E-08	+0.000000E+00	+0.000000E+00	+0.000000E+00	+0.000000E+00	+0.000000E+00	+0.000000E+00	+0.000000E+00	+0.000000E+00	+0.000000E+00	+0.000000E+00	+0.000000E+00	+0.000000E+00
# Matrix ends.
#
#
# ---------------------------------- LICENSE NOTICE -----------------------------------
# THIS DATA IS RELEASED UNDER THE CREATIVE COMMONS LICENSE "CC BY-NC-SA 4.0".
#   This license lets you remix, tweak, and build upon this work non-commercially,
#   as long as you credit me and license your new creations under the terms identical
#   to the current license.
# SEE "https://creativecommons.org/licenses/by-nc-sa/4.0" FOR DETAILS.
#
# RELEASED BY: Chandra Shekhar
#      E-mail: chandraiitk[AT]yahoo[DOT]co[DOT]in
#    Homepage: https://sites.google.com/site/chandraacads
# FOR ANY QUESTION OR COMMENT, OR FOR A COMMERCIAL LICENSE, PLEASE EMAIL ME.
#
# For additional details, please visit my homepage.
#
# ==================================== End of File ====================================
