# ================================== Start of File ====================================
# Spatial dimensions = 2
# Kernel size = 19x19
# Polynomial order = 3x3
# Size of the convolution coefficient matrix = 16x361
#
# Column# 1:
#    S/A => The left and the right halves of the row are symmetric(S)/anti-symmetric(A) about the middle column.
#           If symmetric elements on the right half, their signs are same as the corresponding elements on the left side.
#           If anti-symmetric elements, the signs are opposite.
# Column# 2~181 = the left-half columns of the row.
# Column# 182 = the middle column of the row.
# Column# 183~362, which are the right-half columns, are not stored, because they are symmetric/anti-symmetric
#           of the elements in the column# 181~2, respectively.
# Matrix starts:
	S	+3.618068E-03	+1.356775E-03	-6.384825E-04	-2.367706E-03	-3.830895E-03	-5.028050E-03	-5.959170E-03	-6.624256E-03	-7.023308E-03	-7.156325E-03	-7.023308E-03	-6.624256E-03	-5.959170E-03	-5.028050E-03	-3.830895E-03	-2.367706E-03	-6.384825E-04	+1.356775E-03	+3.618068E-03	+1.356775E-03	+5.087908E-04	-2.394310E-04	-8.878898E-04	-1.436586E-03	-1.885519E-03	-2.234689E-03	-2.484096E-03	-2.633740E-03	-2.683622E-03	-2.633740E-03	-2.484096E-03	-2.234689E-03	-1.885519E-03	-1.436586E-03	-8.878898E-04	-2.394310E-04	+5.087908E-04	+1.356775E-03	-6.384825E-04	-2.394310E-04	+1.126734E-04	+4.178305E-04	+6.760403E-04	+8.873029E-04	+1.051618E-03	+1.168986E-03	+1.239407E-03	+1.262881E-03	+1.239407E-03	+1.168986E-03	+1.051618E-03	+8.873029E-04	+6.760403E-04	+4.178305E-04	+1.126734E-04	-2.394310E-04	-6.384825E-04	-2.367706E-03	-8.878898E-04	+4.178305E-04	+1.549455E-03	+2.506983E-03	+3.290415E-03	+3.899751E-03	+4.334991E-03	+4.596135E-03	+4.683183E-03	+4.596135E-03	+4.334991E-03	+3.899751E-03	+3.290415E-03	+2.506983E-03	+1.549455E-03	+4.178305E-04	-8.878898E-04	-2.367706E-03	-3.830895E-03	-1.436586E-03	+6.760403E-04	+2.506983E-03	+4.056242E-03	+5.323818E-03	+6.309710E-03	+7.013918E-03	+7.436444E-03	+7.577285E-03	+7.436444E-03	+7.013918E-03	+6.309710E-03	+5.323818E-03	+4.056242E-03	+2.506983E-03	+6.760403E-04	-1.436586E-03	-3.830895E-03	-5.028050E-03	-1.885519E-03	+8.873029E-04	+3.290415E-03	+5.323818E-03	+6.987511E-03	+8.281494E-03	+9.205768E-03	+9.760332E-03	+9.945187E-03	+9.760332E-03	+9.205768E-03	+8.281494E-03	+6.987511E-03	+5.323818E-03	+3.290415E-03	+8.873029E-04	-1.885519E-03	-5.028050E-03	-5.959170E-03	-2.234689E-03	+1.051618E-03	+3.899751E-03	+6.309710E-03	+8.281494E-03	+9.815104E-03	+1.091054E-02	+1.156780E-02	+1.178689E-02	+1.156780E-02	+1.091054E-02	+9.815104E-03	+8.281494E-03	+6.309710E-03	+3.899751E-03	+1.051618E-03	-2.234689E-03	-5.959170E-03	-6.624256E-03	-2.484096E-03	+1.168986E-03	+4.334991E-03	+7.013918E-03	+9.205768E-03	+1.091054E-02	+1.212823E-02	+1.285885E-02	+1.310239E-02	+1.285885E-02	+1.212823E-02	+1.091054E-02	+9.205768E-03	+7.013918E-03	+4.334991E-03	+1.168986E-03	-2.484096E-03	-6.624256E-03	-7.023308E-03	-2.633740E-03	+1.239407E-03	+4.596135E-03	+7.436444E-03	+9.760332E-03	+1.156780E-02	+1.285885E-02	+1.363348E-02	+1.389169E-02	+1.363348E-02	+1.285885E-02	+1.156780E-02	+9.760332E-03	+7.436444E-03	+4.596135E-03	+1.239407E-03	-2.633740E-03	-7.023308E-03	-7.156325E-03	-2.683622E-03	+1.262881E-03	+4.683183E-03	+7.577285E-03	+9.945187E-03	+1.178689E-02	+1.310239E-02	+1.389169E-02	+1.415479E-02
	A	-1.630871E-03	-1.598894E-05	+1.092891E-03	+1.759018E-03	+2.045643E-03	+2.016017E-03	+1.733389E-03	+1.261010E-03	+6.621300E-04	+0.000000E+00	-6.621300E-04	-1.261010E-03	-1.733389E-03	-2.016017E-03	-2.045643E-03	-1.759018E-03	-1.092891E-03	+1.598894E-05	+1.630871E-03	-6.115768E-04	-5.995851E-06	+4.098340E-04	+6.596318E-04	+7.671162E-04	+7.560063E-04	+6.500208E-04	+4.728787E-04	+2.482988E-04	+0.000000E+00	-2.482988E-04	-4.728787E-04	-6.500208E-04	-7.560063E-04	-7.671162E-04	-6.596318E-04	-4.098340E-04	+5.995851E-06	+6.115768E-04	+2.878008E-04	+2.821577E-06	-1.928631E-04	-3.104150E-04	-3.609959E-04	-3.557676E-04	-3.058921E-04	-2.225311E-04	-1.168465E-04	+0.000000E+00	+1.168465E-04	+2.225311E-04	+3.058921E-04	+3.557676E-04	+3.609959E-04	+3.104150E-04	+1.928631E-04	-2.821577E-06	-2.878008E-04	+1.067261E-03	+1.046335E-05	-7.152006E-04	-1.151122E-03	-1.338693E-03	-1.319305E-03	-1.134350E-03	-8.252196E-04	-4.333057E-04	+0.000000E+00	+4.333057E-04	+8.252196E-04	+1.134350E-03	+1.319305E-03	+1.338693E-03	+1.151122E-03	+7.152006E-04	-1.046335E-05	-1.067261E-03	+1.726805E-03	+1.692946E-05	-1.157178E-03	-1.862490E-03	-2.165975E-03	-2.134606E-03	-1.835353E-03	-1.335187E-03	-7.010789E-04	+0.000000E+00	+7.010789E-04	+1.335187E-03	+1.835353E-03	+2.134606E-03	+2.165975E-03	+1.862490E-03	+1.157178E-03	-1.692946E-05	-1.726805E-03	+2.266432E-03	+2.221992E-05	-1.518797E-03	-2.444518E-03	-2.842842E-03	-2.801670E-03	-2.408901E-03	-1.752433E-03	-9.201660E-04	+0.000000E+00	+9.201660E-04	+1.752433E-03	+2.408901E-03	+2.801670E-03	+2.842842E-03	+2.444518E-03	+1.518797E-03	-2.221992E-05	-2.266432E-03	+2.686141E-03	+2.633472E-05	-1.800055E-03	-2.897206E-03	-3.369295E-03	-3.320498E-03	-2.854993E-03	-2.076957E-03	-1.090567E-03	+0.000000E+00	+1.090567E-03	+2.076957E-03	+2.854993E-03	+3.320498E-03	+3.369295E-03	+2.897206E-03	+1.800055E-03	-2.633472E-05	-2.686141E-03	+2.985934E-03	+2.927386E-05	-2.000954E-03	-3.220555E-03	-3.745332E-03	-3.691089E-03	-3.173631E-03	-2.308760E-03	-1.212282E-03	+0.000000E+00	+1.212282E-03	+2.308760E-03	+3.173631E-03	+3.691089E-03	+3.745332E-03	+3.220555E-03	+2.000954E-03	-2.927386E-05	-2.985934E-03	+3.165809E-03	+3.103735E-05	-2.121494E-03	-3.414564E-03	-3.970955E-03	-3.913444E-03	-3.364813E-03	-2.447842E-03	-1.285311E-03	+0.000000E+00	+1.285311E-03	+2.447842E-03	+3.364813E-03	+3.913444E-03	+3.970955E-03	+3.414564E-03	+2.121494E-03	-3.103735E-05	-3.165809E-03	+3.225768E-03	+3.162517E-05	-2.161674E-03	-3.479234E-03	-4.046162E-03	-3.987562E-03	-3.428541E-03	-2.494203E-03	-1.309654E-03	+0.000000E+00
	S	-2.261292E-04	-1.507528E-04	-8.424422E-05	-2.660344E-05	+2.216953E-05	+6.207469E-05	+9.311204E-05	+1.152816E-04	+1.285833E-04	+1.330172E-04	+1.285833E-04	+1.152816E-04	+9.311204E-05	+6.207469E-05	+2.216953E-05	-2.660344E-05	-8.424422E-05	-1.507528E-04	-2.261292E-04	-8.479846E-05	-5.653231E-05	-3.159158E-05	-9.976290E-06	+8.313575E-06	+2.327801E-05	+3.491701E-05	+4.323059E-05	+4.821873E-05	+4.988145E-05	+4.821873E-05	+4.323059E-05	+3.491701E-05	+2.327801E-05	+8.313575E-06	-9.976290E-06	-3.159158E-05	-5.653231E-05	-8.479846E-05	+3.990516E-05	+2.660344E-05	+1.486663E-05	+4.694725E-06	-3.912270E-06	-1.095436E-05	-1.643154E-05	-2.034381E-05	-2.269117E-05	-2.347362E-05	-2.269117E-05	-2.034381E-05	-1.643154E-05	-1.095436E-05	-3.912270E-06	+4.694725E-06	+1.486663E-05	+2.660344E-05	+3.990516E-05	+1.479816E-04	+9.865442E-05	+5.513041E-05	+1.740960E-05	-1.450800E-05	-4.062241E-05	-6.093361E-05	-7.544162E-05	-8.414642E-05	-8.704802E-05	-8.414642E-05	-7.544162E-05	-6.093361E-05	-4.062241E-05	-1.450800E-05	+1.740960E-05	+5.513041E-05	+9.865442E-05	+1.479816E-04	+2.394310E-04	+1.596206E-04	+8.919977E-05	+2.816835E-05	-2.347362E-05	-6.572614E-05	-9.858922E-05	-1.220628E-04	-1.361470E-04	-1.408417E-04	-1.361470E-04	-1.220628E-04	-9.858922E-05	-6.572614E-05	-2.347362E-05	+2.816835E-05	+8.919977E-05	+1.596206E-04	+2.394310E-04	+3.142531E-04	+2.095021E-04	+1.170747E-04	+3.697096E-05	-3.080913E-05	-8.626556E-05	-1.293983E-04	-1.602075E-04	-1.786930E-04	-1.848548E-04	-1.786930E-04	-1.602075E-04	-1.293983E-04	-8.626556E-05	-3.080913E-05	+3.697096E-05	+1.170747E-04	+2.095021E-04	+3.142531E-04	+3.724481E-04	+2.482988E-04	+1.387552E-04	+4.381743E-05	-3.651452E-05	-1.022407E-04	-1.533610E-04	-1.898755E-04	-2.117842E-04	-2.190871E-04	-2.117842E-04	-1.898755E-04	-1.533610E-04	-1.022407E-04	-3.651452E-05	+4.381743E-05	+1.387552E-04	+2.482988E-04	+3.724481E-04	+4.140160E-04	+2.760107E-04	+1.542413E-04	+4.870777E-05	-4.058981E-05	-1.136515E-04	-1.704772E-04	-2.110670E-04	-2.354209E-04	-2.435388E-04	-2.354209E-04	-2.110670E-04	-1.704772E-04	-1.136515E-04	-4.058981E-05	+4.870777E-05	+1.542413E-04	+2.760107E-04	+4.140160E-04	+4.389567E-04	+2.926378E-04	+1.635329E-04	+5.164197E-05	-4.303498E-05	-1.204979E-04	-1.807469E-04	-2.237819E-04	-2.496029E-04	-2.582099E-04	-2.496029E-04	-2.237819E-04	-1.807469E-04	-1.204979E-04	-4.303498E-05	+5.164197E-05	+1.635329E-04	+2.926378E-04	+4.389567E-04	+4.472703E-04	+2.981802E-04	+1.666301E-04	+5.262004E-05	-4.385003E-05	-1.227801E-04	-1.841701E-04	-2.280202E-04	-2.543302E-04	-2.631002E-04
	A	+4.796681E-05	+1.598894E-05	-6.583679E-06	-2.092670E-05	-2.821577E-05	-2.962656E-05	-2.633472E-05	-1.951591E-05	-1.034578E-05	+0.000000E+00	+1.034578E-05	+1.951591E-05	+2.633472E-05	+2.962656E-05	+2.821577E-05	+2.092670E-05	+6.583679E-06	-1.598894E-05	-4.796681E-05	+1.798755E-05	+5.995851E-06	-2.468880E-06	-7.847511E-06	-1.058091E-05	-1.110996E-05	-9.875519E-06	-7.318465E-06	-3.879668E-06	+0.000000E+00	+3.879668E-06	+7.318465E-06	+9.875519E-06	+1.110996E-05	+1.058091E-05	+7.847511E-06	+2.468880E-06	-5.995851E-06	-1.798755E-05	-8.464731E-06	-2.821577E-06	+1.161826E-06	+3.692946E-06	+4.979253E-06	+5.228216E-06	+4.647303E-06	+3.443984E-06	+1.825726E-06	+0.000000E+00	-1.825726E-06	-3.443984E-06	-4.647303E-06	-5.228216E-06	-4.979253E-06	-3.692946E-06	-1.161826E-06	+2.821577E-06	+8.464731E-06	-3.139004E-05	-1.046335E-05	+4.308437E-06	+1.369468E-05	+1.846473E-05	+1.938797E-05	+1.723375E-05	+1.277144E-05	+6.770401E-06	+0.000000E+00	-6.770401E-06	-1.277144E-05	-1.723375E-05	-1.938797E-05	-1.846473E-05	-1.369468E-05	-4.308437E-06	+1.046335E-05	+3.139004E-05	-5.078838E-05	-1.692946E-05	+6.970955E-06	+2.215768E-05	+2.987552E-05	+3.136930E-05	+2.788382E-05	+2.066390E-05	+1.095436E-05	+0.000000E+00	-1.095436E-05	-2.066390E-05	-2.788382E-05	-3.136930E-05	-2.987552E-05	-2.215768E-05	-6.970955E-06	+1.692946E-05	+5.078838E-05	-6.665975E-05	-2.221992E-05	+9.149378E-06	+2.908195E-05	+3.921162E-05	+4.117220E-05	+3.659751E-05	+2.712137E-05	+1.437759E-05	+0.000000E+00	-1.437759E-05	-2.712137E-05	-3.659751E-05	-4.117220E-05	-3.921162E-05	-2.908195E-05	-9.149378E-06	+2.221992E-05	+6.665975E-05	-7.900415E-05	-2.633472E-05	+1.084371E-05	+3.446750E-05	+4.647303E-05	+4.879668E-05	+4.337483E-05	+3.214385E-05	+1.704011E-05	+0.000000E+00	-1.704011E-05	-3.214385E-05	-4.337483E-05	-4.879668E-05	-4.647303E-05	-3.446750E-05	-1.084371E-05	+2.633472E-05	+7.900415E-05	-8.782158E-05	-2.927386E-05	+1.205394E-05	+3.831432E-05	+5.165975E-05	+5.424274E-05	+4.821577E-05	+3.573133E-05	+1.894191E-05	+0.000000E+00	-1.894191E-05	-3.573133E-05	-4.821577E-05	-5.424274E-05	-5.165975E-05	-3.831432E-05	-1.205394E-05	+2.927386E-05	+8.782158E-05	-9.311204E-05	-3.103735E-05	+1.278008E-05	+4.062241E-05	+5.477179E-05	+5.751038E-05	+5.112033E-05	+3.788382E-05	+2.008299E-05	+0.000000E+00	-2.008299E-05	-3.788382E-05	-5.112033E-05	-5.751038E-05	-5.477179E-05	-4.062241E-05	-1.278008E-05	+3.103735E-05	+9.311204E-05	-9.487552E-05	-3.162517E-05	+1.302213E-05	+4.139177E-05	+5.580913E-05	+5.859959E-05	+5.208852E-05	+3.860132E-05	+2.046335E-05	+0.000000E+00
	A	-1.630871E-03	-6.115768E-04	+2.878008E-04	+1.067261E-03	+1.726805E-03	+2.266432E-03	+2.686141E-03	+2.985934E-03	+3.165809E-03	+3.225768E-03	+3.165809E-03	+2.985934E-03	+2.686141E-03	+2.266432E-03	+1.726805E-03	+1.067261E-03	+2.878008E-04	-6.115768E-04	-1.630871E-03	-1.598894E-05	-5.995851E-06	+2.821577E-06	+1.046335E-05	+1.692946E-05	+2.221992E-05	+2.633472E-05	+2.927386E-05	+3.103735E-05	+3.162517E-05	+3.103735E-05	+2.927386E-05	+2.633472E-05	+2.221992E-05	+1.692946E-05	+1.046335E-05	+2.821577E-06	-5.995851E-06	-1.598894E-05	+1.092891E-03	+4.098340E-04	-1.928631E-04	-7.152006E-04	-1.157178E-03	-1.518797E-03	-1.800055E-03	-2.000954E-03	-2.121494E-03	-2.161674E-03	-2.121494E-03	-2.000954E-03	-1.800055E-03	-1.518797E-03	-1.157178E-03	-7.152006E-04	-1.928631E-04	+4.098340E-04	+1.092891E-03	+1.759018E-03	+6.596318E-04	-3.104150E-04	-1.151122E-03	-1.862490E-03	-2.444518E-03	-2.897206E-03	-3.220555E-03	-3.414564E-03	-3.479234E-03	-3.414564E-03	-3.220555E-03	-2.897206E-03	-2.444518E-03	-1.862490E-03	-1.151122E-03	-3.104150E-04	+6.596318E-04	+1.759018E-03	+2.045643E-03	+7.671162E-04	-3.609959E-04	-1.338693E-03	-2.165975E-03	-2.842842E-03	-3.369295E-03	-3.745332E-03	-3.970955E-03	-4.046162E-03	-3.970955E-03	-3.745332E-03	-3.369295E-03	-2.842842E-03	-2.165975E-03	-1.338693E-03	-3.609959E-04	+7.671162E-04	+2.045643E-03	+2.016017E-03	+7.560063E-04	-3.557676E-04	-1.319305E-03	-2.134606E-03	-2.801670E-03	-3.320498E-03	-3.691089E-03	-3.913444E-03	-3.987562E-03	-3.913444E-03	-3.691089E-03	-3.320498E-03	-2.801670E-03	-2.134606E-03	-1.319305E-03	-3.557676E-04	+7.560063E-04	+2.016017E-03	+1.733389E-03	+6.500208E-04	-3.058921E-04	-1.134350E-03	-1.835353E-03	-2.408901E-03	-2.854993E-03	-3.173631E-03	-3.364813E-03	-3.428541E-03	-3.364813E-03	-3.173631E-03	-2.854993E-03	-2.408901E-03	-1.835353E-03	-1.134350E-03	-3.058921E-04	+6.500208E-04	+1.733389E-03	+1.261010E-03	+4.728787E-04	-2.225311E-04	-8.252196E-04	-1.335187E-03	-1.752433E-03	-2.076957E-03	-2.308760E-03	-2.447842E-03	-2.494203E-03	-2.447842E-03	-2.308760E-03	-2.076957E-03	-1.752433E-03	-1.335187E-03	-8.252196E-04	-2.225311E-04	+4.728787E-04	+1.261010E-03	+6.621300E-04	+2.482988E-04	-1.168465E-04	-4.333057E-04	-7.010789E-04	-9.201660E-04	-1.090567E-03	-1.212282E-03	-1.285311E-03	-1.309654E-03	-1.285311E-03	-1.212282E-03	-1.090567E-03	-9.201660E-04	-7.010789E-04	-4.333057E-04	-1.168465E-04	+2.482988E-04	+6.621300E-04	+0.000000E+00	+0.000000E+00	+0.000000E+00	+0.000000E+00	+0.000000E+00	+0.000000E+00	+0.000000E+00	+0.000000E+00	+0.000000E+00	+0.000000E+00
	S	+7.351277E-04	+7.207134E-06	-4.926288E-04	-7.928907E-04	-9.220892E-04	-9.087348E-04	-7.813381E-04	-5.684097E-04	-2.984601E-04	+0.000000E+00	+2.984601E-04	+5.684097E-04	+7.813381E-04	+9.087348E-04	+9.220892E-04	+7.928907E-04	+4.926288E-04	-7.207134E-06	-7.351277E-04	+7.207134E-06	+7.065818E-08	-4.829694E-06	-7.773438E-06	-9.040090E-06	-8.909165E-06	-7.660177E-06	-5.572644E-06	-2.926080E-06	+0.000000E+00	+2.926080E-06	+5.572644E-06	+7.660177E-06	+8.909165E-06	+9.040090E-06	+7.773438E-06	+4.829694E-06	-7.065818E-08	-7.207134E-06	-4.926288E-04	-4.829694E-06	+3.301238E-04	+5.313374E-04	+6.179167E-04	+6.089676E-04	+5.235957E-04	+3.809066E-04	+2.000062E-04	+0.000000E+00	-2.000062E-04	-3.809066E-04	-5.235957E-04	-6.089676E-04	-6.179167E-04	-5.313374E-04	-3.301238E-04	+4.829694E-06	+4.926288E-04	-7.928907E-04	-7.773438E-06	+5.313374E-04	+8.551925E-04	+9.945429E-04	+9.801391E-04	+8.427322E-04	+6.130728E-04	+3.219118E-04	+0.000000E+00	-3.219118E-04	-6.130728E-04	-8.427322E-04	-9.801391E-04	-9.945429E-04	-8.551925E-04	-5.313374E-04	+7.773438E-06	+7.928907E-04	-9.220892E-04	-9.040090E-06	+6.179167E-04	+9.945429E-04	+1.156600E-03	+1.139849E-03	+9.800521E-04	+7.129706E-04	+3.743661E-04	+0.000000E+00	-3.743661E-04	-7.129706E-04	-9.800521E-04	-1.139849E-03	-1.156600E-03	-9.945429E-04	-6.179167E-04	+9.040090E-06	+9.220892E-04	-9.087348E-04	-8.909165E-06	+6.089676E-04	+9.801391E-04	+1.139849E-03	+1.123341E-03	+9.658583E-04	+7.026449E-04	+3.689442E-04	+0.000000E+00	-3.689442E-04	-7.026449E-04	-9.658583E-04	-1.123341E-03	-1.139849E-03	-9.801391E-04	-6.089676E-04	+8.909165E-06	+9.087348E-04	-7.813381E-04	-7.660177E-06	+5.235957E-04	+8.427322E-04	+9.800521E-04	+9.658583E-04	+8.304534E-04	+6.041402E-04	+3.172215E-04	+0.000000E+00	-3.172215E-04	-6.041402E-04	-8.304534E-04	-9.658583E-04	-9.800521E-04	-8.427322E-04	-5.235957E-04	+7.660177E-06	+7.813381E-04	-5.684097E-04	-5.572644E-06	+3.809066E-04	+6.130728E-04	+7.129706E-04	+7.026449E-04	+6.041402E-04	+4.395013E-04	+2.307730E-04	+0.000000E+00	-2.307730E-04	-4.395013E-04	-6.041402E-04	-7.026449E-04	-7.129706E-04	-6.130728E-04	-3.809066E-04	+5.572644E-06	+5.684097E-04	-2.984601E-04	-2.926080E-06	+2.000062E-04	+3.219118E-04	+3.743661E-04	+3.689442E-04	+3.172215E-04	+2.307730E-04	+1.211741E-04	+0.000000E+00	-1.211741E-04	-2.307730E-04	-3.172215E-04	-3.689442E-04	-3.743661E-04	-3.219118E-04	-2.000062E-04	+2.926080E-06	+2.984601E-04	+0.000000E+00	+0.000000E+00	+0.000000E+00	+0.000000E+00	+0.000000E+00	+0.000000E+00	+0.000000E+00	+0.000000E+00	+0.000000E+00	+0.000000E+00
	A	+1.019295E-04	+6.795298E-05	+3.797372E-05	+1.199170E-05	-9.993085E-06	-2.798064E-05	-4.197096E-05	-5.196404E-05	-5.795989E-05	-5.995851E-05	-5.795989E-05	-5.196404E-05	-4.197096E-05	-2.798064E-05	-9.993085E-06	+1.199170E-05	+3.797372E-05	+6.795298E-05	+1.019295E-04	+9.993085E-07	+6.662057E-07	+3.722914E-07	+1.175657E-07	-9.797142E-08	-2.743200E-07	-4.114800E-07	-5.094514E-07	-5.682342E-07	-5.878285E-07	-5.682342E-07	-5.094514E-07	-4.114800E-07	-2.743200E-07	-9.797142E-08	+1.175657E-07	+3.722914E-07	+6.662057E-07	+9.993085E-07	-6.830567E-05	-4.553712E-05	-2.544721E-05	-8.035962E-06	+6.696635E-06	+1.875058E-05	+2.812587E-05	+3.482250E-05	+3.884048E-05	+4.017981E-05	+3.884048E-05	+3.482250E-05	+2.812587E-05	+1.875058E-05	+6.696635E-06	-8.035962E-06	-2.544721E-05	-4.553712E-05	-6.830567E-05	-1.099386E-04	-7.329242E-05	-4.095753E-05	-1.293396E-05	+1.077830E-05	+3.017923E-05	+4.526885E-05	+5.604714E-05	+6.251412E-05	+6.466978E-05	+6.251412E-05	+5.604714E-05	+4.526885E-05	+3.017923E-05	+1.077830E-05	-1.293396E-05	-4.095753E-05	-7.329242E-05	-1.099386E-04	-1.278527E-04	-8.523513E-05	-4.763140E-05	-1.504149E-05	+1.253458E-05	+3.509682E-05	+5.264523E-05	+6.517981E-05	+7.270056E-05	+7.520747E-05	+7.270056E-05	+6.517981E-05	+5.264523E-05	+3.509682E-05	+1.253458E-05	-1.504149E-05	-4.763140E-05	-8.523513E-05	-1.278527E-04	-1.260010E-04	-8.400070E-05	-4.694156E-05	-1.482365E-05	+1.235304E-05	+3.458852E-05	+5.188278E-05	+6.423583E-05	+7.164765E-05	+7.411826E-05	+7.164765E-05	+6.423583E-05	+5.188278E-05	+3.458852E-05	+1.235304E-05	-1.482365E-05	-4.694156E-05	-8.400070E-05	-1.260010E-04	-1.083368E-04	-7.222453E-05	-4.036077E-05	-1.274551E-05	+1.062125E-05	+2.973951E-05	+4.460927E-05	+5.523052E-05	+6.160328E-05	+6.372753E-05	+6.160328E-05	+5.523052E-05	+4.460927E-05	+2.973951E-05	+1.062125E-05	-1.274551E-05	-4.036077E-05	-7.222453E-05	-1.083368E-04	-7.881311E-05	-5.254207E-05	-2.936175E-05	-9.272130E-06	+7.726775E-06	+2.163497E-05	+3.245246E-05	+4.017923E-05	+4.481530E-05	+4.636065E-05	+4.481530E-05	+4.017923E-05	+3.245246E-05	+2.163497E-05	+7.726775E-06	-9.272130E-06	-2.936175E-05	-5.254207E-05	-7.881311E-05	-4.138313E-05	-2.758875E-05	-1.541724E-05	-4.868603E-06	+4.057169E-06	+1.136007E-05	+1.704011E-05	+2.109728E-05	+2.353158E-05	+2.434302E-05	+2.353158E-05	+2.109728E-05	+1.704011E-05	+1.136007E-05	+4.057169E-06	-4.868603E-06	-1.541724E-05	-2.758875E-05	-4.138313E-05	+0.000000E+00	+0.000000E+00	+0.000000E+00	+0.000000E+00	+0.000000E+00	+0.000000E+00	+0.000000E+00	+0.000000E+00	+0.000000E+00	+0.000000E+00
	S	-2.162140E-05	-7.207134E-06	+2.967643E-06	+9.432866E-06	+1.271847E-05	+1.335440E-05	+1.187057E-05	+8.796943E-06	+4.663440E-06	+0.000000E+00	-4.663440E-06	-8.796943E-06	-1.187057E-05	-1.335440E-05	-1.271847E-05	-9.432866E-06	-2.967643E-06	+7.207134E-06	+2.162140E-05	-2.119745E-07	-7.065818E-08	+2.909454E-08	+9.247908E-08	+1.246909E-07	+1.309254E-07	+1.163782E-07	+8.624454E-08	+4.572000E-08	+0.000000E+00	-4.572000E-08	-8.624454E-08	-1.163782E-07	-1.309254E-07	-1.246909E-07	-9.247908E-08	-2.909454E-08	+7.065818E-08	+2.119745E-07	+1.448908E-05	+4.829694E-06	-1.988698E-06	-6.321217E-06	-8.522990E-06	-8.949139E-06	-7.954790E-06	-5.895068E-06	-3.125096E-06	+0.000000E+00	+3.125096E-06	+5.895068E-06	+7.954790E-06	+8.949139E-06	+8.522990E-06	+6.321217E-06	+1.988698E-06	-4.829694E-06	-1.448908E-05	+2.332032E-05	+7.773438E-06	-3.200828E-06	-1.017406E-05	-1.371783E-05	-1.440372E-05	-1.280331E-05	-9.488167E-06	-5.029872E-06	+0.000000E+00	+5.029872E-06	+9.488167E-06	+1.280331E-05	+1.440372E-05	+1.371783E-05	+1.017406E-05	+3.200828E-06	-7.773438E-06	-2.332032E-05	+2.712027E-05	+9.040090E-06	-3.722390E-06	-1.183188E-05	-1.595310E-05	-1.675076E-05	-1.488956E-05	-1.103423E-05	-5.849470E-06	+0.000000E+00	+5.849470E-06	+1.103423E-05	+1.488956E-05	+1.675076E-05	+1.595310E-05	+1.183188E-05	+3.722390E-06	-9.040090E-06	-2.712027E-05	+2.672749E-05	+8.909165E-06	-3.668480E-06	-1.166052E-05	-1.572206E-05	-1.650816E-05	-1.467392E-05	-1.087442E-05	-5.764754E-06	+0.000000E+00	+5.764754E-06	+1.087442E-05	+1.467392E-05	+1.650816E-05	+1.572206E-05	+1.166052E-05	+3.668480E-06	-8.909165E-06	-2.672749E-05	+2.298053E-05	+7.660177E-06	-3.154191E-06	-1.002582E-05	-1.351796E-05	-1.419386E-05	-1.261676E-05	-9.349922E-06	-4.956585E-06	+0.000000E+00	+4.956585E-06	+9.349922E-06	+1.261676E-05	+1.419386E-05	+1.351796E-05	+1.002582E-05	+3.154191E-06	-7.660177E-06	-2.298053E-05	+1.671793E-05	+5.572644E-06	-2.294618E-06	-7.293608E-06	-9.834078E-06	-1.032578E-05	-9.178473E-06	-6.801904E-06	-3.605828E-06	+0.000000E+00	+3.605828E-06	+6.801904E-06	+9.178473E-06	+1.032578E-05	+9.834078E-06	+7.293608E-06	+2.294618E-06	-5.572644E-06	-1.671793E-05	+8.778239E-06	+2.926080E-06	-1.204856E-06	-3.829722E-06	-5.163670E-06	-5.421854E-06	-4.819425E-06	-3.571538E-06	-1.893346E-06	+0.000000E+00	+1.893346E-06	+3.571538E-06	+4.819425E-06	+5.421854E-06	+5.163670E-06	+3.829722E-06	+1.204856E-06	-2.926080E-06	-8.778239E-06	+0.000000E+00	+0.000000E+00	+0.000000E+00	+0.000000E+00	+0.000000E+00	+0.000000E+00	+0.000000E+00	+0.000000E+00	+0.000000E+00	+0.000000E+00
	S	-2.261292E-04	-8.479846E-05	+3.990516E-05	+1.479816E-04	+2.394310E-04	+3.142531E-04	+3.724481E-04	+4.140160E-04	+4.389567E-04	+4.472703E-04	+4.389567E-04	+4.140160E-04	+3.724481E-04	+3.142531E-04	+2.394310E-04	+1.479816E-04	+3.990516E-05	-8.479846E-05	-2.261292E-04	-1.507528E-04	-5.653231E-05	+2.660344E-05	+9.865442E-05	+1.596206E-04	+2.095021E-04	+2.482988E-04	+2.760107E-04	+2.926378E-04	+2.981802E-04	+2.926378E-04	+2.760107E-04	+2.482988E-04	+2.095021E-04	+1.596206E-04	+9.865442E-05	+2.660344E-05	-5.653231E-05	-1.507528E-04	-8.424422E-05	-3.159158E-05	+1.486663E-05	+5.513041E-05	+8.919977E-05	+1.170747E-04	+1.387552E-04	+1.542413E-04	+1.635329E-04	+1.666301E-04	+1.635329E-04	+1.542413E-04	+1.387552E-04	+1.170747E-04	+8.919977E-05	+5.513041E-05	+1.486663E-05	-3.159158E-05	-8.424422E-05	-2.660344E-05	-9.976290E-06	+4.694725E-06	+1.740960E-05	+2.816835E-05	+3.697096E-05	+4.381743E-05	+4.870777E-05	+5.164197E-05	+5.262004E-05	+5.164197E-05	+4.870777E-05	+4.381743E-05	+3.697096E-05	+2.816835E-05	+1.740960E-05	+4.694725E-06	-9.976290E-06	-2.660344E-05	+2.216953E-05	+8.313575E-06	-3.912270E-06	-1.450800E-05	-2.347362E-05	-3.080913E-05	-3.651452E-05	-4.058981E-05	-4.303498E-05	-4.385003E-05	-4.303498E-05	-4.058981E-05	-3.651452E-05	-3.080913E-05	-2.347362E-05	-1.450800E-05	-3.912270E-06	+8.313575E-06	+2.216953E-05	+6.207469E-05	+2.327801E-05	-1.095436E-05	-4.062241E-05	-6.572614E-05	-8.626556E-05	-1.022407E-04	-1.136515E-04	-1.204979E-04	-1.227801E-04	-1.204979E-04	-1.136515E-04	-1.022407E-04	-8.626556E-05	-6.572614E-05	-4.062241E-05	-1.095436E-05	+2.327801E-05	+6.207469E-05	+9.311204E-05	+3.491701E-05	-1.643154E-05	-6.093361E-05	-9.858922E-05	-1.293983E-04	-1.533610E-04	-1.704772E-04	-1.807469E-04	-1.841701E-04	-1.807469E-04	-1.704772E-04	-1.533610E-04	-1.293983E-04	-9.858922E-05	-6.093361E-05	-1.643154E-05	+3.491701E-05	+9.311204E-05	+1.152816E-04	+4.323059E-05	-2.034381E-05	-7.544162E-05	-1.220628E-04	-1.602075E-04	-1.898755E-04	-2.110670E-04	-2.237819E-04	-2.280202E-04	-2.237819E-04	-2.110670E-04	-1.898755E-04	-1.602075E-04	-1.220628E-04	-7.544162E-05	-2.034381E-05	+4.323059E-05	+1.152816E-04	+1.285833E-04	+4.821873E-05	-2.269117E-05	-8.414642E-05	-1.361470E-04	-1.786930E-04	-2.117842E-04	-2.354209E-04	-2.496029E-04	-2.543302E-04	-2.496029E-04	-2.354209E-04	-2.117842E-04	-1.786930E-04	-1.361470E-04	-8.414642E-05	-2.269117E-05	+4.821873E-05	+1.285833E-04	+1.330172E-04	+4.988145E-05	-2.347362E-05	-8.704802E-05	-1.408417E-04	-1.848548E-04	-2.190871E-04	-2.435388E-04	-2.582099E-04	-2.631002E-04
	A	+1.019295E-04	+9.993085E-07	-6.830567E-05	-1.099386E-04	-1.278527E-04	-1.260010E-04	-1.083368E-04	-7.881311E-05	-4.138313E-05	+0.000000E+00	+4.138313E-05	+7.881311E-05	+1.083368E-04	+1.260010E-04	+1.278527E-04	+1.099386E-04	+6.830567E-05	-9.993085E-07	-1.019295E-04	+6.795298E-05	+6.662057E-07	-4.553712E-05	-7.329242E-05	-8.523513E-05	-8.400070E-05	-7.222453E-05	-5.254207E-05	-2.758875E-05	+0.000000E+00	+2.758875E-05	+5.254207E-05	+7.222453E-05	+8.400070E-05	+8.523513E-05	+7.329242E-05	+4.553712E-05	-6.662057E-07	-6.795298E-05	+3.797372E-05	+3.722914E-07	-2.544721E-05	-4.095753E-05	-4.763140E-05	-4.694156E-05	-4.036077E-05	-2.936175E-05	-1.541724E-05	+0.000000E+00	+1.541724E-05	+2.936175E-05	+4.036077E-05	+4.694156E-05	+4.763140E-05	+4.095753E-05	+2.544721E-05	-3.722914E-07	-3.797372E-05	+1.199170E-05	+1.175657E-07	-8.035962E-06	-1.293396E-05	-1.504149E-05	-1.482365E-05	-1.274551E-05	-9.272130E-06	-4.868603E-06	+0.000000E+00	+4.868603E-06	+9.272130E-06	+1.274551E-05	+1.482365E-05	+1.504149E-05	+1.293396E-05	+8.035962E-06	-1.175657E-07	-1.199170E-05	-9.993085E-06	-9.797142E-08	+6.696635E-06	+1.077830E-05	+1.253458E-05	+1.235304E-05	+1.062125E-05	+7.726775E-06	+4.057169E-06	+0.000000E+00	-4.057169E-06	-7.726775E-06	-1.062125E-05	-1.235304E-05	-1.253458E-05	-1.077830E-05	-6.696635E-06	+9.797142E-08	+9.993085E-06	-2.798064E-05	-2.743200E-07	+1.875058E-05	+3.017923E-05	+3.509682E-05	+3.458852E-05	+2.973951E-05	+2.163497E-05	+1.136007E-05	+0.000000E+00	-1.136007E-05	-2.163497E-05	-2.973951E-05	-3.458852E-05	-3.509682E-05	-3.017923E-05	-1.875058E-05	+2.743200E-07	+2.798064E-05	-4.197096E-05	-4.114800E-07	+2.812587E-05	+4.526885E-05	+5.264523E-05	+5.188278E-05	+4.460927E-05	+3.245246E-05	+1.704011E-05	+0.000000E+00	-1.704011E-05	-3.245246E-05	-4.460927E-05	-5.188278E-05	-5.264523E-05	-4.526885E-05	-2.812587E-05	+4.114800E-07	+4.197096E-05	-5.196404E-05	-5.094514E-07	+3.482250E-05	+5.604714E-05	+6.517981E-05	+6.423583E-05	+5.523052E-05	+4.017923E-05	+2.109728E-05	+0.000000E+00	-2.109728E-05	-4.017923E-05	-5.523052E-05	-6.423583E-05	-6.517981E-05	-5.604714E-05	-3.482250E-05	+5.094514E-07	+5.196404E-05	-5.795989E-05	-5.682342E-07	+3.884048E-05	+6.251412E-05	+7.270056E-05	+7.164765E-05	+6.160328E-05	+4.481530E-05	+2.353158E-05	+0.000000E+00	-2.353158E-05	-4.481530E-05	-6.160328E-05	-7.164765E-05	-7.270056E-05	-6.251412E-05	-3.884048E-05	+5.682342E-07	+5.795989E-05	-5.995851E-05	-5.878285E-07	+4.017981E-05	+6.466978E-05	+7.520747E-05	+7.411826E-05	+6.372753E-05	+4.636065E-05	+2.434302E-05	+0.000000E+00
	S	+1.413308E-05	+9.422051E-06	+5.265264E-06	+1.662715E-06	-1.385596E-06	-3.879668E-06	-5.819502E-06	-7.205098E-06	-8.036456E-06	-8.313575E-06	-8.036456E-06	-7.205098E-06	-5.819502E-06	-3.879668E-06	-1.385596E-06	+1.662715E-06	+5.265264E-06	+9.422051E-06	+1.413308E-05	+9.422051E-06	+6.281368E-06	+3.510176E-06	+1.108477E-06	-9.237305E-07	-2.586445E-06	-3.879668E-06	-4.803399E-06	-5.357637E-06	-5.542383E-06	-5.357637E-06	-4.803399E-06	-3.879668E-06	-2.586445E-06	-9.237305E-07	+1.108477E-06	+3.510176E-06	+6.281368E-06	+9.422051E-06	+5.265264E-06	+3.510176E-06	+1.961569E-06	+6.194428E-07	-5.162024E-07	-1.445367E-06	-2.168050E-06	-2.684252E-06	-2.993974E-06	-3.097214E-06	-2.993974E-06	-2.684252E-06	-2.168050E-06	-1.445367E-06	-5.162024E-07	+6.194428E-07	+1.961569E-06	+3.510176E-06	+5.265264E-06	+1.662715E-06	+1.108477E-06	+6.194428E-07	+1.956135E-07	-1.630113E-07	-4.564316E-07	-6.846473E-07	-8.476586E-07	-9.454654E-07	-9.780676E-07	-9.454654E-07	-8.476586E-07	-6.846473E-07	-4.564316E-07	-1.630113E-07	+1.956135E-07	+6.194428E-07	+1.108477E-06	+1.662715E-06	-1.385596E-06	-9.237305E-07	-5.162024E-07	-1.630113E-07	+1.358427E-07	+3.803596E-07	+5.705394E-07	+7.063822E-07	+7.878878E-07	+8.150563E-07	+7.878878E-07	+7.063822E-07	+5.705394E-07	+3.803596E-07	+1.358427E-07	-1.630113E-07	-5.162024E-07	-9.237305E-07	-1.385596E-06	-3.879668E-06	-2.586445E-06	-1.445367E-06	-4.564316E-07	+3.803596E-07	+1.065007E-06	+1.597510E-06	+1.977870E-06	+2.206086E-06	+2.282158E-06	+2.206086E-06	+1.977870E-06	+1.597510E-06	+1.065007E-06	+3.803596E-07	-4.564316E-07	-1.445367E-06	-2.586445E-06	-3.879668E-06	-5.819502E-06	-3.879668E-06	-2.168050E-06	-6.846473E-07	+5.705394E-07	+1.597510E-06	+2.396266E-06	+2.966805E-06	+3.309129E-06	+3.423237E-06	+3.309129E-06	+2.966805E-06	+2.396266E-06	+1.597510E-06	+5.705394E-07	-6.846473E-07	-2.168050E-06	-3.879668E-06	-5.819502E-06	-7.205098E-06	-4.803399E-06	-2.684252E-06	-8.476586E-07	+7.063822E-07	+1.977870E-06	+2.966805E-06	+3.673187E-06	+4.097017E-06	+4.238293E-06	+4.097017E-06	+3.673187E-06	+2.966805E-06	+1.977870E-06	+7.063822E-07	-8.476586E-07	-2.684252E-06	-4.803399E-06	-7.205098E-06	-8.036456E-06	-5.357637E-06	-2.993974E-06	-9.454654E-07	+7.878878E-07	+2.206086E-06	+3.309129E-06	+4.097017E-06	+4.569749E-06	+4.727327E-06	+4.569749E-06	+4.097017E-06	+3.309129E-06	+2.206086E-06	+7.878878E-07	-9.454654E-07	-2.993974E-06	-5.357637E-06	-8.036456E-06	-8.313575E-06	-5.542383E-06	-3.097214E-06	-9.780676E-07	+8.150563E-07	+2.282158E-06	+3.423237E-06	+4.238293E-06	+4.727327E-06	+4.890338E-06
	A	-2.997925E-06	-9.993085E-07	+4.114800E-07	+1.307918E-06	+1.763486E-06	+1.851660E-06	+1.645920E-06	+1.219744E-06	+6.466114E-07	+0.000000E+00	-6.466114E-07	-1.219744E-06	-1.645920E-06	-1.851660E-06	-1.763486E-06	-1.307918E-06	-4.114800E-07	+9.993085E-07	+2.997925E-06	-1.998617E-06	-6.662057E-07	+2.743200E-07	+8.719456E-07	+1.175657E-06	+1.234440E-06	+1.097280E-06	+8.131628E-07	+4.310742E-07	+0.000000E+00	-4.310742E-07	-8.131628E-07	-1.097280E-06	-1.234440E-06	-1.175657E-06	-8.719456E-07	-2.743200E-07	+6.662057E-07	+1.998617E-06	-1.116874E-06	-3.722914E-07	+1.532965E-07	+4.872637E-07	+6.569848E-07	+6.898341E-07	+6.131858E-07	+4.544145E-07	+2.408944E-07	+0.000000E+00	-2.408944E-07	-4.544145E-07	-6.131858E-07	-6.898341E-07	-6.569848E-07	-4.872637E-07	-1.532965E-07	+3.722914E-07	+1.116874E-06	-3.526971E-07	-1.175657E-07	+4.840941E-08	+1.538728E-07	+2.074689E-07	+2.178423E-07	+1.936376E-07	+1.434993E-07	+7.607193E-08	+0.000000E+00	-7.607193E-08	-1.434993E-07	-1.936376E-07	-2.178423E-07	-2.074689E-07	-1.538728E-07	-4.840941E-08	+1.175657E-07	+3.526971E-07	+2.939143E-07	+9.797142E-08	-4.034117E-08	-1.282273E-07	-1.728907E-07	-1.815353E-07	-1.613647E-07	-1.195828E-07	-6.339327E-08	+0.000000E+00	+6.339327E-08	+1.195828E-07	+1.613647E-07	+1.815353E-07	+1.728907E-07	+1.282273E-07	+4.034117E-08	-9.797142E-08	-2.939143E-07	+8.229599E-07	+2.743200E-07	-1.129553E-07	-3.590364E-07	-4.840941E-07	-5.082988E-07	-4.518211E-07	-3.348317E-07	-1.775012E-07	+0.000000E+00	+1.775012E-07	+3.348317E-07	+4.518211E-07	+5.082988E-07	+4.840941E-07	+3.590364E-07	+1.129553E-07	-2.743200E-07	-8.229599E-07	+1.234440E-06	+4.114800E-07	-1.694329E-07	-5.385547E-07	-7.261411E-07	-7.624482E-07	-6.777317E-07	-5.022476E-07	-2.662517E-07	+0.000000E+00	+2.662517E-07	+5.022476E-07	+6.777317E-07	+7.624482E-07	+7.261411E-07	+5.385547E-07	+1.694329E-07	-4.114800E-07	-1.234440E-06	+1.528354E-06	+5.094514E-07	-2.097741E-07	-6.667820E-07	-8.990318E-07	-9.439834E-07	-8.390964E-07	-6.218304E-07	-3.296450E-07	+0.000000E+00	+3.296450E-07	+6.218304E-07	+8.390964E-07	+9.439834E-07	+8.990318E-07	+6.667820E-07	+2.097741E-07	-5.094514E-07	-1.528354E-06	+1.704703E-06	+5.682342E-07	-2.339788E-07	-7.437183E-07	-1.002766E-06	-1.052905E-06	-9.359152E-07	-6.935800E-07	-3.676810E-07	+0.000000E+00	+3.676810E-07	+6.935800E-07	+9.359152E-07	+1.052905E-06	+1.002766E-06	+7.437183E-07	+2.339788E-07	-5.682342E-07	-1.704703E-06	+1.763486E-06	+5.878285E-07	-2.420470E-07	-7.693638E-07	-1.037344E-06	-1.089212E-06	-9.681881E-07	-7.174966E-07	-3.803596E-07	+0.000000E+00
	A	+4.796681E-05	+1.798755E-05	-8.464731E-06	-3.139004E-05	-5.078838E-05	-6.665975E-05	-7.900415E-05	-8.782158E-05	-9.311204E-05	-9.487552E-05	-9.311204E-05	-8.782158E-05	-7.900415E-05	-6.665975E-05	-5.078838E-05	-3.139004E-05	-8.464731E-06	+1.798755E-05	+4.796681E-05	+1.598894E-05	+5.995851E-06	-2.821577E-06	-1.046335E-05	-1.692946E-05	-2.221992E-05	-2.633472E-05	-2.927386E-05	-3.103735E-05	-3.162517E-05	-3.103735E-05	-2.927386E-05	-2.633472E-05	-2.221992E-05	-1.692946E-05	-1.046335E-05	-2.821577E-06	+5.995851E-06	+1.598894E-05	-6.583679E-06	-2.468880E-06	+1.161826E-06	+4.308437E-06	+6.970955E-06	+9.149378E-06	+1.084371E-05	+1.205394E-05	+1.278008E-05	+1.302213E-05	+1.278008E-05	+1.205394E-05	+1.084371E-05	+9.149378E-06	+6.970955E-06	+4.308437E-06	+1.161826E-06	-2.468880E-06	-6.583679E-06	-2.092670E-05	-7.847511E-06	+3.692946E-06	+1.369468E-05	+2.215768E-05	+2.908195E-05	+3.446750E-05	+3.831432E-05	+4.062241E-05	+4.139177E-05	+4.062241E-05	+3.831432E-05	+3.446750E-05	+2.908195E-05	+2.215768E-05	+1.369468E-05	+3.692946E-06	-7.847511E-06	-2.092670E-05	-2.821577E-05	-1.058091E-05	+4.979253E-06	+1.846473E-05	+2.987552E-05	+3.921162E-05	+4.647303E-05	+5.165975E-05	+5.477179E-05	+5.580913E-05	+5.477179E-05	+5.165975E-05	+4.647303E-05	+3.921162E-05	+2.987552E-05	+1.846473E-05	+4.979253E-06	-1.058091E-05	-2.821577E-05	-2.962656E-05	-1.110996E-05	+5.228216E-06	+1.938797E-05	+3.136930E-05	+4.117220E-05	+4.879668E-05	+5.424274E-05	+5.751038E-05	+5.859959E-05	+5.751038E-05	+5.424274E-05	+4.879668E-05	+4.117220E-05	+3.136930E-05	+1.938797E-05	+5.228216E-06	-1.110996E-05	-2.962656E-05	-2.633472E-05	-9.875519E-06	+4.647303E-06	+1.723375E-05	+2.788382E-05	+3.659751E-05	+4.337483E-05	+4.821577E-05	+5.112033E-05	+5.208852E-05	+5.112033E-05	+4.821577E-05	+4.337483E-05	+3.659751E-05	+2.788382E-05	+1.723375E-05	+4.647303E-06	-9.875519E-06	-2.633472E-05	-1.951591E-05	-7.318465E-06	+3.443984E-06	+1.277144E-05	+2.066390E-05	+2.712137E-05	+3.214385E-05	+3.573133E-05	+3.788382E-05	+3.860132E-05	+3.788382E-05	+3.573133E-05	+3.214385E-05	+2.712137E-05	+2.066390E-05	+1.277144E-05	+3.443984E-06	-7.318465E-06	-1.951591E-05	-1.034578E-05	-3.879668E-06	+1.825726E-06	+6.770401E-06	+1.095436E-05	+1.437759E-05	+1.704011E-05	+1.894191E-05	+2.008299E-05	+2.046335E-05	+2.008299E-05	+1.894191E-05	+1.704011E-05	+1.437759E-05	+1.095436E-05	+6.770401E-06	+1.825726E-06	-3.879668E-06	-1.034578E-05	+0.000000E+00	+0.000000E+00	+0.000000E+00	+0.000000E+00	+0.000000E+00	+0.000000E+00	+0.000000E+00	+0.000000E+00	+0.000000E+00	+0.000000E+00
	S	-2.162140E-05	-2.119745E-07	+1.448908E-05	+2.332032E-05	+2.712027E-05	+2.672749E-05	+2.298053E-05	+1.671793E-05	+8.778239E-06	+0.000000E+00	-8.778239E-06	-1.671793E-05	-2.298053E-05	-2.672749E-05	-2.712027E-05	-2.332032E-05	-1.448908E-05	+2.119745E-07	+2.162140E-05	-7.207134E-06	-7.065818E-08	+4.829694E-06	+7.773438E-06	+9.040090E-06	+8.909165E-06	+7.660177E-06	+5.572644E-06	+2.926080E-06	+0.000000E+00	-2.926080E-06	-5.572644E-06	-7.660177E-06	-8.909165E-06	-9.040090E-06	-7.773438E-06	-4.829694E-06	+7.065818E-08	+7.207134E-06	+2.967643E-06	+2.909454E-08	-1.988698E-06	-3.200828E-06	-3.722390E-06	-3.668480E-06	-3.154191E-06	-2.294618E-06	-1.204856E-06	+0.000000E+00	+1.204856E-06	+2.294618E-06	+3.154191E-06	+3.668480E-06	+3.722390E-06	+3.200828E-06	+1.988698E-06	-2.909454E-08	-2.967643E-06	+9.432866E-06	+9.247908E-08	-6.321217E-06	-1.017406E-05	-1.183188E-05	-1.166052E-05	-1.002582E-05	-7.293608E-06	-3.829722E-06	+0.000000E+00	+3.829722E-06	+7.293608E-06	+1.002582E-05	+1.166052E-05	+1.183188E-05	+1.017406E-05	+6.321217E-06	-9.247908E-08	-9.432866E-06	+1.271847E-05	+1.246909E-07	-8.522990E-06	-1.371783E-05	-1.595310E-05	-1.572206E-05	-1.351796E-05	-9.834078E-06	-5.163670E-06	+0.000000E+00	+5.163670E-06	+9.834078E-06	+1.351796E-05	+1.572206E-05	+1.595310E-05	+1.371783E-05	+8.522990E-06	-1.246909E-07	-1.271847E-05	+1.335440E-05	+1.309254E-07	-8.949139E-06	-1.440372E-05	-1.675076E-05	-1.650816E-05	-1.419386E-05	-1.032578E-05	-5.421854E-06	+0.000000E+00	+5.421854E-06	+1.032578E-05	+1.419386E-05	+1.650816E-05	+1.675076E-05	+1.440372E-05	+8.949139E-06	-1.309254E-07	-1.335440E-05	+1.187057E-05	+1.163782E-07	-7.954790E-06	-1.280331E-05	-1.488956E-05	-1.467392E-05	-1.261676E-05	-9.178473E-06	-4.819425E-06	+0.000000E+00	+4.819425E-06	+9.178473E-06	+1.261676E-05	+1.467392E-05	+1.488956E-05	+1.280331E-05	+7.954790E-06	-1.163782E-07	-1.187057E-05	+8.796943E-06	+8.624454E-08	-5.895068E-06	-9.488167E-06	-1.103423E-05	-1.087442E-05	-9.349922E-06	-6.801904E-06	-3.571538E-06	+0.000000E+00	+3.571538E-06	+6.801904E-06	+9.349922E-06	+1.087442E-05	+1.103423E-05	+9.488167E-06	+5.895068E-06	-8.624454E-08	-8.796943E-06	+4.663440E-06	+4.572000E-08	-3.125096E-06	-5.029872E-06	-5.849470E-06	-5.764754E-06	-4.956585E-06	-3.605828E-06	-1.893346E-06	+0.000000E+00	+1.893346E-06	+3.605828E-06	+4.956585E-06	+5.764754E-06	+5.849470E-06	+5.029872E-06	+3.125096E-06	-4.572000E-08	-4.663440E-06	+0.000000E+00	+0.000000E+00	+0.000000E+00	+0.000000E+00	+0.000000E+00	+0.000000E+00	+0.000000E+00	+0.000000E+00	+0.000000E+00	+0.000000E+00
	A	-2.997925E-06	-1.998617E-06	-1.116874E-06	-3.526971E-07	+2.939143E-07	+8.229599E-07	+1.234440E-06	+1.528354E-06	+1.704703E-06	+1.763486E-06	+1.704703E-06	+1.528354E-06	+1.234440E-06	+8.229599E-07	+2.939143E-07	-3.526971E-07	-1.116874E-06	-1.998617E-06	-2.997925E-06	-9.993085E-07	-6.662057E-07	-3.722914E-07	-1.175657E-07	+9.797142E-08	+2.743200E-07	+4.114800E-07	+5.094514E-07	+5.682342E-07	+5.878285E-07	+5.682342E-07	+5.094514E-07	+4.114800E-07	+2.743200E-07	+9.797142E-08	-1.175657E-07	-3.722914E-07	-6.662057E-07	-9.993085E-07	+4.114800E-07	+2.743200E-07	+1.532965E-07	+4.840941E-08	-4.034117E-08	-1.129553E-07	-1.694329E-07	-2.097741E-07	-2.339788E-07	-2.420470E-07	-2.339788E-07	-2.097741E-07	-1.694329E-07	-1.129553E-07	-4.034117E-08	+4.840941E-08	+1.532965E-07	+2.743200E-07	+4.114800E-07	+1.307918E-06	+8.719456E-07	+4.872637E-07	+1.538728E-07	-1.282273E-07	-3.590364E-07	-5.385547E-07	-6.667820E-07	-7.437183E-07	-7.693638E-07	-7.437183E-07	-6.667820E-07	-5.385547E-07	-3.590364E-07	-1.282273E-07	+1.538728E-07	+4.872637E-07	+8.719456E-07	+1.307918E-06	+1.763486E-06	+1.175657E-06	+6.569848E-07	+2.074689E-07	-1.728907E-07	-4.840941E-07	-7.261411E-07	-8.990318E-07	-1.002766E-06	-1.037344E-06	-1.002766E-06	-8.990318E-07	-7.261411E-07	-4.840941E-07	-1.728907E-07	+2.074689E-07	+6.569848E-07	+1.175657E-06	+1.763486E-06	+1.851660E-06	+1.234440E-06	+6.898341E-07	+2.178423E-07	-1.815353E-07	-5.082988E-07	-7.624482E-07	-9.439834E-07	-1.052905E-06	-1.089212E-06	-1.052905E-06	-9.439834E-07	-7.624482E-07	-5.082988E-07	-1.815353E-07	+2.178423E-07	+6.898341E-07	+1.234440E-06	+1.851660E-06	+1.645920E-06	+1.097280E-06	+6.131858E-07	+1.936376E-07	-1.613647E-07	-4.518211E-07	-6.777317E-07	-8.390964E-07	-9.359152E-07	-9.681881E-07	-9.359152E-07	-8.390964E-07	-6.777317E-07	-4.518211E-07	-1.613647E-07	+1.936376E-07	+6.131858E-07	+1.097280E-06	+1.645920E-06	+1.219744E-06	+8.131628E-07	+4.544145E-07	+1.434993E-07	-1.195828E-07	-3.348317E-07	-5.022476E-07	-6.218304E-07	-6.935800E-07	-7.174966E-07	-6.935800E-07	-6.218304E-07	-5.022476E-07	-3.348317E-07	-1.195828E-07	+1.434993E-07	+4.544145E-07	+8.131628E-07	+1.219744E-06	+6.466114E-07	+4.310742E-07	+2.408944E-07	+7.607193E-08	-6.339327E-08	-1.775012E-07	-2.662517E-07	-3.296450E-07	-3.676810E-07	-3.803596E-07	-3.676810E-07	-3.296450E-07	-2.662517E-07	-1.775012E-07	-6.339327E-08	+7.607193E-08	+2.408944E-07	+4.310742E-07	+6.466114E-07	+0.000000E+00	+0.000000E+00	+0.000000E+00	+0.000000E+00	+0.000000E+00	+0.000000E+00	+0.000000E+00	+0.000000E+00	+0.000000E+00	+0.000000E+00
	S	+6.359236E-07	+2.119745E-07	-8.728363E-08	-2.774372E-07	-3.740727E-07	-3.927763E-07	-3.491345E-07	-2.587336E-07	-1.371600E-07	+0.000000E+00	+1.371600E-07	+2.587336E-07	+3.491345E-07	+3.927763E-07	+3.740727E-07	+2.774372E-07	+8.728363E-08	-2.119745E-07	-6.359236E-07	+2.119745E-07	+7.065818E-08	-2.909454E-08	-9.247908E-08	-1.246909E-07	-1.309254E-07	-1.163782E-07	-8.624454E-08	-4.572000E-08	+0.000000E+00	+4.572000E-08	+8.624454E-08	+1.163782E-07	+1.309254E-07	+1.246909E-07	+9.247908E-08	+2.909454E-08	-7.065818E-08	-2.119745E-07	-8.728363E-08	-2.909454E-08	+1.198011E-08	+3.807962E-08	+5.134331E-08	+5.391048E-08	+4.792042E-08	+3.551246E-08	+1.882588E-08	+0.000000E+00	-1.882588E-08	-3.551246E-08	-4.792042E-08	-5.391048E-08	-5.134331E-08	-3.807962E-08	-1.198011E-08	+2.909454E-08	+8.728363E-08	-2.774372E-07	-9.247908E-08	+3.807962E-08	+1.210388E-07	+1.631984E-07	+1.713583E-07	+1.523185E-07	+1.128789E-07	+5.983941E-08	+0.000000E+00	-5.983941E-08	-1.128789E-07	-1.523185E-07	-1.713583E-07	-1.631984E-07	-1.210388E-07	-3.807962E-08	+9.247908E-08	+2.774372E-07	-3.740727E-07	-1.246909E-07	+5.134331E-08	+1.631984E-07	+2.200428E-07	+2.310449E-07	+2.053732E-07	+1.521962E-07	+8.068235E-08	+0.000000E+00	-8.068235E-08	-1.521962E-07	-2.053732E-07	-2.310449E-07	-2.200428E-07	-1.631984E-07	-5.134331E-08	+1.246909E-07	+3.740727E-07	-3.927763E-07	-1.309254E-07	+5.391048E-08	+1.713583E-07	+2.310449E-07	+2.425971E-07	+2.156419E-07	+1.598061E-07	+8.471646E-08	+0.000000E+00	-8.471646E-08	-1.598061E-07	-2.156419E-07	-2.425971E-07	-2.310449E-07	-1.713583E-07	-5.391048E-08	+1.309254E-07	+3.927763E-07	-3.491345E-07	-1.163782E-07	+4.792042E-08	+1.523185E-07	+2.053732E-07	+2.156419E-07	+1.916817E-07	+1.420498E-07	+7.530352E-08	+0.000000E+00	-7.530352E-08	-1.420498E-07	-1.916817E-07	-2.156419E-07	-2.053732E-07	-1.523185E-07	-4.792042E-08	+1.163782E-07	+3.491345E-07	-2.587336E-07	-8.624454E-08	+3.551246E-08	+1.128789E-07	+1.521962E-07	+1.598061E-07	+1.420498E-07	+1.052691E-07	+5.580529E-08	+0.000000E+00	-5.580529E-08	-1.052691E-07	-1.420498E-07	-1.598061E-07	-1.521962E-07	-1.128789E-07	-3.551246E-08	+8.624454E-08	+2.587336E-07	-1.371600E-07	-4.572000E-08	+1.882588E-08	+5.983941E-08	+8.068235E-08	+8.471646E-08	+7.530352E-08	+5.580529E-08	+2.958353E-08	+0.000000E+00	-2.958353E-08	-5.580529E-08	-7.530352E-08	-8.471646E-08	-8.068235E-08	-5.983941E-08	-1.882588E-08	+4.572000E-08	+1.371600E-07	+0.000000E+00	+0.000000E+00	+0.000000E+00	+0.000000E+00	+0.000000E+00	+0.000000E+00	+0.000000E+00	+0.000000E+00	+0.000000E+00	+0.000000E+00
# Matrix ends.
#
#
# ---------------------------------- LICENSE NOTICE -----------------------------------
# THIS DATA IS RELEASED UNDER THE CREATIVE COMMONS LICENSE "CC BY-NC-SA 4.0".
#   This license lets you remix, tweak, and build upon this work non-commercially,
#   as long as you credit me and license your new creations under the terms identical
#   to the current license.
# SEE "https://creativecommons.org/licenses/by-nc-sa/4.0" FOR DETAILS.
#
# RELEASED BY: Chandra Shekhar
#      E-mail: chandraiitk[AT]yahoo[DOT]co[DOT]in
#    Homepage: https://sites.google.com/site/chandraacads
# FOR ANY QUESTION OR COMMENT, OR FOR A COMMERCIAL LICENSE, PLEASE EMAIL ME.
#
# For additional details, please visit my homepage.
#
# ==================================== End of File ====================================
