# ================================== Start of File ====================================
# Spatial dimensions = 2
# Kernel size = 31x31
# Polynomial order = 1x5
# Size of the convolution coefficient matrix = 12x961
#
# Column# 1:
#    S/A => The left and the right halves of the row are symmetric(S)/anti-symmetric(A) about the middle column.
#           If symmetric elements on the right half, their signs are same as the corresponding elements on the left side.
#           If anti-symmetric elements, the signs are opposite.
# Column# 2~481 = the left-half columns of the row.
# Column# 482 = the middle column of the row.
# Column# 483~962, which are the right-half columns, are not stored, because they are symmetric/anti-symmetric
#           of the elements in the column# 481~2, respectively.
# Matrix starts:
	S	+1.229780E-03	+0.000000E+00	-7.339533E-04	-1.060155E-03	-1.060155E-03	-8.089797E-04	-3.751317E-04	+1.794108E-04	+7.991936E-04	+1.435287E-03	+2.045283E-03	+2.593302E-03	+3.049984E-03	+3.392495E-03	+3.604526E-03	+3.676291E-03	+3.604526E-03	+3.392495E-03	+3.049984E-03	+2.593302E-03	+2.045283E-03	+1.435287E-03	+7.991936E-04	+1.794108E-04	-3.751317E-04	-8.089797E-04	-1.060155E-03	-1.060155E-03	-7.339533E-04	+0.000000E+00	+1.229780E-03	+1.229780E-03	+0.000000E+00	-7.339533E-04	-1.060155E-03	-1.060155E-03	-8.089797E-04	-3.751317E-04	+1.794108E-04	+7.991936E-04	+1.435287E-03	+2.045283E-03	+2.593302E-03	+3.049984E-03	+3.392495E-03	+3.604526E-03	+3.676291E-03	+3.604526E-03	+3.392495E-03	+3.049984E-03	+2.593302E-03	+2.045283E-03	+1.435287E-03	+7.991936E-04	+1.794108E-04	-3.751317E-04	-8.089797E-04	-1.060155E-03	-1.060155E-03	-7.339533E-04	+0.000000E+00	+1.229780E-03	+1.229780E-03	+0.000000E+00	-7.339533E-04	-1.060155E-03	-1.060155E-03	-8.089797E-04	-3.751317E-04	+1.794108E-04	+7.991936E-04	+1.435287E-03	+2.045283E-03	+2.593302E-03	+3.049984E-03	+3.392495E-03	+3.604526E-03	+3.676291E-03	+3.604526E-03	+3.392495E-03	+3.049984E-03	+2.593302E-03	+2.045283E-03	+1.435287E-03	+7.991936E-04	+1.794108E-04	-3.751317E-04	-8.089797E-04	-1.060155E-03	-1.060155E-03	-7.339533E-04	+0.000000E+00	+1.229780E-03	+1.229780E-03	+0.000000E+00	-7.339533E-04	-1.060155E-03	-1.060155E-03	-8.089797E-04	-3.751317E-04	+1.794108E-04	+7.991936E-04	+1.435287E-03	+2.045283E-03	+2.593302E-03	+3.049984E-03	+3.392495E-03	+3.604526E-03	+3.676291E-03	+3.604526E-03	+3.392495E-03	+3.049984E-03	+2.593302E-03	+2.045283E-03	+1.435287E-03	+7.991936E-04	+1.794108E-04	-3.751317E-04	-8.089797E-04	-1.060155E-03	-1.060155E-03	-7.339533E-04	+0.000000E+00	+1.229780E-03	+1.229780E-03	+0.000000E+00	-7.339533E-04	-1.060155E-03	-1.060155E-03	-8.089797E-04	-3.751317E-04	+1.794108E-04	+7.991936E-04	+1.435287E-03	+2.045283E-03	+2.593302E-03	+3.049984E-03	+3.392495E-03	+3.604526E-03	+3.676291E-03	+3.604526E-03	+3.392495E-03	+3.049984E-03	+2.593302E-03	+2.045283E-03	+1.435287E-03	+7.991936E-04	+1.794108E-04	-3.751317E-04	-8.089797E-04	-1.060155E-03	-1.060155E-03	-7.339533E-04	+0.000000E+00	+1.229780E-03	+1.229780E-03	+0.000000E+00	-7.339533E-04	-1.060155E-03	-1.060155E-03	-8.089797E-04	-3.751317E-04	+1.794108E-04	+7.991936E-04	+1.435287E-03	+2.045283E-03	+2.593302E-03	+3.049984E-03	+3.392495E-03	+3.604526E-03	+3.676291E-03	+3.604526E-03	+3.392495E-03	+3.049984E-03	+2.593302E-03	+2.045283E-03	+1.435287E-03	+7.991936E-04	+1.794108E-04	-3.751317E-04	-8.089797E-04	-1.060155E-03	-1.060155E-03	-7.339533E-04	+0.000000E+00	+1.229780E-03	+1.229780E-03	+0.000000E+00	-7.339533E-04	-1.060155E-03	-1.060155E-03	-8.089797E-04	-3.751317E-04	+1.794108E-04	+7.991936E-04	+1.435287E-03	+2.045283E-03	+2.593302E-03	+3.049984E-03	+3.392495E-03	+3.604526E-03	+3.676291E-03	+3.604526E-03	+3.392495E-03	+3.049984E-03	+2.593302E-03	+2.045283E-03	+1.435287E-03	+7.991936E-04	+1.794108E-04	-3.751317E-04	-8.089797E-04	-1.060155E-03	-1.060155E-03	-7.339533E-04	+0.000000E+00	+1.229780E-03	+1.229780E-03	+0.000000E+00	-7.339533E-04	-1.060155E-03	-1.060155E-03	-8.089797E-04	-3.751317E-04	+1.794108E-04	+7.991936E-04	+1.435287E-03	+2.045283E-03	+2.593302E-03	+3.049984E-03	+3.392495E-03	+3.604526E-03	+3.676291E-03	+3.604526E-03	+3.392495E-03	+3.049984E-03	+2.593302E-03	+2.045283E-03	+1.435287E-03	+7.991936E-04	+1.794108E-04	-3.751317E-04	-8.089797E-04	-1.060155E-03	-1.060155E-03	-7.339533E-04	+0.000000E+00	+1.229780E-03	+1.229780E-03	+0.000000E+00	-7.339533E-04	-1.060155E-03	-1.060155E-03	-8.089797E-04	-3.751317E-04	+1.794108E-04	+7.991936E-04	+1.435287E-03	+2.045283E-03	+2.593302E-03	+3.049984E-03	+3.392495E-03	+3.604526E-03	+3.676291E-03	+3.604526E-03	+3.392495E-03	+3.049984E-03	+2.593302E-03	+2.045283E-03	+1.435287E-03	+7.991936E-04	+1.794108E-04	-3.751317E-04	-8.089797E-04	-1.060155E-03	-1.060155E-03	-7.339533E-04	+0.000000E+00	+1.229780E-03	+1.229780E-03	+0.000000E+00	-7.339533E-04	-1.060155E-03	-1.060155E-03	-8.089797E-04	-3.751317E-04	+1.794108E-04	+7.991936E-04	+1.435287E-03	+2.045283E-03	+2.593302E-03	+3.049984E-03	+3.392495E-03	+3.604526E-03	+3.676291E-03	+3.604526E-03	+3.392495E-03	+3.049984E-03	+2.593302E-03	+2.045283E-03	+1.435287E-03	+7.991936E-04	+1.794108E-04	-3.751317E-04	-8.089797E-04	-1.060155E-03	-1.060155E-03	-7.339533E-04	+0.000000E+00	+1.229780E-03	+1.229780E-03	+0.000000E+00	-7.339533E-04	-1.060155E-03	-1.060155E-03	-8.089797E-04	-3.751317E-04	+1.794108E-04	+7.991936E-04	+1.435287E-03	+2.045283E-03	+2.593302E-03	+3.049984E-03	+3.392495E-03	+3.604526E-03	+3.676291E-03	+3.604526E-03	+3.392495E-03	+3.049984E-03	+2.593302E-03	+2.045283E-03	+1.435287E-03	+7.991936E-04	+1.794108E-04	-3.751317E-04	-8.089797E-04	-1.060155E-03	-1.060155E-03	-7.339533E-04	+0.000000E+00	+1.229780E-03	+1.229780E-03	+0.000000E+00	-7.339533E-04	-1.060155E-03	-1.060155E-03	-8.089797E-04	-3.751317E-04	+1.794108E-04	+7.991936E-04	+1.435287E-03	+2.045283E-03	+2.593302E-03	+3.049984E-03	+3.392495E-03	+3.604526E-03	+3.676291E-03	+3.604526E-03	+3.392495E-03	+3.049984E-03	+2.593302E-03	+2.045283E-03	+1.435287E-03	+7.991936E-04	+1.794108E-04	-3.751317E-04	-8.089797E-04	-1.060155E-03	-1.060155E-03	-7.339533E-04	+0.000000E+00	+1.229780E-03	+1.229780E-03	+0.000000E+00	-7.339533E-04	-1.060155E-03	-1.060155E-03	-8.089797E-04	-3.751317E-04	+1.794108E-04	+7.991936E-04	+1.435287E-03	+2.045283E-03	+2.593302E-03	+3.049984E-03	+3.392495E-03	+3.604526E-03	+3.676291E-03	+3.604526E-03	+3.392495E-03	+3.049984E-03	+2.593302E-03	+2.045283E-03	+1.435287E-03	+7.991936E-04	+1.794108E-04	-3.751317E-04	-8.089797E-04	-1.060155E-03	-1.060155E-03	-7.339533E-04	+0.000000E+00	+1.229780E-03	+1.229780E-03	+0.000000E+00	-7.339533E-04	-1.060155E-03	-1.060155E-03	-8.089797E-04	-3.751317E-04	+1.794108E-04	+7.991936E-04	+1.435287E-03	+2.045283E-03	+2.593302E-03	+3.049984E-03	+3.392495E-03	+3.604526E-03	+3.676291E-03	+3.604526E-03	+3.392495E-03	+3.049984E-03	+2.593302E-03	+2.045283E-03	+1.435287E-03	+7.991936E-04	+1.794108E-04	-3.751317E-04	-8.089797E-04	-1.060155E-03	-1.060155E-03	-7.339533E-04	+0.000000E+00	+1.229780E-03	+1.229780E-03	+0.000000E+00	-7.339533E-04	-1.060155E-03	-1.060155E-03	-8.089797E-04	-3.751317E-04	+1.794108E-04	+7.991936E-04	+1.435287E-03	+2.045283E-03	+2.593302E-03	+3.049984E-03	+3.392495E-03	+3.604526E-03	+3.676291E-03	+3.604526E-03	+3.392495E-03	+3.049984E-03	+2.593302E-03	+2.045283E-03	+1.435287E-03	+7.991936E-04	+1.794108E-04	-3.751317E-04	-8.089797E-04	-1.060155E-03	-1.060155E-03	-7.339533E-04	+0.000000E+00	+1.229780E-03	+1.229780E-03	+0.000000E+00	-7.339533E-04	-1.060155E-03	-1.060155E-03	-8.089797E-04	-3.751317E-04	+1.794108E-04	+7.991936E-04	+1.435287E-03	+2.045283E-03	+2.593302E-03	+3.049984E-03	+3.392495E-03	+3.604526E-03	+3.676291E-03
	A	-4.739428E-04	+1.679818E-04	+4.338600E-04	+4.397564E-04	+2.819124E-04	+3.827129E-05	-2.299973E-04	-4.769722E-04	-6.704560E-04	-7.904501E-04	-8.276298E-04	-7.818197E-04	-6.604686E-04	-4.771248E-04	-2.499111E-04	+0.000000E+00	+2.499111E-04	+4.771248E-04	+6.604686E-04	+7.818197E-04	+8.276298E-04	+7.904501E-04	+6.704560E-04	+4.769722E-04	+2.299973E-04	-3.827129E-05	-2.819124E-04	-4.397564E-04	-4.338600E-04	-1.679818E-04	+4.739428E-04	-4.739428E-04	+1.679818E-04	+4.338600E-04	+4.397564E-04	+2.819124E-04	+3.827129E-05	-2.299973E-04	-4.769722E-04	-6.704560E-04	-7.904501E-04	-8.276298E-04	-7.818197E-04	-6.604686E-04	-4.771248E-04	-2.499111E-04	+0.000000E+00	+2.499111E-04	+4.771248E-04	+6.604686E-04	+7.818197E-04	+8.276298E-04	+7.904501E-04	+6.704560E-04	+4.769722E-04	+2.299973E-04	-3.827129E-05	-2.819124E-04	-4.397564E-04	-4.338600E-04	-1.679818E-04	+4.739428E-04	-4.739428E-04	+1.679818E-04	+4.338600E-04	+4.397564E-04	+2.819124E-04	+3.827129E-05	-2.299973E-04	-4.769722E-04	-6.704560E-04	-7.904501E-04	-8.276298E-04	-7.818197E-04	-6.604686E-04	-4.771248E-04	-2.499111E-04	+0.000000E+00	+2.499111E-04	+4.771248E-04	+6.604686E-04	+7.818197E-04	+8.276298E-04	+7.904501E-04	+6.704560E-04	+4.769722E-04	+2.299973E-04	-3.827129E-05	-2.819124E-04	-4.397564E-04	-4.338600E-04	-1.679818E-04	+4.739428E-04	-4.739428E-04	+1.679818E-04	+4.338600E-04	+4.397564E-04	+2.819124E-04	+3.827129E-05	-2.299973E-04	-4.769722E-04	-6.704560E-04	-7.904501E-04	-8.276298E-04	-7.818197E-04	-6.604686E-04	-4.771248E-04	-2.499111E-04	+0.000000E+00	+2.499111E-04	+4.771248E-04	+6.604686E-04	+7.818197E-04	+8.276298E-04	+7.904501E-04	+6.704560E-04	+4.769722E-04	+2.299973E-04	-3.827129E-05	-2.819124E-04	-4.397564E-04	-4.338600E-04	-1.679818E-04	+4.739428E-04	-4.739428E-04	+1.679818E-04	+4.338600E-04	+4.397564E-04	+2.819124E-04	+3.827129E-05	-2.299973E-04	-4.769722E-04	-6.704560E-04	-7.904501E-04	-8.276298E-04	-7.818197E-04	-6.604686E-04	-4.771248E-04	-2.499111E-04	+0.000000E+00	+2.499111E-04	+4.771248E-04	+6.604686E-04	+7.818197E-04	+8.276298E-04	+7.904501E-04	+6.704560E-04	+4.769722E-04	+2.299973E-04	-3.827129E-05	-2.819124E-04	-4.397564E-04	-4.338600E-04	-1.679818E-04	+4.739428E-04	-4.739428E-04	+1.679818E-04	+4.338600E-04	+4.397564E-04	+2.819124E-04	+3.827129E-05	-2.299973E-04	-4.769722E-04	-6.704560E-04	-7.904501E-04	-8.276298E-04	-7.818197E-04	-6.604686E-04	-4.771248E-04	-2.499111E-04	+0.000000E+00	+2.499111E-04	+4.771248E-04	+6.604686E-04	+7.818197E-04	+8.276298E-04	+7.904501E-04	+6.704560E-04	+4.769722E-04	+2.299973E-04	-3.827129E-05	-2.819124E-04	-4.397564E-04	-4.338600E-04	-1.679818E-04	+4.739428E-04	-4.739428E-04	+1.679818E-04	+4.338600E-04	+4.397564E-04	+2.819124E-04	+3.827129E-05	-2.299973E-04	-4.769722E-04	-6.704560E-04	-7.904501E-04	-8.276298E-04	-7.818197E-04	-6.604686E-04	-4.771248E-04	-2.499111E-04	+0.000000E+00	+2.499111E-04	+4.771248E-04	+6.604686E-04	+7.818197E-04	+8.276298E-04	+7.904501E-04	+6.704560E-04	+4.769722E-04	+2.299973E-04	-3.827129E-05	-2.819124E-04	-4.397564E-04	-4.338600E-04	-1.679818E-04	+4.739428E-04	-4.739428E-04	+1.679818E-04	+4.338600E-04	+4.397564E-04	+2.819124E-04	+3.827129E-05	-2.299973E-04	-4.769722E-04	-6.704560E-04	-7.904501E-04	-8.276298E-04	-7.818197E-04	-6.604686E-04	-4.771248E-04	-2.499111E-04	+0.000000E+00	+2.499111E-04	+4.771248E-04	+6.604686E-04	+7.818197E-04	+8.276298E-04	+7.904501E-04	+6.704560E-04	+4.769722E-04	+2.299973E-04	-3.827129E-05	-2.819124E-04	-4.397564E-04	-4.338600E-04	-1.679818E-04	+4.739428E-04	-4.739428E-04	+1.679818E-04	+4.338600E-04	+4.397564E-04	+2.819124E-04	+3.827129E-05	-2.299973E-04	-4.769722E-04	-6.704560E-04	-7.904501E-04	-8.276298E-04	-7.818197E-04	-6.604686E-04	-4.771248E-04	-2.499111E-04	+0.000000E+00	+2.499111E-04	+4.771248E-04	+6.604686E-04	+7.818197E-04	+8.276298E-04	+7.904501E-04	+6.704560E-04	+4.769722E-04	+2.299973E-04	-3.827129E-05	-2.819124E-04	-4.397564E-04	-4.338600E-04	-1.679818E-04	+4.739428E-04	-4.739428E-04	+1.679818E-04	+4.338600E-04	+4.397564E-04	+2.819124E-04	+3.827129E-05	-2.299973E-04	-4.769722E-04	-6.704560E-04	-7.904501E-04	-8.276298E-04	-7.818197E-04	-6.604686E-04	-4.771248E-04	-2.499111E-04	+0.000000E+00	+2.499111E-04	+4.771248E-04	+6.604686E-04	+7.818197E-04	+8.276298E-04	+7.904501E-04	+6.704560E-04	+4.769722E-04	+2.299973E-04	-3.827129E-05	-2.819124E-04	-4.397564E-04	-4.338600E-04	-1.679818E-04	+4.739428E-04	-4.739428E-04	+1.679818E-04	+4.338600E-04	+4.397564E-04	+2.819124E-04	+3.827129E-05	-2.299973E-04	-4.769722E-04	-6.704560E-04	-7.904501E-04	-8.276298E-04	-7.818197E-04	-6.604686E-04	-4.771248E-04	-2.499111E-04	+0.000000E+00	+2.499111E-04	+4.771248E-04	+6.604686E-04	+7.818197E-04	+8.276298E-04	+7.904501E-04	+6.704560E-04	+4.769722E-04	+2.299973E-04	-3.827129E-05	-2.819124E-04	-4.397564E-04	-4.338600E-04	-1.679818E-04	+4.739428E-04	-4.739428E-04	+1.679818E-04	+4.338600E-04	+4.397564E-04	+2.819124E-04	+3.827129E-05	-2.299973E-04	-4.769722E-04	-6.704560E-04	-7.904501E-04	-8.276298E-04	-7.818197E-04	-6.604686E-04	-4.771248E-04	-2.499111E-04	+0.000000E+00	+2.499111E-04	+4.771248E-04	+6.604686E-04	+7.818197E-04	+8.276298E-04	+7.904501E-04	+6.704560E-04	+4.769722E-04	+2.299973E-04	-3.827129E-05	-2.819124E-04	-4.397564E-04	-4.338600E-04	-1.679818E-04	+4.739428E-04	-4.739428E-04	+1.679818E-04	+4.338600E-04	+4.397564E-04	+2.819124E-04	+3.827129E-05	-2.299973E-04	-4.769722E-04	-6.704560E-04	-7.904501E-04	-8.276298E-04	-7.818197E-04	-6.604686E-04	-4.771248E-04	-2.499111E-04	+0.000000E+00	+2.499111E-04	+4.771248E-04	+6.604686E-04	+7.818197E-04	+8.276298E-04	+7.904501E-04	+6.704560E-04	+4.769722E-04	+2.299973E-04	-3.827129E-05	-2.819124E-04	-4.397564E-04	-4.338600E-04	-1.679818E-04	+4.739428E-04	-4.739428E-04	+1.679818E-04	+4.338600E-04	+4.397564E-04	+2.819124E-04	+3.827129E-05	-2.299973E-04	-4.769722E-04	-6.704560E-04	-7.904501E-04	-8.276298E-04	-7.818197E-04	-6.604686E-04	-4.771248E-04	-2.499111E-04	+0.000000E+00	+2.499111E-04	+4.771248E-04	+6.604686E-04	+7.818197E-04	+8.276298E-04	+7.904501E-04	+6.704560E-04	+4.769722E-04	+2.299973E-04	-3.827129E-05	-2.819124E-04	-4.397564E-04	-4.338600E-04	-1.679818E-04	+4.739428E-04	-4.739428E-04	+1.679818E-04	+4.338600E-04	+4.397564E-04	+2.819124E-04	+3.827129E-05	-2.299973E-04	-4.769722E-04	-6.704560E-04	-7.904501E-04	-8.276298E-04	-7.818197E-04	-6.604686E-04	-4.771248E-04	-2.499111E-04	+0.000000E+00	+2.499111E-04	+4.771248E-04	+6.604686E-04	+7.818197E-04	+8.276298E-04	+7.904501E-04	+6.704560E-04	+4.769722E-04	+2.299973E-04	-3.827129E-05	-2.819124E-04	-4.397564E-04	-4.338600E-04	-1.679818E-04	+4.739428E-04	-4.739428E-04	+1.679818E-04	+4.338600E-04	+4.397564E-04	+2.819124E-04	+3.827129E-05	-2.299973E-04	-4.769722E-04	-6.704560E-04	-7.904501E-04	-8.276298E-04	-7.818197E-04	-6.604686E-04	-4.771248E-04	-2.499111E-04	+0.000000E+00
	S	-7.738291E-05	-1.199870E-05	+3.166673E-05	+5.730113E-05	+6.831909E-05	+6.786203E-05	+5.879822E-05	+4.372272E-05	+2.495748E-05	+4.551230E-06	-1.572043E-05	-3.435509E-05	-5.012350E-05	-6.206956E-05	-6.951036E-05	-7.203616E-05	-6.951036E-05	-6.206956E-05	-5.012350E-05	-3.435509E-05	-1.572043E-05	+4.551230E-06	+2.495748E-05	+4.372272E-05	+5.879822E-05	+6.786203E-05	+6.831909E-05	+5.730113E-05	+3.166673E-05	-1.199870E-05	-7.738291E-05	-7.738291E-05	-1.199870E-05	+3.166673E-05	+5.730113E-05	+6.831909E-05	+6.786203E-05	+5.879822E-05	+4.372272E-05	+2.495748E-05	+4.551230E-06	-1.572043E-05	-3.435509E-05	-5.012350E-05	-6.206956E-05	-6.951036E-05	-7.203616E-05	-6.951036E-05	-6.206956E-05	-5.012350E-05	-3.435509E-05	-1.572043E-05	+4.551230E-06	+2.495748E-05	+4.372272E-05	+5.879822E-05	+6.786203E-05	+6.831909E-05	+5.730113E-05	+3.166673E-05	-1.199870E-05	-7.738291E-05	-7.738291E-05	-1.199870E-05	+3.166673E-05	+5.730113E-05	+6.831909E-05	+6.786203E-05	+5.879822E-05	+4.372272E-05	+2.495748E-05	+4.551230E-06	-1.572043E-05	-3.435509E-05	-5.012350E-05	-6.206956E-05	-6.951036E-05	-7.203616E-05	-6.951036E-05	-6.206956E-05	-5.012350E-05	-3.435509E-05	-1.572043E-05	+4.551230E-06	+2.495748E-05	+4.372272E-05	+5.879822E-05	+6.786203E-05	+6.831909E-05	+5.730113E-05	+3.166673E-05	-1.199870E-05	-7.738291E-05	-7.738291E-05	-1.199870E-05	+3.166673E-05	+5.730113E-05	+6.831909E-05	+6.786203E-05	+5.879822E-05	+4.372272E-05	+2.495748E-05	+4.551230E-06	-1.572043E-05	-3.435509E-05	-5.012350E-05	-6.206956E-05	-6.951036E-05	-7.203616E-05	-6.951036E-05	-6.206956E-05	-5.012350E-05	-3.435509E-05	-1.572043E-05	+4.551230E-06	+2.495748E-05	+4.372272E-05	+5.879822E-05	+6.786203E-05	+6.831909E-05	+5.730113E-05	+3.166673E-05	-1.199870E-05	-7.738291E-05	-7.738291E-05	-1.199870E-05	+3.166673E-05	+5.730113E-05	+6.831909E-05	+6.786203E-05	+5.879822E-05	+4.372272E-05	+2.495748E-05	+4.551230E-06	-1.572043E-05	-3.435509E-05	-5.012350E-05	-6.206956E-05	-6.951036E-05	-7.203616E-05	-6.951036E-05	-6.206956E-05	-5.012350E-05	-3.435509E-05	-1.572043E-05	+4.551230E-06	+2.495748E-05	+4.372272E-05	+5.879822E-05	+6.786203E-05	+6.831909E-05	+5.730113E-05	+3.166673E-05	-1.199870E-05	-7.738291E-05	-7.738291E-05	-1.199870E-05	+3.166673E-05	+5.730113E-05	+6.831909E-05	+6.786203E-05	+5.879822E-05	+4.372272E-05	+2.495748E-05	+4.551230E-06	-1.572043E-05	-3.435509E-05	-5.012350E-05	-6.206956E-05	-6.951036E-05	-7.203616E-05	-6.951036E-05	-6.206956E-05	-5.012350E-05	-3.435509E-05	-1.572043E-05	+4.551230E-06	+2.495748E-05	+4.372272E-05	+5.879822E-05	+6.786203E-05	+6.831909E-05	+5.730113E-05	+3.166673E-05	-1.199870E-05	-7.738291E-05	-7.738291E-05	-1.199870E-05	+3.166673E-05	+5.730113E-05	+6.831909E-05	+6.786203E-05	+5.879822E-05	+4.372272E-05	+2.495748E-05	+4.551230E-06	-1.572043E-05	-3.435509E-05	-5.012350E-05	-6.206956E-05	-6.951036E-05	-7.203616E-05	-6.951036E-05	-6.206956E-05	-5.012350E-05	-3.435509E-05	-1.572043E-05	+4.551230E-06	+2.495748E-05	+4.372272E-05	+5.879822E-05	+6.786203E-05	+6.831909E-05	+5.730113E-05	+3.166673E-05	-1.199870E-05	-7.738291E-05	-7.738291E-05	-1.199870E-05	+3.166673E-05	+5.730113E-05	+6.831909E-05	+6.786203E-05	+5.879822E-05	+4.372272E-05	+2.495748E-05	+4.551230E-06	-1.572043E-05	-3.435509E-05	-5.012350E-05	-6.206956E-05	-6.951036E-05	-7.203616E-05	-6.951036E-05	-6.206956E-05	-5.012350E-05	-3.435509E-05	-1.572043E-05	+4.551230E-06	+2.495748E-05	+4.372272E-05	+5.879822E-05	+6.786203E-05	+6.831909E-05	+5.730113E-05	+3.166673E-05	-1.199870E-05	-7.738291E-05	-7.738291E-05	-1.199870E-05	+3.166673E-05	+5.730113E-05	+6.831909E-05	+6.786203E-05	+5.879822E-05	+4.372272E-05	+2.495748E-05	+4.551230E-06	-1.572043E-05	-3.435509E-05	-5.012350E-05	-6.206956E-05	-6.951036E-05	-7.203616E-05	-6.951036E-05	-6.206956E-05	-5.012350E-05	-3.435509E-05	-1.572043E-05	+4.551230E-06	+2.495748E-05	+4.372272E-05	+5.879822E-05	+6.786203E-05	+6.831909E-05	+5.730113E-05	+3.166673E-05	-1.199870E-05	-7.738291E-05	-7.738291E-05	-1.199870E-05	+3.166673E-05	+5.730113E-05	+6.831909E-05	+6.786203E-05	+5.879822E-05	+4.372272E-05	+2.495748E-05	+4.551230E-06	-1.572043E-05	-3.435509E-05	-5.012350E-05	-6.206956E-05	-6.951036E-05	-7.203616E-05	-6.951036E-05	-6.206956E-05	-5.012350E-05	-3.435509E-05	-1.572043E-05	+4.551230E-06	+2.495748E-05	+4.372272E-05	+5.879822E-05	+6.786203E-05	+6.831909E-05	+5.730113E-05	+3.166673E-05	-1.199870E-05	-7.738291E-05	-7.738291E-05	-1.199870E-05	+3.166673E-05	+5.730113E-05	+6.831909E-05	+6.786203E-05	+5.879822E-05	+4.372272E-05	+2.495748E-05	+4.551230E-06	-1.572043E-05	-3.435509E-05	-5.012350E-05	-6.206956E-05	-6.951036E-05	-7.203616E-05	-6.951036E-05	-6.206956E-05	-5.012350E-05	-3.435509E-05	-1.572043E-05	+4.551230E-06	+2.495748E-05	+4.372272E-05	+5.879822E-05	+6.786203E-05	+6.831909E-05	+5.730113E-05	+3.166673E-05	-1.199870E-05	-7.738291E-05	-7.738291E-05	-1.199870E-05	+3.166673E-05	+5.730113E-05	+6.831909E-05	+6.786203E-05	+5.879822E-05	+4.372272E-05	+2.495748E-05	+4.551230E-06	-1.572043E-05	-3.435509E-05	-5.012350E-05	-6.206956E-05	-6.951036E-05	-7.203616E-05	-6.951036E-05	-6.206956E-05	-5.012350E-05	-3.435509E-05	-1.572043E-05	+4.551230E-06	+2.495748E-05	+4.372272E-05	+5.879822E-05	+6.786203E-05	+6.831909E-05	+5.730113E-05	+3.166673E-05	-1.199870E-05	-7.738291E-05	-7.738291E-05	-1.199870E-05	+3.166673E-05	+5.730113E-05	+6.831909E-05	+6.786203E-05	+5.879822E-05	+4.372272E-05	+2.495748E-05	+4.551230E-06	-1.572043E-05	-3.435509E-05	-5.012350E-05	-6.206956E-05	-6.951036E-05	-7.203616E-05	-6.951036E-05	-6.206956E-05	-5.012350E-05	-3.435509E-05	-1.572043E-05	+4.551230E-06	+2.495748E-05	+4.372272E-05	+5.879822E-05	+6.786203E-05	+6.831909E-05	+5.730113E-05	+3.166673E-05	-1.199870E-05	-7.738291E-05	-7.738291E-05	-1.199870E-05	+3.166673E-05	+5.730113E-05	+6.831909E-05	+6.786203E-05	+5.879822E-05	+4.372272E-05	+2.495748E-05	+4.551230E-06	-1.572043E-05	-3.435509E-05	-5.012350E-05	-6.206956E-05	-6.951036E-05	-7.203616E-05	-6.951036E-05	-6.206956E-05	-5.012350E-05	-3.435509E-05	-1.572043E-05	+4.551230E-06	+2.495748E-05	+4.372272E-05	+5.879822E-05	+6.786203E-05	+6.831909E-05	+5.730113E-05	+3.166673E-05	-1.199870E-05	-7.738291E-05	-7.738291E-05	-1.199870E-05	+3.166673E-05	+5.730113E-05	+6.831909E-05	+6.786203E-05	+5.879822E-05	+4.372272E-05	+2.495748E-05	+4.551230E-06	-1.572043E-05	-3.435509E-05	-5.012350E-05	-6.206956E-05	-6.951036E-05	-7.203616E-05	-6.951036E-05	-6.206956E-05	-5.012350E-05	-3.435509E-05	-1.572043E-05	+4.551230E-06	+2.495748E-05	+4.372272E-05	+5.879822E-05	+6.786203E-05	+6.831909E-05	+5.730113E-05	+3.166673E-05	-1.199870E-05	-7.738291E-05	-7.738291E-05	-1.199870E-05	+3.166673E-05	+5.730113E-05	+6.831909E-05	+6.786203E-05	+5.879822E-05	+4.372272E-05	+2.495748E-05	+4.551230E-06	-1.572043E-05	-3.435509E-05	-5.012350E-05	-6.206956E-05	-6.951036E-05	-7.203616E-05
	A	+1.283919E-05	-2.434518E-06	-9.831017E-06	-1.166090E-05	-9.846341E-06	-5.950943E-06	-1.209648E-06	+3.441393E-06	+7.334946E-06	+1.004281E-05	+1.134594E-05	+1.120457E-05	+9.728310E-06	+7.146318E-06	+3.777368E-06	+0.000000E+00	-3.777368E-06	-7.146318E-06	-9.728310E-06	-1.120457E-05	-1.134594E-05	-1.004281E-05	-7.334946E-06	-3.441393E-06	+1.209648E-06	+5.950943E-06	+9.846341E-06	+1.166090E-05	+9.831017E-06	+2.434518E-06	-1.283919E-05	+1.283919E-05	-2.434518E-06	-9.831017E-06	-1.166090E-05	-9.846341E-06	-5.950943E-06	-1.209648E-06	+3.441393E-06	+7.334946E-06	+1.004281E-05	+1.134594E-05	+1.120457E-05	+9.728310E-06	+7.146318E-06	+3.777368E-06	+0.000000E+00	-3.777368E-06	-7.146318E-06	-9.728310E-06	-1.120457E-05	-1.134594E-05	-1.004281E-05	-7.334946E-06	-3.441393E-06	+1.209648E-06	+5.950943E-06	+9.846341E-06	+1.166090E-05	+9.831017E-06	+2.434518E-06	-1.283919E-05	+1.283919E-05	-2.434518E-06	-9.831017E-06	-1.166090E-05	-9.846341E-06	-5.950943E-06	-1.209648E-06	+3.441393E-06	+7.334946E-06	+1.004281E-05	+1.134594E-05	+1.120457E-05	+9.728310E-06	+7.146318E-06	+3.777368E-06	+0.000000E+00	-3.777368E-06	-7.146318E-06	-9.728310E-06	-1.120457E-05	-1.134594E-05	-1.004281E-05	-7.334946E-06	-3.441393E-06	+1.209648E-06	+5.950943E-06	+9.846341E-06	+1.166090E-05	+9.831017E-06	+2.434518E-06	-1.283919E-05	+1.283919E-05	-2.434518E-06	-9.831017E-06	-1.166090E-05	-9.846341E-06	-5.950943E-06	-1.209648E-06	+3.441393E-06	+7.334946E-06	+1.004281E-05	+1.134594E-05	+1.120457E-05	+9.728310E-06	+7.146318E-06	+3.777368E-06	+0.000000E+00	-3.777368E-06	-7.146318E-06	-9.728310E-06	-1.120457E-05	-1.134594E-05	-1.004281E-05	-7.334946E-06	-3.441393E-06	+1.209648E-06	+5.950943E-06	+9.846341E-06	+1.166090E-05	+9.831017E-06	+2.434518E-06	-1.283919E-05	+1.283919E-05	-2.434518E-06	-9.831017E-06	-1.166090E-05	-9.846341E-06	-5.950943E-06	-1.209648E-06	+3.441393E-06	+7.334946E-06	+1.004281E-05	+1.134594E-05	+1.120457E-05	+9.728310E-06	+7.146318E-06	+3.777368E-06	+0.000000E+00	-3.777368E-06	-7.146318E-06	-9.728310E-06	-1.120457E-05	-1.134594E-05	-1.004281E-05	-7.334946E-06	-3.441393E-06	+1.209648E-06	+5.950943E-06	+9.846341E-06	+1.166090E-05	+9.831017E-06	+2.434518E-06	-1.283919E-05	+1.283919E-05	-2.434518E-06	-9.831017E-06	-1.166090E-05	-9.846341E-06	-5.950943E-06	-1.209648E-06	+3.441393E-06	+7.334946E-06	+1.004281E-05	+1.134594E-05	+1.120457E-05	+9.728310E-06	+7.146318E-06	+3.777368E-06	+0.000000E+00	-3.777368E-06	-7.146318E-06	-9.728310E-06	-1.120457E-05	-1.134594E-05	-1.004281E-05	-7.334946E-06	-3.441393E-06	+1.209648E-06	+5.950943E-06	+9.846341E-06	+1.166090E-05	+9.831017E-06	+2.434518E-06	-1.283919E-05	+1.283919E-05	-2.434518E-06	-9.831017E-06	-1.166090E-05	-9.846341E-06	-5.950943E-06	-1.209648E-06	+3.441393E-06	+7.334946E-06	+1.004281E-05	+1.134594E-05	+1.120457E-05	+9.728310E-06	+7.146318E-06	+3.777368E-06	+0.000000E+00	-3.777368E-06	-7.146318E-06	-9.728310E-06	-1.120457E-05	-1.134594E-05	-1.004281E-05	-7.334946E-06	-3.441393E-06	+1.209648E-06	+5.950943E-06	+9.846341E-06	+1.166090E-05	+9.831017E-06	+2.434518E-06	-1.283919E-05	+1.283919E-05	-2.434518E-06	-9.831017E-06	-1.166090E-05	-9.846341E-06	-5.950943E-06	-1.209648E-06	+3.441393E-06	+7.334946E-06	+1.004281E-05	+1.134594E-05	+1.120457E-05	+9.728310E-06	+7.146318E-06	+3.777368E-06	+0.000000E+00	-3.777368E-06	-7.146318E-06	-9.728310E-06	-1.120457E-05	-1.134594E-05	-1.004281E-05	-7.334946E-06	-3.441393E-06	+1.209648E-06	+5.950943E-06	+9.846341E-06	+1.166090E-05	+9.831017E-06	+2.434518E-06	-1.283919E-05	+1.283919E-05	-2.434518E-06	-9.831017E-06	-1.166090E-05	-9.846341E-06	-5.950943E-06	-1.209648E-06	+3.441393E-06	+7.334946E-06	+1.004281E-05	+1.134594E-05	+1.120457E-05	+9.728310E-06	+7.146318E-06	+3.777368E-06	+0.000000E+00	-3.777368E-06	-7.146318E-06	-9.728310E-06	-1.120457E-05	-1.134594E-05	-1.004281E-05	-7.334946E-06	-3.441393E-06	+1.209648E-06	+5.950943E-06	+9.846341E-06	+1.166090E-05	+9.831017E-06	+2.434518E-06	-1.283919E-05	+1.283919E-05	-2.434518E-06	-9.831017E-06	-1.166090E-05	-9.846341E-06	-5.950943E-06	-1.209648E-06	+3.441393E-06	+7.334946E-06	+1.004281E-05	+1.134594E-05	+1.120457E-05	+9.728310E-06	+7.146318E-06	+3.777368E-06	+0.000000E+00	-3.777368E-06	-7.146318E-06	-9.728310E-06	-1.120457E-05	-1.134594E-05	-1.004281E-05	-7.334946E-06	-3.441393E-06	+1.209648E-06	+5.950943E-06	+9.846341E-06	+1.166090E-05	+9.831017E-06	+2.434518E-06	-1.283919E-05	+1.283919E-05	-2.434518E-06	-9.831017E-06	-1.166090E-05	-9.846341E-06	-5.950943E-06	-1.209648E-06	+3.441393E-06	+7.334946E-06	+1.004281E-05	+1.134594E-05	+1.120457E-05	+9.728310E-06	+7.146318E-06	+3.777368E-06	+0.000000E+00	-3.777368E-06	-7.146318E-06	-9.728310E-06	-1.120457E-05	-1.134594E-05	-1.004281E-05	-7.334946E-06	-3.441393E-06	+1.209648E-06	+5.950943E-06	+9.846341E-06	+1.166090E-05	+9.831017E-06	+2.434518E-06	-1.283919E-05	+1.283919E-05	-2.434518E-06	-9.831017E-06	-1.166090E-05	-9.846341E-06	-5.950943E-06	-1.209648E-06	+3.441393E-06	+7.334946E-06	+1.004281E-05	+1.134594E-05	+1.120457E-05	+9.728310E-06	+7.146318E-06	+3.777368E-06	+0.000000E+00	-3.777368E-06	-7.146318E-06	-9.728310E-06	-1.120457E-05	-1.134594E-05	-1.004281E-05	-7.334946E-06	-3.441393E-06	+1.209648E-06	+5.950943E-06	+9.846341E-06	+1.166090E-05	+9.831017E-06	+2.434518E-06	-1.283919E-05	+1.283919E-05	-2.434518E-06	-9.831017E-06	-1.166090E-05	-9.846341E-06	-5.950943E-06	-1.209648E-06	+3.441393E-06	+7.334946E-06	+1.004281E-05	+1.134594E-05	+1.120457E-05	+9.728310E-06	+7.146318E-06	+3.777368E-06	+0.000000E+00	-3.777368E-06	-7.146318E-06	-9.728310E-06	-1.120457E-05	-1.134594E-05	-1.004281E-05	-7.334946E-06	-3.441393E-06	+1.209648E-06	+5.950943E-06	+9.846341E-06	+1.166090E-05	+9.831017E-06	+2.434518E-06	-1.283919E-05	+1.283919E-05	-2.434518E-06	-9.831017E-06	-1.166090E-05	-9.846341E-06	-5.950943E-06	-1.209648E-06	+3.441393E-06	+7.334946E-06	+1.004281E-05	+1.134594E-05	+1.120457E-05	+9.728310E-06	+7.146318E-06	+3.777368E-06	+0.000000E+00	-3.777368E-06	-7.146318E-06	-9.728310E-06	-1.120457E-05	-1.134594E-05	-1.004281E-05	-7.334946E-06	-3.441393E-06	+1.209648E-06	+5.950943E-06	+9.846341E-06	+1.166090E-05	+9.831017E-06	+2.434518E-06	-1.283919E-05	+1.283919E-05	-2.434518E-06	-9.831017E-06	-1.166090E-05	-9.846341E-06	-5.950943E-06	-1.209648E-06	+3.441393E-06	+7.334946E-06	+1.004281E-05	+1.134594E-05	+1.120457E-05	+9.728310E-06	+7.146318E-06	+3.777368E-06	+0.000000E+00	-3.777368E-06	-7.146318E-06	-9.728310E-06	-1.120457E-05	-1.134594E-05	-1.004281E-05	-7.334946E-06	-3.441393E-06	+1.209648E-06	+5.950943E-06	+9.846341E-06	+1.166090E-05	+9.831017E-06	+2.434518E-06	-1.283919E-05	+1.283919E-05	-2.434518E-06	-9.831017E-06	-1.166090E-05	-9.846341E-06	-5.950943E-06	-1.209648E-06	+3.441393E-06	+7.334946E-06	+1.004281E-05	+1.134594E-05	+1.120457E-05	+9.728310E-06	+7.146318E-06	+3.777368E-06	+0.000000E+00
	S	+5.216825E-07	+1.738942E-07	-6.595986E-08	-2.158686E-07	-2.924887E-07	-3.111440E-07	-2.858261E-07	-2.291939E-07	-1.525738E-07	-6.595986E-08	+2.198662E-08	+1.039367E-07	+1.738942E-07	+2.271951E-07	+2.605081E-07	+2.718346E-07	+2.605081E-07	+2.271951E-07	+1.738942E-07	+1.039367E-07	+2.198662E-08	-6.595986E-08	-1.525738E-07	-2.291939E-07	-2.858261E-07	-3.111440E-07	-2.924887E-07	-2.158686E-07	-6.595986E-08	+1.738942E-07	+5.216825E-07	+5.216825E-07	+1.738942E-07	-6.595986E-08	-2.158686E-07	-2.924887E-07	-3.111440E-07	-2.858261E-07	-2.291939E-07	-1.525738E-07	-6.595986E-08	+2.198662E-08	+1.039367E-07	+1.738942E-07	+2.271951E-07	+2.605081E-07	+2.718346E-07	+2.605081E-07	+2.271951E-07	+1.738942E-07	+1.039367E-07	+2.198662E-08	-6.595986E-08	-1.525738E-07	-2.291939E-07	-2.858261E-07	-3.111440E-07	-2.924887E-07	-2.158686E-07	-6.595986E-08	+1.738942E-07	+5.216825E-07	+5.216825E-07	+1.738942E-07	-6.595986E-08	-2.158686E-07	-2.924887E-07	-3.111440E-07	-2.858261E-07	-2.291939E-07	-1.525738E-07	-6.595986E-08	+2.198662E-08	+1.039367E-07	+1.738942E-07	+2.271951E-07	+2.605081E-07	+2.718346E-07	+2.605081E-07	+2.271951E-07	+1.738942E-07	+1.039367E-07	+2.198662E-08	-6.595986E-08	-1.525738E-07	-2.291939E-07	-2.858261E-07	-3.111440E-07	-2.924887E-07	-2.158686E-07	-6.595986E-08	+1.738942E-07	+5.216825E-07	+5.216825E-07	+1.738942E-07	-6.595986E-08	-2.158686E-07	-2.924887E-07	-3.111440E-07	-2.858261E-07	-2.291939E-07	-1.525738E-07	-6.595986E-08	+2.198662E-08	+1.039367E-07	+1.738942E-07	+2.271951E-07	+2.605081E-07	+2.718346E-07	+2.605081E-07	+2.271951E-07	+1.738942E-07	+1.039367E-07	+2.198662E-08	-6.595986E-08	-1.525738E-07	-2.291939E-07	-2.858261E-07	-3.111440E-07	-2.924887E-07	-2.158686E-07	-6.595986E-08	+1.738942E-07	+5.216825E-07	+5.216825E-07	+1.738942E-07	-6.595986E-08	-2.158686E-07	-2.924887E-07	-3.111440E-07	-2.858261E-07	-2.291939E-07	-1.525738E-07	-6.595986E-08	+2.198662E-08	+1.039367E-07	+1.738942E-07	+2.271951E-07	+2.605081E-07	+2.718346E-07	+2.605081E-07	+2.271951E-07	+1.738942E-07	+1.039367E-07	+2.198662E-08	-6.595986E-08	-1.525738E-07	-2.291939E-07	-2.858261E-07	-3.111440E-07	-2.924887E-07	-2.158686E-07	-6.595986E-08	+1.738942E-07	+5.216825E-07	+5.216825E-07	+1.738942E-07	-6.595986E-08	-2.158686E-07	-2.924887E-07	-3.111440E-07	-2.858261E-07	-2.291939E-07	-1.525738E-07	-6.595986E-08	+2.198662E-08	+1.039367E-07	+1.738942E-07	+2.271951E-07	+2.605081E-07	+2.718346E-07	+2.605081E-07	+2.271951E-07	+1.738942E-07	+1.039367E-07	+2.198662E-08	-6.595986E-08	-1.525738E-07	-2.291939E-07	-2.858261E-07	-3.111440E-07	-2.924887E-07	-2.158686E-07	-6.595986E-08	+1.738942E-07	+5.216825E-07	+5.216825E-07	+1.738942E-07	-6.595986E-08	-2.158686E-07	-2.924887E-07	-3.111440E-07	-2.858261E-07	-2.291939E-07	-1.525738E-07	-6.595986E-08	+2.198662E-08	+1.039367E-07	+1.738942E-07	+2.271951E-07	+2.605081E-07	+2.718346E-07	+2.605081E-07	+2.271951E-07	+1.738942E-07	+1.039367E-07	+2.198662E-08	-6.595986E-08	-1.525738E-07	-2.291939E-07	-2.858261E-07	-3.111440E-07	-2.924887E-07	-2.158686E-07	-6.595986E-08	+1.738942E-07	+5.216825E-07	+5.216825E-07	+1.738942E-07	-6.595986E-08	-2.158686E-07	-2.924887E-07	-3.111440E-07	-2.858261E-07	-2.291939E-07	-1.525738E-07	-6.595986E-08	+2.198662E-08	+1.039367E-07	+1.738942E-07	+2.271951E-07	+2.605081E-07	+2.718346E-07	+2.605081E-07	+2.271951E-07	+1.738942E-07	+1.039367E-07	+2.198662E-08	-6.595986E-08	-1.525738E-07	-2.291939E-07	-2.858261E-07	-3.111440E-07	-2.924887E-07	-2.158686E-07	-6.595986E-08	+1.738942E-07	+5.216825E-07	+5.216825E-07	+1.738942E-07	-6.595986E-08	-2.158686E-07	-2.924887E-07	-3.111440E-07	-2.858261E-07	-2.291939E-07	-1.525738E-07	-6.595986E-08	+2.198662E-08	+1.039367E-07	+1.738942E-07	+2.271951E-07	+2.605081E-07	+2.718346E-07	+2.605081E-07	+2.271951E-07	+1.738942E-07	+1.039367E-07	+2.198662E-08	-6.595986E-08	-1.525738E-07	-2.291939E-07	-2.858261E-07	-3.111440E-07	-2.924887E-07	-2.158686E-07	-6.595986E-08	+1.738942E-07	+5.216825E-07	+5.216825E-07	+1.738942E-07	-6.595986E-08	-2.158686E-07	-2.924887E-07	-3.111440E-07	-2.858261E-07	-2.291939E-07	-1.525738E-07	-6.595986E-08	+2.198662E-08	+1.039367E-07	+1.738942E-07	+2.271951E-07	+2.605081E-07	+2.718346E-07	+2.605081E-07	+2.271951E-07	+1.738942E-07	+1.039367E-07	+2.198662E-08	-6.595986E-08	-1.525738E-07	-2.291939E-07	-2.858261E-07	-3.111440E-07	-2.924887E-07	-2.158686E-07	-6.595986E-08	+1.738942E-07	+5.216825E-07	+5.216825E-07	+1.738942E-07	-6.595986E-08	-2.158686E-07	-2.924887E-07	-3.111440E-07	-2.858261E-07	-2.291939E-07	-1.525738E-07	-6.595986E-08	+2.198662E-08	+1.039367E-07	+1.738942E-07	+2.271951E-07	+2.605081E-07	+2.718346E-07	+2.605081E-07	+2.271951E-07	+1.738942E-07	+1.039367E-07	+2.198662E-08	-6.595986E-08	-1.525738E-07	-2.291939E-07	-2.858261E-07	-3.111440E-07	-2.924887E-07	-2.158686E-07	-6.595986E-08	+1.738942E-07	+5.216825E-07	+5.216825E-07	+1.738942E-07	-6.595986E-08	-2.158686E-07	-2.924887E-07	-3.111440E-07	-2.858261E-07	-2.291939E-07	-1.525738E-07	-6.595986E-08	+2.198662E-08	+1.039367E-07	+1.738942E-07	+2.271951E-07	+2.605081E-07	+2.718346E-07	+2.605081E-07	+2.271951E-07	+1.738942E-07	+1.039367E-07	+2.198662E-08	-6.595986E-08	-1.525738E-07	-2.291939E-07	-2.858261E-07	-3.111440E-07	-2.924887E-07	-2.158686E-07	-6.595986E-08	+1.738942E-07	+5.216825E-07	+5.216825E-07	+1.738942E-07	-6.595986E-08	-2.158686E-07	-2.924887E-07	-3.111440E-07	-2.858261E-07	-2.291939E-07	-1.525738E-07	-6.595986E-08	+2.198662E-08	+1.039367E-07	+1.738942E-07	+2.271951E-07	+2.605081E-07	+2.718346E-07	+2.605081E-07	+2.271951E-07	+1.738942E-07	+1.039367E-07	+2.198662E-08	-6.595986E-08	-1.525738E-07	-2.291939E-07	-2.858261E-07	-3.111440E-07	-2.924887E-07	-2.158686E-07	-6.595986E-08	+1.738942E-07	+5.216825E-07	+5.216825E-07	+1.738942E-07	-6.595986E-08	-2.158686E-07	-2.924887E-07	-3.111440E-07	-2.858261E-07	-2.291939E-07	-1.525738E-07	-6.595986E-08	+2.198662E-08	+1.039367E-07	+1.738942E-07	+2.271951E-07	+2.605081E-07	+2.718346E-07	+2.605081E-07	+2.271951E-07	+1.738942E-07	+1.039367E-07	+2.198662E-08	-6.595986E-08	-1.525738E-07	-2.291939E-07	-2.858261E-07	-3.111440E-07	-2.924887E-07	-2.158686E-07	-6.595986E-08	+1.738942E-07	+5.216825E-07	+5.216825E-07	+1.738942E-07	-6.595986E-08	-2.158686E-07	-2.924887E-07	-3.111440E-07	-2.858261E-07	-2.291939E-07	-1.525738E-07	-6.595986E-08	+2.198662E-08	+1.039367E-07	+1.738942E-07	+2.271951E-07	+2.605081E-07	+2.718346E-07	+2.605081E-07	+2.271951E-07	+1.738942E-07	+1.039367E-07	+2.198662E-08	-6.595986E-08	-1.525738E-07	-2.291939E-07	-2.858261E-07	-3.111440E-07	-2.924887E-07	-2.158686E-07	-6.595986E-08	+1.738942E-07	+5.216825E-07	+5.216825E-07	+1.738942E-07	-6.595986E-08	-2.158686E-07	-2.924887E-07	-3.111440E-07	-2.858261E-07	-2.291939E-07	-1.525738E-07	-6.595986E-08	+2.198662E-08	+1.039367E-07	+1.738942E-07	+2.271951E-07	+2.605081E-07	+2.718346E-07
	A	-6.376120E-08	+0.000000E+00	+3.297993E-08	+4.397324E-08	+4.030880E-08	+2.796247E-08	+1.166982E-08	-4.961083E-09	-1.933695E-08	-2.976650E-08	-3.534772E-08	-3.585510E-08	-3.162691E-08	-2.345239E-08	-1.245908E-08	+0.000000E+00	+1.245908E-08	+2.345239E-08	+3.162691E-08	+3.585510E-08	+3.534772E-08	+2.976650E-08	+1.933695E-08	+4.961083E-09	-1.166982E-08	-2.796247E-08	-4.030880E-08	-4.397324E-08	-3.297993E-08	+0.000000E+00	+6.376120E-08	-6.376120E-08	+0.000000E+00	+3.297993E-08	+4.397324E-08	+4.030880E-08	+2.796247E-08	+1.166982E-08	-4.961083E-09	-1.933695E-08	-2.976650E-08	-3.534772E-08	-3.585510E-08	-3.162691E-08	-2.345239E-08	-1.245908E-08	+0.000000E+00	+1.245908E-08	+2.345239E-08	+3.162691E-08	+3.585510E-08	+3.534772E-08	+2.976650E-08	+1.933695E-08	+4.961083E-09	-1.166982E-08	-2.796247E-08	-4.030880E-08	-4.397324E-08	-3.297993E-08	+0.000000E+00	+6.376120E-08	-6.376120E-08	+0.000000E+00	+3.297993E-08	+4.397324E-08	+4.030880E-08	+2.796247E-08	+1.166982E-08	-4.961083E-09	-1.933695E-08	-2.976650E-08	-3.534772E-08	-3.585510E-08	-3.162691E-08	-2.345239E-08	-1.245908E-08	+0.000000E+00	+1.245908E-08	+2.345239E-08	+3.162691E-08	+3.585510E-08	+3.534772E-08	+2.976650E-08	+1.933695E-08	+4.961083E-09	-1.166982E-08	-2.796247E-08	-4.030880E-08	-4.397324E-08	-3.297993E-08	+0.000000E+00	+6.376120E-08	-6.376120E-08	+0.000000E+00	+3.297993E-08	+4.397324E-08	+4.030880E-08	+2.796247E-08	+1.166982E-08	-4.961083E-09	-1.933695E-08	-2.976650E-08	-3.534772E-08	-3.585510E-08	-3.162691E-08	-2.345239E-08	-1.245908E-08	+0.000000E+00	+1.245908E-08	+2.345239E-08	+3.162691E-08	+3.585510E-08	+3.534772E-08	+2.976650E-08	+1.933695E-08	+4.961083E-09	-1.166982E-08	-2.796247E-08	-4.030880E-08	-4.397324E-08	-3.297993E-08	+0.000000E+00	+6.376120E-08	-6.376120E-08	+0.000000E+00	+3.297993E-08	+4.397324E-08	+4.030880E-08	+2.796247E-08	+1.166982E-08	-4.961083E-09	-1.933695E-08	-2.976650E-08	-3.534772E-08	-3.585510E-08	-3.162691E-08	-2.345239E-08	-1.245908E-08	+0.000000E+00	+1.245908E-08	+2.345239E-08	+3.162691E-08	+3.585510E-08	+3.534772E-08	+2.976650E-08	+1.933695E-08	+4.961083E-09	-1.166982E-08	-2.796247E-08	-4.030880E-08	-4.397324E-08	-3.297993E-08	+0.000000E+00	+6.376120E-08	-6.376120E-08	+0.000000E+00	+3.297993E-08	+4.397324E-08	+4.030880E-08	+2.796247E-08	+1.166982E-08	-4.961083E-09	-1.933695E-08	-2.976650E-08	-3.534772E-08	-3.585510E-08	-3.162691E-08	-2.345239E-08	-1.245908E-08	+0.000000E+00	+1.245908E-08	+2.345239E-08	+3.162691E-08	+3.585510E-08	+3.534772E-08	+2.976650E-08	+1.933695E-08	+4.961083E-09	-1.166982E-08	-2.796247E-08	-4.030880E-08	-4.397324E-08	-3.297993E-08	+0.000000E+00	+6.376120E-08	-6.376120E-08	+0.000000E+00	+3.297993E-08	+4.397324E-08	+4.030880E-08	+2.796247E-08	+1.166982E-08	-4.961083E-09	-1.933695E-08	-2.976650E-08	-3.534772E-08	-3.585510E-08	-3.162691E-08	-2.345239E-08	-1.245908E-08	+0.000000E+00	+1.245908E-08	+2.345239E-08	+3.162691E-08	+3.585510E-08	+3.534772E-08	+2.976650E-08	+1.933695E-08	+4.961083E-09	-1.166982E-08	-2.796247E-08	-4.030880E-08	-4.397324E-08	-3.297993E-08	+0.000000E+00	+6.376120E-08	-6.376120E-08	+0.000000E+00	+3.297993E-08	+4.397324E-08	+4.030880E-08	+2.796247E-08	+1.166982E-08	-4.961083E-09	-1.933695E-08	-2.976650E-08	-3.534772E-08	-3.585510E-08	-3.162691E-08	-2.345239E-08	-1.245908E-08	+0.000000E+00	+1.245908E-08	+2.345239E-08	+3.162691E-08	+3.585510E-08	+3.534772E-08	+2.976650E-08	+1.933695E-08	+4.961083E-09	-1.166982E-08	-2.796247E-08	-4.030880E-08	-4.397324E-08	-3.297993E-08	+0.000000E+00	+6.376120E-08	-6.376120E-08	+0.000000E+00	+3.297993E-08	+4.397324E-08	+4.030880E-08	+2.796247E-08	+1.166982E-08	-4.961083E-09	-1.933695E-08	-2.976650E-08	-3.534772E-08	-3.585510E-08	-3.162691E-08	-2.345239E-08	-1.245908E-08	+0.000000E+00	+1.245908E-08	+2.345239E-08	+3.162691E-08	+3.585510E-08	+3.534772E-08	+2.976650E-08	+1.933695E-08	+4.961083E-09	-1.166982E-08	-2.796247E-08	-4.030880E-08	-4.397324E-08	-3.297993E-08	+0.000000E+00	+6.376120E-08	-6.376120E-08	+0.000000E+00	+3.297993E-08	+4.397324E-08	+4.030880E-08	+2.796247E-08	+1.166982E-08	-4.961083E-09	-1.933695E-08	-2.976650E-08	-3.534772E-08	-3.585510E-08	-3.162691E-08	-2.345239E-08	-1.245908E-08	+0.000000E+00	+1.245908E-08	+2.345239E-08	+3.162691E-08	+3.585510E-08	+3.534772E-08	+2.976650E-08	+1.933695E-08	+4.961083E-09	-1.166982E-08	-2.796247E-08	-4.030880E-08	-4.397324E-08	-3.297993E-08	+0.000000E+00	+6.376120E-08	-6.376120E-08	+0.000000E+00	+3.297993E-08	+4.397324E-08	+4.030880E-08	+2.796247E-08	+1.166982E-08	-4.961083E-09	-1.933695E-08	-2.976650E-08	-3.534772E-08	-3.585510E-08	-3.162691E-08	-2.345239E-08	-1.245908E-08	+0.000000E+00	+1.245908E-08	+2.345239E-08	+3.162691E-08	+3.585510E-08	+3.534772E-08	+2.976650E-08	+1.933695E-08	+4.961083E-09	-1.166982E-08	-2.796247E-08	-4.030880E-08	-4.397324E-08	-3.297993E-08	+0.000000E+00	+6.376120E-08	-6.376120E-08	+0.000000E+00	+3.297993E-08	+4.397324E-08	+4.030880E-08	+2.796247E-08	+1.166982E-08	-4.961083E-09	-1.933695E-08	-2.976650E-08	-3.534772E-08	-3.585510E-08	-3.162691E-08	-2.345239E-08	-1.245908E-08	+0.000000E+00	+1.245908E-08	+2.345239E-08	+3.162691E-08	+3.585510E-08	+3.534772E-08	+2.976650E-08	+1.933695E-08	+4.961083E-09	-1.166982E-08	-2.796247E-08	-4.030880E-08	-4.397324E-08	-3.297993E-08	+0.000000E+00	+6.376120E-08	-6.376120E-08	+0.000000E+00	+3.297993E-08	+4.397324E-08	+4.030880E-08	+2.796247E-08	+1.166982E-08	-4.961083E-09	-1.933695E-08	-2.976650E-08	-3.534772E-08	-3.585510E-08	-3.162691E-08	-2.345239E-08	-1.245908E-08	+0.000000E+00	+1.245908E-08	+2.345239E-08	+3.162691E-08	+3.585510E-08	+3.534772E-08	+2.976650E-08	+1.933695E-08	+4.961083E-09	-1.166982E-08	-2.796247E-08	-4.030880E-08	-4.397324E-08	-3.297993E-08	+0.000000E+00	+6.376120E-08	-6.376120E-08	+0.000000E+00	+3.297993E-08	+4.397324E-08	+4.030880E-08	+2.796247E-08	+1.166982E-08	-4.961083E-09	-1.933695E-08	-2.976650E-08	-3.534772E-08	-3.585510E-08	-3.162691E-08	-2.345239E-08	-1.245908E-08	+0.000000E+00	+1.245908E-08	+2.345239E-08	+3.162691E-08	+3.585510E-08	+3.534772E-08	+2.976650E-08	+1.933695E-08	+4.961083E-09	-1.166982E-08	-2.796247E-08	-4.030880E-08	-4.397324E-08	-3.297993E-08	+0.000000E+00	+6.376120E-08	-6.376120E-08	+0.000000E+00	+3.297993E-08	+4.397324E-08	+4.030880E-08	+2.796247E-08	+1.166982E-08	-4.961083E-09	-1.933695E-08	-2.976650E-08	-3.534772E-08	-3.585510E-08	-3.162691E-08	-2.345239E-08	-1.245908E-08	+0.000000E+00	+1.245908E-08	+2.345239E-08	+3.162691E-08	+3.585510E-08	+3.534772E-08	+2.976650E-08	+1.933695E-08	+4.961083E-09	-1.166982E-08	-2.796247E-08	-4.030880E-08	-4.397324E-08	-3.297993E-08	+0.000000E+00	+6.376120E-08	-6.376120E-08	+0.000000E+00	+3.297993E-08	+4.397324E-08	+4.030880E-08	+2.796247E-08	+1.166982E-08	-4.961083E-09	-1.933695E-08	-2.976650E-08	-3.534772E-08	-3.585510E-08	-3.162691E-08	-2.345239E-08	-1.245908E-08	+0.000000E+00
	A	-2.305837E-04	+0.000000E+00	+1.376163E-04	+1.987790E-04	+1.987790E-04	+1.516837E-04	+7.033719E-05	-3.363953E-05	-1.498488E-04	-2.691162E-04	-3.834906E-04	-4.862441E-04	-5.718720E-04	-6.360929E-04	-6.758487E-04	-6.893045E-04	-6.758487E-04	-6.360929E-04	-5.718720E-04	-4.862441E-04	-3.834906E-04	-2.691162E-04	-1.498488E-04	-3.363953E-05	+7.033719E-05	+1.516837E-04	+1.987790E-04	+1.987790E-04	+1.376163E-04	+0.000000E+00	-2.305837E-04	-2.152114E-04	+0.000000E+00	+1.284418E-04	+1.855271E-04	+1.855271E-04	+1.415714E-04	+6.564805E-05	-3.139689E-05	-1.398589E-04	-2.511751E-04	-3.579246E-04	-4.538278E-04	-5.337472E-04	-5.936867E-04	-6.307921E-04	-6.433509E-04	-6.307921E-04	-5.936867E-04	-5.337472E-04	-4.538278E-04	-3.579246E-04	-2.511751E-04	-1.398589E-04	-3.139689E-05	+6.564805E-05	+1.415714E-04	+1.855271E-04	+1.855271E-04	+1.284418E-04	+0.000000E+00	-2.152114E-04	-1.998392E-04	+0.000000E+00	+1.192674E-04	+1.722752E-04	+1.722752E-04	+1.314592E-04	+6.095890E-05	-2.915426E-05	-1.298690E-04	-2.332341E-04	-3.323585E-04	-4.214115E-04	-4.956224E-04	-5.512805E-04	-5.857355E-04	-5.973972E-04	-5.857355E-04	-5.512805E-04	-4.956224E-04	-4.214115E-04	-3.323585E-04	-2.332341E-04	-1.298690E-04	-2.915426E-05	+6.095890E-05	+1.314592E-04	+1.722752E-04	+1.722752E-04	+1.192674E-04	+0.000000E+00	-1.998392E-04	-1.844669E-04	+0.000000E+00	+1.100930E-04	+1.590232E-04	+1.590232E-04	+1.213470E-04	+5.626976E-05	-2.691162E-05	-1.198790E-04	-2.152930E-04	-3.067925E-04	-3.889953E-04	-4.574976E-04	-5.088743E-04	-5.406790E-04	-5.514436E-04	-5.406790E-04	-5.088743E-04	-4.574976E-04	-3.889953E-04	-3.067925E-04	-2.152930E-04	-1.198790E-04	-2.691162E-05	+5.626976E-05	+1.213470E-04	+1.590232E-04	+1.590232E-04	+1.100930E-04	+0.000000E+00	-1.844669E-04	-1.690947E-04	+0.000000E+00	+1.009186E-04	+1.457713E-04	+1.457713E-04	+1.112347E-04	+5.158061E-05	-2.466899E-05	-1.098891E-04	-1.973519E-04	-2.812265E-04	-3.565790E-04	-4.193728E-04	-4.664681E-04	-4.956224E-04	-5.054900E-04	-4.956224E-04	-4.664681E-04	-4.193728E-04	-3.565790E-04	-2.812265E-04	-1.973519E-04	-1.098891E-04	-2.466899E-05	+5.158061E-05	+1.112347E-04	+1.457713E-04	+1.457713E-04	+1.009186E-04	+0.000000E+00	-1.690947E-04	-1.537224E-04	+0.000000E+00	+9.174417E-05	+1.325194E-04	+1.325194E-04	+1.011225E-04	+4.689146E-05	-2.242635E-05	-9.989920E-05	-1.794108E-04	-2.556604E-04	-3.241627E-04	-3.812480E-04	-4.240619E-04	-4.505658E-04	-4.595363E-04	-4.505658E-04	-4.240619E-04	-3.812480E-04	-3.241627E-04	-2.556604E-04	-1.794108E-04	-9.989920E-05	-2.242635E-05	+4.689146E-05	+1.011225E-04	+1.325194E-04	+1.325194E-04	+9.174417E-05	+0.000000E+00	-1.537224E-04	-1.383502E-04	+0.000000E+00	+8.256975E-05	+1.192674E-04	+1.192674E-04	+9.101021E-05	+4.220232E-05	-2.018372E-05	-8.990928E-05	-1.614697E-04	-2.300944E-04	-2.917465E-04	-3.431232E-04	-3.816557E-04	-4.055092E-04	-4.135827E-04	-4.055092E-04	-3.816557E-04	-3.431232E-04	-2.917465E-04	-2.300944E-04	-1.614697E-04	-8.990928E-05	-2.018372E-05	+4.220232E-05	+9.101021E-05	+1.192674E-04	+1.192674E-04	+8.256975E-05	+0.000000E+00	-1.383502E-04	-1.229780E-04	+0.000000E+00	+7.339533E-05	+1.060155E-04	+1.060155E-04	+8.089797E-05	+3.751317E-05	-1.794108E-05	-7.991936E-05	-1.435287E-04	-2.045283E-04	-2.593302E-04	-3.049984E-04	-3.392495E-04	-3.604526E-04	-3.676291E-04	-3.604526E-04	-3.392495E-04	-3.049984E-04	-2.593302E-04	-2.045283E-04	-1.435287E-04	-7.991936E-05	-1.794108E-05	+3.751317E-05	+8.089797E-05	+1.060155E-04	+1.060155E-04	+7.339533E-05	+0.000000E+00	-1.229780E-04	-1.076057E-04	+0.000000E+00	+6.422092E-05	+9.276355E-05	+9.276355E-05	+7.078572E-05	+3.282402E-05	-1.569845E-05	-6.992944E-05	-1.255876E-04	-1.789623E-04	-2.269139E-04	-2.668736E-04	-2.968433E-04	-3.153961E-04	-3.216754E-04	-3.153961E-04	-2.968433E-04	-2.668736E-04	-2.269139E-04	-1.789623E-04	-1.255876E-04	-6.992944E-05	-1.569845E-05	+3.282402E-05	+7.078572E-05	+9.276355E-05	+9.276355E-05	+6.422092E-05	+0.000000E+00	-1.076057E-04	-9.223347E-05	+0.000000E+00	+5.504650E-05	+7.951161E-05	+7.951161E-05	+6.067348E-05	+2.813488E-05	-1.345581E-05	-5.993952E-05	-1.076465E-04	-1.533962E-04	-1.944976E-04	-2.287488E-04	-2.544372E-04	-2.703395E-04	-2.757218E-04	-2.703395E-04	-2.544372E-04	-2.287488E-04	-1.944976E-04	-1.533962E-04	-1.076465E-04	-5.993952E-05	-1.345581E-05	+2.813488E-05	+6.067348E-05	+7.951161E-05	+7.951161E-05	+5.504650E-05	+0.000000E+00	-9.223347E-05	-7.686122E-05	+0.000000E+00	+4.587208E-05	+6.625968E-05	+6.625968E-05	+5.056123E-05	+2.344573E-05	-1.121318E-05	-4.994960E-05	-8.970541E-05	-1.278302E-04	-1.620814E-04	-1.906240E-04	-2.120310E-04	-2.252829E-04	-2.297682E-04	-2.252829E-04	-2.120310E-04	-1.906240E-04	-1.620814E-04	-1.278302E-04	-8.970541E-05	-4.994960E-05	-1.121318E-05	+2.344573E-05	+5.056123E-05	+6.625968E-05	+6.625968E-05	+4.587208E-05	+0.000000E+00	-7.686122E-05	-6.148898E-05	+0.000000E+00	+3.669767E-05	+5.300774E-05	+5.300774E-05	+4.044898E-05	+1.875659E-05	-8.970541E-06	-3.995968E-05	-7.176433E-05	-1.022642E-04	-1.296651E-04	-1.524992E-04	-1.696248E-04	-1.802263E-04	-1.838145E-04	-1.802263E-04	-1.696248E-04	-1.524992E-04	-1.296651E-04	-1.022642E-04	-7.176433E-05	-3.995968E-05	-8.970541E-06	+1.875659E-05	+4.044898E-05	+5.300774E-05	+5.300774E-05	+3.669767E-05	+0.000000E+00	-6.148898E-05	-4.611673E-05	+0.000000E+00	+2.752325E-05	+3.975581E-05	+3.975581E-05	+3.033674E-05	+1.406744E-05	-6.727906E-06	-2.996976E-05	-5.382324E-05	-7.669812E-05	-9.724882E-05	-1.143744E-04	-1.272186E-04	-1.351697E-04	-1.378609E-04	-1.351697E-04	-1.272186E-04	-1.143744E-04	-9.724882E-05	-7.669812E-05	-5.382324E-05	-2.996976E-05	-6.727906E-06	+1.406744E-05	+3.033674E-05	+3.975581E-05	+3.975581E-05	+2.752325E-05	+0.000000E+00	-4.611673E-05	-3.074449E-05	+0.000000E+00	+1.834883E-05	+2.650387E-05	+2.650387E-05	+2.022449E-05	+9.378293E-06	-4.485270E-06	-1.997984E-05	-3.588216E-05	-5.113208E-05	-6.483254E-05	-7.624960E-05	-8.481239E-05	-9.011316E-05	-9.190727E-05	-9.011316E-05	-8.481239E-05	-7.624960E-05	-6.483254E-05	-5.113208E-05	-3.588216E-05	-1.997984E-05	-4.485270E-06	+9.378293E-06	+2.022449E-05	+2.650387E-05	+2.650387E-05	+1.834883E-05	+0.000000E+00	-3.074449E-05	-1.537224E-05	+0.000000E+00	+9.174417E-06	+1.325194E-05	+1.325194E-05	+1.011225E-05	+4.689146E-06	-2.242635E-06	-9.989920E-06	-1.794108E-05	-2.556604E-05	-3.241627E-05	-3.812480E-05	-4.240619E-05	-4.505658E-05	-4.595363E-05	-4.505658E-05	-4.240619E-05	-3.812480E-05	-3.241627E-05	-2.556604E-05	-1.794108E-05	-9.989920E-06	-2.242635E-06	+4.689146E-06	+1.011225E-05	+1.325194E-05	+1.325194E-05	+9.174417E-06	+0.000000E+00	-1.537224E-05	+0.000000E+00	+0.000000E+00	+0.000000E+00	+0.000000E+00	+0.000000E+00	+0.000000E+00	+0.000000E+00	+0.000000E+00	+0.000000E+00	+0.000000E+00	+0.000000E+00	+0.000000E+00	+0.000000E+00	+0.000000E+00	+0.000000E+00	+0.000000E+00
	S	+8.886427E-05	-3.149658E-05	-8.134874E-05	-8.245432E-05	-5.285858E-05	-7.175868E-06	+4.312450E-05	+8.943230E-05	+1.257105E-04	+1.482094E-04	+1.551806E-04	+1.465912E-04	+1.238379E-04	+8.946091E-05	+4.685833E-05	+0.000000E+00	-4.685833E-05	-8.946091E-05	-1.238379E-04	-1.465912E-04	-1.551806E-04	-1.482094E-04	-1.257105E-04	-8.943230E-05	-4.312450E-05	+7.175868E-06	+5.285858E-05	+8.245432E-05	+8.134874E-05	+3.149658E-05	-8.886427E-05	+8.293998E-05	-2.939681E-05	-7.592549E-05	-7.695737E-05	-4.933468E-05	-6.697476E-06	+4.024953E-05	+8.347014E-05	+1.173298E-04	+1.383288E-04	+1.448352E-04	+1.368184E-04	+1.155820E-04	+8.349685E-05	+4.373444E-05	+0.000000E+00	-4.373444E-05	-8.349685E-05	-1.155820E-04	-1.368184E-04	-1.448352E-04	-1.383288E-04	-1.173298E-04	-8.347014E-05	-4.024953E-05	+6.697476E-06	+4.933468E-05	+7.695737E-05	+7.592549E-05	+2.939681E-05	-8.293998E-05	+7.701570E-05	-2.729704E-05	-7.050224E-05	-7.146041E-05	-4.581077E-05	-6.219085E-06	+3.737456E-05	+7.750799E-05	+1.089491E-04	+1.284481E-04	+1.344898E-04	+1.270457E-04	+1.073262E-04	+7.753279E-05	+4.061056E-05	+0.000000E+00	-4.061056E-05	-7.753279E-05	-1.073262E-04	-1.270457E-04	-1.344898E-04	-1.284481E-04	-1.089491E-04	-7.750799E-05	-3.737456E-05	+6.219085E-06	+4.581077E-05	+7.146041E-05	+7.050224E-05	+2.729704E-05	-7.701570E-05	+7.109142E-05	-2.519727E-05	-6.507899E-05	-6.596346E-05	-4.228687E-05	-5.740694E-06	+3.449960E-05	+7.154584E-05	+1.005684E-04	+1.185675E-04	+1.241445E-04	+1.172730E-04	+9.907030E-05	+7.156872E-05	+3.748667E-05	+0.000000E+00	-3.748667E-05	-7.156872E-05	-9.907030E-05	-1.172730E-04	-1.241445E-04	-1.185675E-04	-1.005684E-04	-7.154584E-05	-3.449960E-05	+5.740694E-06	+4.228687E-05	+6.596346E-05	+6.507899E-05	+2.519727E-05	-7.109142E-05	+6.516713E-05	-2.309749E-05	-5.965574E-05	-6.046650E-05	-3.876296E-05	-5.262303E-06	+3.162463E-05	+6.558368E-05	+9.218771E-05	+1.086869E-04	+1.137991E-04	+1.075002E-04	+9.081444E-05	+6.560466E-05	+3.436278E-05	+0.000000E+00	-3.436278E-05	-6.560466E-05	-9.081444E-05	-1.075002E-04	-1.137991E-04	-1.086869E-04	-9.218771E-05	-6.558368E-05	-3.162463E-05	+5.262303E-06	+3.876296E-05	+6.046650E-05	+5.965574E-05	+2.309749E-05	-6.516713E-05	+5.924285E-05	-2.099772E-05	-5.423250E-05	-5.496955E-05	-3.523905E-05	-4.783912E-06	+2.874967E-05	+5.962153E-05	+8.380700E-05	+9.880626E-05	+1.034537E-04	+9.772746E-05	+8.255858E-05	+5.964060E-05	+3.123889E-05	+0.000000E+00	-3.123889E-05	-5.964060E-05	-8.255858E-05	-9.772746E-05	-1.034537E-04	-9.880626E-05	-8.380700E-05	-5.962153E-05	-2.874967E-05	+4.783912E-06	+3.523905E-05	+5.496955E-05	+5.423250E-05	+2.099772E-05	-5.924285E-05	+5.331856E-05	-1.889795E-05	-4.880925E-05	-4.947259E-05	-3.171515E-05	-4.305521E-06	+2.587470E-05	+5.365938E-05	+7.542630E-05	+8.892564E-05	+9.310835E-05	+8.795472E-05	+7.430272E-05	+5.367654E-05	+2.811500E-05	+0.000000E+00	-2.811500E-05	-5.367654E-05	-7.430272E-05	-8.795472E-05	-9.310835E-05	-8.892564E-05	-7.542630E-05	-5.365938E-05	-2.587470E-05	+4.305521E-06	+3.171515E-05	+4.947259E-05	+4.880925E-05	+1.889795E-05	-5.331856E-05	+4.739428E-05	-1.679818E-05	-4.338600E-05	-4.397564E-05	-2.819124E-05	-3.827129E-06	+2.299973E-05	+4.769722E-05	+6.704560E-05	+7.904501E-05	+8.276298E-05	+7.818197E-05	+6.604686E-05	+4.771248E-05	+2.499111E-05	+0.000000E+00	-2.499111E-05	-4.771248E-05	-6.604686E-05	-7.818197E-05	-8.276298E-05	-7.904501E-05	-6.704560E-05	-4.769722E-05	-2.299973E-05	+3.827129E-06	+2.819124E-05	+4.397564E-05	+4.338600E-05	+1.679818E-05	-4.739428E-05	+4.146999E-05	-1.469840E-05	-3.796275E-05	-3.847868E-05	-2.466734E-05	-3.348738E-06	+2.012477E-05	+4.173507E-05	+5.866490E-05	+6.916438E-05	+7.241761E-05	+6.840922E-05	+5.779101E-05	+4.174842E-05	+2.186722E-05	+0.000000E+00	-2.186722E-05	-4.174842E-05	-5.779101E-05	-6.840922E-05	-7.241761E-05	-6.916438E-05	-5.866490E-05	-4.173507E-05	-2.012477E-05	+3.348738E-06	+2.466734E-05	+3.847868E-05	+3.796275E-05	+1.469840E-05	-4.146999E-05	+3.554571E-05	-1.259863E-05	-3.253950E-05	-3.298173E-05	-2.114343E-05	-2.870347E-06	+1.724980E-05	+3.577292E-05	+5.028420E-05	+5.928376E-05	+6.207224E-05	+5.863648E-05	+4.953515E-05	+3.578436E-05	+1.874333E-05	+0.000000E+00	-1.874333E-05	-3.578436E-05	-4.953515E-05	-5.863648E-05	-6.207224E-05	-5.928376E-05	-5.028420E-05	-3.577292E-05	-1.724980E-05	+2.870347E-06	+2.114343E-05	+3.298173E-05	+3.253950E-05	+1.259863E-05	-3.554571E-05	+2.962142E-05	-1.049886E-05	-2.711625E-05	-2.748477E-05	-1.761953E-05	-2.391956E-06	+1.437483E-05	+2.981077E-05	+4.190350E-05	+4.940313E-05	+5.172686E-05	+4.886373E-05	+4.127929E-05	+2.982030E-05	+1.561944E-05	+0.000000E+00	-1.561944E-05	-2.982030E-05	-4.127929E-05	-4.886373E-05	-5.172686E-05	-4.940313E-05	-4.190350E-05	-2.981077E-05	-1.437483E-05	+2.391956E-06	+1.761953E-05	+2.748477E-05	+2.711625E-05	+1.049886E-05	-2.962142E-05	+2.369714E-05	-8.399089E-06	-2.169300E-05	-2.198782E-05	-1.409562E-05	-1.913565E-06	+1.149987E-05	+2.384861E-05	+3.352280E-05	+3.952250E-05	+4.138149E-05	+3.909099E-05	+3.302343E-05	+2.385624E-05	+1.249556E-05	+0.000000E+00	-1.249556E-05	-2.385624E-05	-3.302343E-05	-3.909099E-05	-4.138149E-05	-3.952250E-05	-3.352280E-05	-2.384861E-05	-1.149987E-05	+1.913565E-06	+1.409562E-05	+2.198782E-05	+2.169300E-05	+8.399089E-06	-2.369714E-05	+1.777285E-05	-6.299316E-06	-1.626975E-05	-1.649086E-05	-1.057172E-05	-1.435174E-06	+8.624900E-06	+1.788646E-05	+2.514210E-05	+2.964188E-05	+3.103612E-05	+2.931824E-05	+2.476757E-05	+1.789218E-05	+9.371667E-06	+0.000000E+00	-9.371667E-06	-1.789218E-05	-2.476757E-05	-2.931824E-05	-3.103612E-05	-2.964188E-05	-2.514210E-05	-1.788646E-05	-8.624900E-06	+1.435174E-06	+1.057172E-05	+1.649086E-05	+1.626975E-05	+6.299316E-06	-1.777285E-05	+1.184857E-05	-4.199544E-06	-1.084650E-05	-1.099391E-05	-7.047811E-06	-9.567823E-07	+5.749933E-06	+1.192431E-05	+1.676140E-05	+1.976125E-05	+2.069075E-05	+1.954549E-05	+1.651172E-05	+1.192812E-05	+6.247778E-06	+0.000000E+00	-6.247778E-06	-1.192812E-05	-1.651172E-05	-1.954549E-05	-2.069075E-05	-1.976125E-05	-1.676140E-05	-1.192431E-05	-5.749933E-06	+9.567823E-07	+7.047811E-06	+1.099391E-05	+1.084650E-05	+4.199544E-06	-1.184857E-05	+5.924285E-06	-2.099772E-06	-5.423250E-06	-5.496955E-06	-3.523905E-06	-4.783912E-07	+2.874967E-06	+5.962153E-06	+8.380700E-06	+9.880626E-06	+1.034537E-05	+9.772746E-06	+8.255858E-06	+5.964060E-06	+3.123889E-06	+0.000000E+00	-3.123889E-06	-5.964060E-06	-8.255858E-06	-9.772746E-06	-1.034537E-05	-9.880626E-06	-8.380700E-06	-5.962153E-06	-2.874967E-06	+4.783912E-07	+3.523905E-06	+5.496955E-06	+5.423250E-06	+2.099772E-06	-5.924285E-06	+0.000000E+00	+0.000000E+00	+0.000000E+00	+0.000000E+00	+0.000000E+00	+0.000000E+00	+0.000000E+00	+0.000000E+00	+0.000000E+00	+0.000000E+00	+0.000000E+00	+0.000000E+00	+0.000000E+00	+0.000000E+00	+0.000000E+00	+0.000000E+00
	A	+1.450929E-05	+2.249756E-06	-5.937512E-06	-1.074396E-05	-1.280983E-05	-1.272413E-05	-1.102467E-05	-8.198011E-06	-4.679527E-06	-8.533557E-07	+2.947581E-06	+6.441580E-06	+9.398156E-06	+1.163804E-05	+1.303319E-05	+1.350678E-05	+1.303319E-05	+1.163804E-05	+9.398156E-06	+6.441580E-06	+2.947581E-06	-8.533557E-07	-4.679527E-06	-8.198011E-06	-1.102467E-05	-1.272413E-05	-1.280983E-05	-1.074396E-05	-5.937512E-06	+2.249756E-06	+1.450929E-05	+1.354201E-05	+2.099772E-06	-5.541677E-06	-1.002770E-05	-1.195584E-05	-1.187586E-05	-1.028969E-05	-7.651477E-06	-4.367559E-06	-7.964653E-07	+2.751076E-06	+6.012141E-06	+8.771612E-06	+1.086217E-05	+1.216431E-05	+1.260633E-05	+1.216431E-05	+1.086217E-05	+8.771612E-06	+6.012141E-06	+2.751076E-06	-7.964653E-07	-4.367559E-06	-7.651477E-06	-1.028969E-05	-1.187586E-05	-1.195584E-05	-1.002770E-05	-5.541677E-06	+2.099772E-06	+1.354201E-05	+1.257472E-05	+1.949788E-06	-5.145843E-06	-9.311433E-06	-1.110185E-05	-1.102758E-05	-9.554710E-06	-7.104943E-06	-4.055590E-06	-7.395749E-07	+2.554570E-06	+5.582703E-06	+8.145068E-06	+1.008630E-05	+1.129543E-05	+1.170588E-05	+1.129543E-05	+1.008630E-05	+8.145068E-06	+5.582703E-06	+2.554570E-06	-7.395749E-07	-4.055590E-06	-7.104943E-06	-9.554710E-06	-1.102758E-05	-1.110185E-05	-9.311433E-06	-5.145843E-06	+1.949788E-06	+1.257472E-05	+1.160744E-05	+1.799805E-06	-4.750009E-06	-8.595169E-06	-1.024786E-05	-1.017931E-05	-8.819733E-06	-6.558409E-06	-3.743622E-06	-6.826845E-07	+2.358065E-06	+5.153264E-06	+7.518524E-06	+9.310434E-06	+1.042655E-05	+1.080542E-05	+1.042655E-05	+9.310434E-06	+7.518524E-06	+5.153264E-06	+2.358065E-06	-6.826845E-07	-3.743622E-06	-6.558409E-06	-8.819733E-06	-1.017931E-05	-1.024786E-05	-8.595169E-06	-4.750009E-06	+1.799805E-06	+1.160744E-05	+1.064015E-05	+1.649821E-06	-4.354175E-06	-7.878905E-06	-9.393875E-06	-9.331030E-06	-8.084755E-06	-6.011875E-06	-3.431653E-06	-6.257942E-07	+2.161560E-06	+4.723825E-06	+6.891981E-06	+8.534564E-06	+9.557675E-06	+9.904972E-06	+9.557675E-06	+8.534564E-06	+6.891981E-06	+4.723825E-06	+2.161560E-06	-6.257942E-07	-3.431653E-06	-6.011875E-06	-8.084755E-06	-9.331030E-06	-9.393875E-06	-7.878905E-06	-4.354175E-06	+1.649821E-06	+1.064015E-05	+9.672863E-06	+1.499837E-06	-3.958341E-06	-7.162641E-06	-8.539886E-06	-8.482754E-06	-7.349777E-06	-5.465341E-06	-3.119685E-06	-5.689038E-07	+1.965054E-06	+4.294387E-06	+6.265437E-06	+7.758695E-06	+8.688796E-06	+9.004520E-06	+8.688796E-06	+7.758695E-06	+6.265437E-06	+4.294387E-06	+1.965054E-06	-5.689038E-07	-3.119685E-06	-5.465341E-06	-7.349777E-06	-8.482754E-06	-8.539886E-06	-7.162641E-06	-3.958341E-06	+1.499837E-06	+9.672863E-06	+8.705577E-06	+1.349854E-06	-3.562507E-06	-6.446377E-06	-7.685898E-06	-7.634479E-06	-6.614799E-06	-4.918807E-06	-2.807716E-06	-5.120134E-07	+1.768549E-06	+3.864948E-06	+5.638893E-06	+6.982825E-06	+7.819916E-06	+8.104068E-06	+7.819916E-06	+6.982825E-06	+5.638893E-06	+3.864948E-06	+1.768549E-06	-5.120134E-07	-2.807716E-06	-4.918807E-06	-6.614799E-06	-7.634479E-06	-7.685898E-06	-6.446377E-06	-3.562507E-06	+1.349854E-06	+8.705577E-06	+7.738291E-06	+1.199870E-06	-3.166673E-06	-5.730113E-06	-6.831909E-06	-6.786203E-06	-5.879822E-06	-4.372272E-06	-2.495748E-06	-4.551230E-07	+1.572043E-06	+3.435509E-06	+5.012350E-06	+6.206956E-06	+6.951036E-06	+7.203616E-06	+6.951036E-06	+6.206956E-06	+5.012350E-06	+3.435509E-06	+1.572043E-06	-4.551230E-07	-2.495748E-06	-4.372272E-06	-5.879822E-06	-6.786203E-06	-6.831909E-06	-5.730113E-06	-3.166673E-06	+1.199870E-06	+7.738291E-06	+6.771004E-06	+1.049886E-06	-2.770839E-06	-5.013849E-06	-5.977920E-06	-5.937928E-06	-5.144844E-06	-3.825738E-06	-2.183779E-06	-3.982326E-07	+1.375538E-06	+3.006071E-06	+4.385806E-06	+5.431086E-06	+6.082157E-06	+6.303164E-06	+6.082157E-06	+5.431086E-06	+4.385806E-06	+3.006071E-06	+1.375538E-06	-3.982326E-07	-2.183779E-06	-3.825738E-06	-5.144844E-06	-5.937928E-06	-5.977920E-06	-5.013849E-06	-2.770839E-06	+1.049886E-06	+6.771004E-06	+5.803718E-06	+8.999023E-07	-2.375005E-06	-4.297585E-06	-5.123932E-06	-5.089653E-06	-4.409866E-06	-3.279204E-06	-1.871811E-06	-3.413423E-07	+1.179032E-06	+2.576632E-06	+3.759262E-06	+4.655217E-06	+5.213277E-06	+5.402712E-06	+5.213277E-06	+4.655217E-06	+3.759262E-06	+2.576632E-06	+1.179032E-06	-3.413423E-07	-1.871811E-06	-3.279204E-06	-4.409866E-06	-5.089653E-06	-5.123932E-06	-4.297585E-06	-2.375005E-06	+8.999023E-07	+5.803718E-06	+4.836432E-06	+7.499186E-07	-1.979171E-06	-3.581320E-06	-4.269943E-06	-4.241377E-06	-3.674889E-06	-2.732670E-06	-1.559842E-06	-2.844519E-07	+9.825271E-07	+2.147193E-06	+3.132719E-06	+3.879347E-06	+4.344398E-06	+4.502260E-06	+4.344398E-06	+3.879347E-06	+3.132719E-06	+2.147193E-06	+9.825271E-07	-2.844519E-07	-1.559842E-06	-2.732670E-06	-3.674889E-06	-4.241377E-06	-4.269943E-06	-3.581320E-06	-1.979171E-06	+7.499186E-07	+4.836432E-06	+3.869145E-06	+5.999349E-07	-1.583336E-06	-2.865056E-06	-3.415954E-06	-3.393102E-06	-2.939911E-06	-2.186136E-06	-1.247874E-06	-2.275615E-07	+7.860216E-07	+1.717755E-06	+2.506175E-06	+3.103478E-06	+3.475518E-06	+3.601808E-06	+3.475518E-06	+3.103478E-06	+2.506175E-06	+1.717755E-06	+7.860216E-07	-2.275615E-07	-1.247874E-06	-2.186136E-06	-2.939911E-06	-3.393102E-06	-3.415954E-06	-2.865056E-06	-1.583336E-06	+5.999349E-07	+3.869145E-06	+2.901859E-06	+4.499512E-07	-1.187502E-06	-2.148792E-06	-2.561966E-06	-2.544826E-06	-2.204933E-06	-1.639602E-06	-9.359054E-07	-1.706711E-07	+5.895162E-07	+1.288316E-06	+1.879631E-06	+2.327608E-06	+2.606639E-06	+2.701356E-06	+2.606639E-06	+2.327608E-06	+1.879631E-06	+1.288316E-06	+5.895162E-07	-1.706711E-07	-9.359054E-07	-1.639602E-06	-2.204933E-06	-2.544826E-06	-2.561966E-06	-2.148792E-06	-1.187502E-06	+4.499512E-07	+2.901859E-06	+1.934573E-06	+2.999674E-07	-7.916682E-07	-1.432528E-06	-1.707977E-06	-1.696551E-06	-1.469955E-06	-1.093068E-06	-6.239370E-07	-1.137808E-07	+3.930108E-07	+8.588773E-07	+1.253087E-06	+1.551739E-06	+1.737759E-06	+1.800904E-06	+1.737759E-06	+1.551739E-06	+1.253087E-06	+8.588773E-07	+3.930108E-07	-1.137808E-07	-6.239370E-07	-1.093068E-06	-1.469955E-06	-1.696551E-06	-1.707977E-06	-1.432528E-06	-7.916682E-07	+2.999674E-07	+1.934573E-06	+9.672863E-07	+1.499837E-07	-3.958341E-07	-7.162641E-07	-8.539886E-07	-8.482754E-07	-7.349777E-07	-5.465341E-07	-3.119685E-07	-5.689038E-08	+1.965054E-07	+4.294387E-07	+6.265437E-07	+7.758695E-07	+8.688796E-07	+9.004520E-07	+8.688796E-07	+7.758695E-07	+6.265437E-07	+4.294387E-07	+1.965054E-07	-5.689038E-08	-3.119685E-07	-5.465341E-07	-7.349777E-07	-8.482754E-07	-8.539886E-07	-7.162641E-07	-3.958341E-07	+1.499837E-07	+9.672863E-07	+0.000000E+00	+0.000000E+00	+0.000000E+00	+0.000000E+00	+0.000000E+00	+0.000000E+00	+0.000000E+00	+0.000000E+00	+0.000000E+00	+0.000000E+00	+0.000000E+00	+0.000000E+00	+0.000000E+00	+0.000000E+00	+0.000000E+00	+0.000000E+00
	S	-2.407347E-06	+4.564722E-07	+1.843316E-06	+2.186419E-06	+1.846189E-06	+1.115802E-06	+2.268091E-07	-6.452612E-07	-1.375302E-06	-1.883027E-06	-2.127364E-06	-2.100856E-06	-1.824058E-06	-1.339935E-06	-7.082565E-07	+0.000000E+00	+7.082565E-07	+1.339935E-06	+1.824058E-06	+2.100856E-06	+2.127364E-06	+1.883027E-06	+1.375302E-06	+6.452612E-07	-2.268091E-07	-1.115802E-06	-1.846189E-06	-2.186419E-06	-1.843316E-06	-4.564722E-07	+2.407347E-06	-2.246858E-06	+4.260407E-07	+1.720428E-06	+2.040658E-06	+1.723110E-06	+1.041415E-06	+2.116885E-07	-6.022437E-07	-1.283616E-06	-1.757492E-06	-1.985540E-06	-1.960799E-06	-1.702454E-06	-1.250606E-06	-6.610394E-07	+0.000000E+00	+6.610394E-07	+1.250606E-06	+1.702454E-06	+1.960799E-06	+1.985540E-06	+1.757492E-06	+1.283616E-06	+6.022437E-07	-2.116885E-07	-1.041415E-06	-1.723110E-06	-2.040658E-06	-1.720428E-06	-4.260407E-07	+2.246858E-06	-2.086368E-06	+3.956092E-07	+1.597540E-06	+1.894897E-06	+1.600030E-06	+9.670282E-07	+1.965679E-07	-5.592263E-07	-1.191929E-06	-1.631957E-06	-1.843715E-06	-1.820742E-06	-1.580850E-06	-1.161277E-06	-6.138223E-07	+0.000000E+00	+6.138223E-07	+1.161277E-06	+1.580850E-06	+1.820742E-06	+1.843715E-06	+1.631957E-06	+1.191929E-06	+5.592263E-07	-1.965679E-07	-9.670282E-07	-1.600030E-06	-1.894897E-06	-1.597540E-06	-3.956092E-07	+2.086368E-06	-1.925878E-06	+3.651778E-07	+1.474653E-06	+1.749136E-06	+1.476951E-06	+8.926414E-07	+1.814473E-07	-5.162089E-07	-1.100242E-06	-1.506422E-06	-1.701891E-06	-1.680685E-06	-1.459247E-06	-1.071948E-06	-5.666052E-07	+0.000000E+00	+5.666052E-07	+1.071948E-06	+1.459247E-06	+1.680685E-06	+1.701891E-06	+1.506422E-06	+1.100242E-06	+5.162089E-07	-1.814473E-07	-8.926414E-07	-1.476951E-06	-1.749136E-06	-1.474653E-06	-3.651778E-07	+1.925878E-06	-1.765388E-06	+3.347463E-07	+1.351765E-06	+1.603374E-06	+1.353872E-06	+8.182546E-07	+1.663267E-07	-4.731915E-07	-1.008555E-06	-1.380887E-06	-1.560067E-06	-1.540628E-06	-1.337643E-06	-9.826187E-07	-5.193881E-07	+0.000000E+00	+5.193881E-07	+9.826187E-07	+1.337643E-06	+1.540628E-06	+1.560067E-06	+1.380887E-06	+1.008555E-06	+4.731915E-07	-1.663267E-07	-8.182546E-07	-1.353872E-06	-1.603374E-06	-1.351765E-06	-3.347463E-07	+1.765388E-06	-1.604898E-06	+3.043148E-07	+1.228877E-06	+1.457613E-06	+1.230793E-06	+7.438678E-07	+1.512061E-07	-4.301741E-07	-9.168683E-07	-1.255351E-06	-1.418243E-06	-1.400571E-06	-1.216039E-06	-8.932897E-07	-4.721710E-07	+0.000000E+00	+4.721710E-07	+8.932897E-07	+1.216039E-06	+1.400571E-06	+1.418243E-06	+1.255351E-06	+9.168683E-07	+4.301741E-07	-1.512061E-07	-7.438678E-07	-1.230793E-06	-1.457613E-06	-1.228877E-06	-3.043148E-07	+1.604898E-06	-1.444408E-06	+2.738833E-07	+1.105989E-06	+1.311852E-06	+1.107713E-06	+6.694810E-07	+1.360855E-07	-3.871567E-07	-8.251815E-07	-1.129816E-06	-1.276418E-06	-1.260514E-06	-1.094435E-06	-8.039607E-07	-4.249539E-07	+0.000000E+00	+4.249539E-07	+8.039607E-07	+1.094435E-06	+1.260514E-06	+1.276418E-06	+1.129816E-06	+8.251815E-07	+3.871567E-07	-1.360855E-07	-6.694810E-07	-1.107713E-06	-1.311852E-06	-1.105989E-06	-2.738833E-07	+1.444408E-06	-1.283919E-06	+2.434518E-07	+9.831017E-07	+1.166090E-06	+9.846341E-07	+5.950943E-07	+1.209648E-07	-3.441393E-07	-7.334946E-07	-1.004281E-06	-1.134594E-06	-1.120457E-06	-9.728310E-07	-7.146318E-07	-3.777368E-07	+0.000000E+00	+3.777368E-07	+7.146318E-07	+9.728310E-07	+1.120457E-06	+1.134594E-06	+1.004281E-06	+7.334946E-07	+3.441393E-07	-1.209648E-07	-5.950943E-07	-9.846341E-07	-1.166090E-06	-9.831017E-07	-2.434518E-07	+1.283919E-06	-1.123429E-06	+2.130204E-07	+8.602140E-07	+1.020329E-06	+8.615548E-07	+5.207075E-07	+1.058442E-07	-3.011219E-07	-6.418078E-07	-8.787460E-07	-9.927699E-07	-9.803995E-07	-8.512272E-07	-6.253028E-07	-3.305197E-07	+0.000000E+00	+3.305197E-07	+6.253028E-07	+8.512272E-07	+9.803995E-07	+9.927699E-07	+8.787460E-07	+6.418078E-07	+3.011219E-07	-1.058442E-07	-5.207075E-07	-8.615548E-07	-1.020329E-06	-8.602140E-07	-2.130204E-07	+1.123429E-06	-9.629390E-07	+1.825889E-07	+7.373263E-07	+8.745678E-07	+7.384756E-07	+4.463207E-07	+9.072363E-08	-2.581045E-07	-5.501210E-07	-7.532108E-07	-8.509456E-07	-8.403424E-07	-7.296233E-07	-5.359738E-07	-2.833026E-07	+0.000000E+00	+2.833026E-07	+5.359738E-07	+7.296233E-07	+8.403424E-07	+8.509456E-07	+7.532108E-07	+5.501210E-07	+2.581045E-07	-9.072363E-08	-4.463207E-07	-7.384756E-07	-8.745678E-07	-7.373263E-07	-1.825889E-07	+9.629390E-07	-8.024491E-07	+1.521574E-07	+6.144386E-07	+7.288065E-07	+6.153963E-07	+3.719339E-07	+7.560303E-08	-2.150871E-07	-4.584341E-07	-6.276757E-07	-7.091213E-07	-7.002854E-07	-6.080194E-07	-4.466448E-07	-2.360855E-07	+0.000000E+00	+2.360855E-07	+4.466448E-07	+6.080194E-07	+7.002854E-07	+7.091213E-07	+6.276757E-07	+4.584341E-07	+2.150871E-07	-7.560303E-08	-3.719339E-07	-6.153963E-07	-7.288065E-07	-6.144386E-07	-1.521574E-07	+8.024491E-07	-6.419593E-07	+1.217259E-07	+4.915509E-07	+5.830452E-07	+4.923171E-07	+2.975471E-07	+6.048242E-08	-1.720696E-07	-3.667473E-07	-5.021406E-07	-5.672971E-07	-5.602283E-07	-4.864155E-07	-3.573159E-07	-1.888684E-07	+0.000000E+00	+1.888684E-07	+3.573159E-07	+4.864155E-07	+5.602283E-07	+5.672971E-07	+5.021406E-07	+3.667473E-07	+1.720696E-07	-6.048242E-08	-2.975471E-07	-4.923171E-07	-5.830452E-07	-4.915509E-07	-1.217259E-07	+6.419593E-07	-4.814695E-07	+9.129444E-08	+3.686631E-07	+4.372839E-07	+3.692378E-07	+2.231603E-07	+4.536182E-08	-1.290522E-07	-2.750605E-07	-3.766054E-07	-4.254728E-07	-4.201712E-07	-3.648116E-07	-2.679869E-07	-1.416513E-07	+0.000000E+00	+1.416513E-07	+2.679869E-07	+3.648116E-07	+4.201712E-07	+4.254728E-07	+3.766054E-07	+2.750605E-07	+1.290522E-07	-4.536182E-08	-2.231603E-07	-3.692378E-07	-4.372839E-07	-3.686631E-07	-9.129444E-08	+4.814695E-07	-3.209797E-07	+6.086296E-08	+2.457754E-07	+2.915226E-07	+2.461585E-07	+1.487736E-07	+3.024121E-08	-8.603482E-08	-1.833737E-07	-2.510703E-07	-2.836485E-07	-2.801141E-07	-2.432078E-07	-1.786579E-07	-9.443420E-08	+0.000000E+00	+9.443420E-08	+1.786579E-07	+2.432078E-07	+2.801141E-07	+2.836485E-07	+2.510703E-07	+1.833737E-07	+8.603482E-08	-3.024121E-08	-1.487736E-07	-2.461585E-07	-2.915226E-07	-2.457754E-07	-6.086296E-08	+3.209797E-07	-1.604898E-07	+3.043148E-08	+1.228877E-07	+1.457613E-07	+1.230793E-07	+7.438678E-08	+1.512061E-08	-4.301741E-08	-9.168683E-08	-1.255351E-07	-1.418243E-07	-1.400571E-07	-1.216039E-07	-8.932897E-08	-4.721710E-08	+0.000000E+00	+4.721710E-08	+8.932897E-08	+1.216039E-07	+1.400571E-07	+1.418243E-07	+1.255351E-07	+9.168683E-08	+4.301741E-08	-1.512061E-08	-7.438678E-08	-1.230793E-07	-1.457613E-07	-1.228877E-07	-3.043148E-08	+1.604898E-07	+0.000000E+00	+0.000000E+00	+0.000000E+00	+0.000000E+00	+0.000000E+00	+0.000000E+00	+0.000000E+00	+0.000000E+00	+0.000000E+00	+0.000000E+00	+0.000000E+00	+0.000000E+00	+0.000000E+00	+0.000000E+00	+0.000000E+00	+0.000000E+00
	A	-9.781547E-08	-3.260516E-08	+1.236747E-08	+4.047537E-08	+5.484162E-08	+5.833950E-08	+5.359238E-08	+4.297385E-08	+2.860759E-08	+1.236747E-08	-4.122491E-09	-1.948814E-08	-3.260516E-08	-4.259908E-08	-4.884527E-08	-5.096898E-08	-4.884527E-08	-4.259908E-08	-3.260516E-08	-1.948814E-08	-4.122491E-09	+1.236747E-08	+2.860759E-08	+4.297385E-08	+5.359238E-08	+5.833950E-08	+5.484162E-08	+4.047537E-08	+1.236747E-08	-3.260516E-08	-9.781547E-08	-9.129444E-08	-3.043148E-08	+1.154298E-08	+3.777701E-08	+5.118552E-08	+5.445020E-08	+5.001956E-08	+4.010892E-08	+2.670042E-08	+1.154298E-08	-3.847658E-09	-1.818893E-08	-3.043148E-08	-3.975914E-08	-4.558892E-08	-4.757105E-08	-4.558892E-08	-3.975914E-08	-3.043148E-08	-1.818893E-08	-3.847658E-09	+1.154298E-08	+2.670042E-08	+4.010892E-08	+5.001956E-08	+5.445020E-08	+5.118552E-08	+3.777701E-08	+1.154298E-08	-3.043148E-08	-9.129444E-08	-8.477341E-08	-2.825780E-08	+1.071848E-08	+3.507865E-08	+4.752941E-08	+5.056090E-08	+4.644673E-08	+3.724400E-08	+2.479324E-08	+1.071848E-08	-3.572826E-09	-1.688972E-08	-2.825780E-08	-3.691920E-08	-4.233257E-08	-4.417312E-08	-4.233257E-08	-3.691920E-08	-2.825780E-08	-1.688972E-08	-3.572826E-09	+1.071848E-08	+2.479324E-08	+3.724400E-08	+4.644673E-08	+5.056090E-08	+4.752941E-08	+3.507865E-08	+1.071848E-08	-2.825780E-08	-8.477341E-08	-7.825238E-08	-2.608413E-08	+9.893979E-09	+3.238029E-08	+4.387330E-08	+4.667160E-08	+4.287391E-08	+3.437908E-08	+2.288607E-08	+9.893979E-09	-3.297993E-09	-1.559051E-08	-2.608413E-08	-3.407926E-08	-3.907622E-08	-4.077519E-08	-3.907622E-08	-3.407926E-08	-2.608413E-08	-1.559051E-08	-3.297993E-09	+9.893979E-09	+2.288607E-08	+3.437908E-08	+4.287391E-08	+4.667160E-08	+4.387330E-08	+3.238029E-08	+9.893979E-09	-2.608413E-08	-7.825238E-08	-7.173135E-08	-2.391045E-08	+9.069481E-09	+2.968194E-08	+4.021719E-08	+4.278230E-08	+3.930108E-08	+3.151415E-08	+2.097890E-08	+9.069481E-09	-3.023160E-09	-1.429130E-08	-2.391045E-08	-3.123932E-08	-3.581987E-08	-3.737725E-08	-3.581987E-08	-3.123932E-08	-2.391045E-08	-1.429130E-08	-3.023160E-09	+9.069481E-09	+2.097890E-08	+3.151415E-08	+3.930108E-08	+4.278230E-08	+4.021719E-08	+2.968194E-08	+9.069481E-09	-2.391045E-08	-7.173135E-08	-6.521031E-08	-2.173677E-08	+8.244982E-09	+2.698358E-08	+3.656108E-08	+3.889300E-08	+3.572826E-08	+2.864923E-08	+1.907173E-08	+8.244982E-09	-2.748327E-09	-1.299209E-08	-2.173677E-08	-2.839938E-08	-3.256352E-08	-3.397932E-08	-3.256352E-08	-2.839938E-08	-2.173677E-08	-1.299209E-08	-2.748327E-09	+8.244982E-09	+1.907173E-08	+2.864923E-08	+3.572826E-08	+3.889300E-08	+3.656108E-08	+2.698358E-08	+8.244982E-09	-2.173677E-08	-6.521031E-08	-5.868928E-08	-1.956309E-08	+7.420484E-09	+2.428522E-08	+3.290497E-08	+3.500370E-08	+3.215543E-08	+2.578431E-08	+1.716455E-08	+7.420484E-09	-2.473495E-09	-1.169288E-08	-1.956309E-08	-2.555945E-08	-2.930716E-08	-3.058139E-08	-2.930716E-08	-2.555945E-08	-1.956309E-08	-1.169288E-08	-2.473495E-09	+7.420484E-09	+1.716455E-08	+2.578431E-08	+3.215543E-08	+3.500370E-08	+3.290497E-08	+2.428522E-08	+7.420484E-09	-1.956309E-08	-5.868928E-08	-5.216825E-08	-1.738942E-08	+6.595986E-09	+2.158686E-08	+2.924887E-08	+3.111440E-08	+2.858261E-08	+2.291939E-08	+1.525738E-08	+6.595986E-09	-2.198662E-09	-1.039367E-08	-1.738942E-08	-2.271951E-08	-2.605081E-08	-2.718346E-08	-2.605081E-08	-2.271951E-08	-1.738942E-08	-1.039367E-08	-2.198662E-09	+6.595986E-09	+1.525738E-08	+2.291939E-08	+2.858261E-08	+3.111440E-08	+2.924887E-08	+2.158686E-08	+6.595986E-09	-1.738942E-08	-5.216825E-08	-4.564722E-08	-1.521574E-08	+5.771488E-09	+1.888850E-08	+2.559276E-08	+2.722510E-08	+2.500978E-08	+2.005446E-08	+1.335021E-08	+5.771488E-09	-1.923829E-09	-9.094465E-09	-1.521574E-08	-1.987957E-08	-2.279446E-08	-2.378552E-08	-2.279446E-08	-1.987957E-08	-1.521574E-08	-9.094465E-09	-1.923829E-09	+5.771488E-09	+1.335021E-08	+2.005446E-08	+2.500978E-08	+2.722510E-08	+2.559276E-08	+1.888850E-08	+5.771488E-09	-1.521574E-08	-4.564722E-08	-3.912619E-08	-1.304206E-08	+4.946989E-09	+1.619015E-08	+2.193665E-08	+2.333580E-08	+2.143695E-08	+1.718954E-08	+1.144304E-08	+4.946989E-09	-1.648996E-09	-7.795256E-09	-1.304206E-08	-1.703963E-08	-1.953811E-08	-2.038759E-08	-1.953811E-08	-1.703963E-08	-1.304206E-08	-7.795256E-09	-1.648996E-09	+4.946989E-09	+1.144304E-08	+1.718954E-08	+2.143695E-08	+2.333580E-08	+2.193665E-08	+1.619015E-08	+4.946989E-09	-1.304206E-08	-3.912619E-08	-3.260516E-08	-1.086839E-08	+4.122491E-09	+1.349179E-08	+1.828054E-08	+1.944650E-08	+1.786413E-08	+1.432462E-08	+9.535863E-09	+4.122491E-09	-1.374164E-09	-6.496047E-09	-1.086839E-08	-1.419969E-08	-1.628176E-08	-1.698966E-08	-1.628176E-08	-1.419969E-08	-1.086839E-08	-6.496047E-09	-1.374164E-09	+4.122491E-09	+9.535863E-09	+1.432462E-08	+1.786413E-08	+1.944650E-08	+1.828054E-08	+1.349179E-08	+4.122491E-09	-1.086839E-08	-3.260516E-08	-2.608413E-08	-8.694709E-09	+3.297993E-09	+1.079343E-08	+1.462443E-08	+1.555720E-08	+1.429130E-08	+1.145969E-08	+7.628691E-09	+3.297993E-09	-1.099331E-09	-5.196837E-09	-8.694709E-09	-1.135975E-08	-1.302541E-08	-1.359173E-08	-1.302541E-08	-1.135975E-08	-8.694709E-09	-5.196837E-09	-1.099331E-09	+3.297993E-09	+7.628691E-09	+1.145969E-08	+1.429130E-08	+1.555720E-08	+1.462443E-08	+1.079343E-08	+3.297993E-09	-8.694709E-09	-2.608413E-08	-1.956309E-08	-6.521031E-09	+2.473495E-09	+8.095074E-09	+1.096832E-08	+1.166790E-08	+1.071848E-08	+8.594769E-09	+5.721518E-09	+2.473495E-09	-8.244982E-10	-3.897628E-09	-6.521031E-09	-8.519815E-09	-9.769055E-09	-1.019380E-08	-9.769055E-09	-8.519815E-09	-6.521031E-09	-3.897628E-09	-8.244982E-10	+2.473495E-09	+5.721518E-09	+8.594769E-09	+1.071848E-08	+1.166790E-08	+1.096832E-08	+8.095074E-09	+2.473495E-09	-6.521031E-09	-1.956309E-08	-1.304206E-08	-4.347354E-09	+1.648996E-09	+5.396716E-09	+7.312217E-09	+7.778599E-09	+7.145651E-09	+5.729846E-09	+3.814345E-09	+1.648996E-09	-5.496655E-10	-2.598419E-09	-4.347354E-09	-5.679877E-09	-6.512703E-09	-6.795864E-09	-6.512703E-09	-5.679877E-09	-4.347354E-09	-2.598419E-09	-5.496655E-10	+1.648996E-09	+3.814345E-09	+5.729846E-09	+7.145651E-09	+7.778599E-09	+7.312217E-09	+5.396716E-09	+1.648996E-09	-4.347354E-09	-1.304206E-08	-6.521031E-09	-2.173677E-09	+8.244982E-10	+2.698358E-09	+3.656108E-09	+3.889300E-09	+3.572826E-09	+2.864923E-09	+1.907173E-09	+8.244982E-10	-2.748327E-10	-1.299209E-09	-2.173677E-09	-2.839938E-09	-3.256352E-09	-3.397932E-09	-3.256352E-09	-2.839938E-09	-2.173677E-09	-1.299209E-09	-2.748327E-10	+8.244982E-10	+1.907173E-09	+2.864923E-09	+3.572826E-09	+3.889300E-09	+3.656108E-09	+2.698358E-09	+8.244982E-10	-2.173677E-09	-6.521031E-09	+0.000000E+00	+0.000000E+00	+0.000000E+00	+0.000000E+00	+0.000000E+00	+0.000000E+00	+0.000000E+00	+0.000000E+00	+0.000000E+00	+0.000000E+00	+0.000000E+00	+0.000000E+00	+0.000000E+00	+0.000000E+00	+0.000000E+00	+0.000000E+00
	S	+1.195522E-08	+0.000000E+00	-6.183737E-09	-8.244982E-09	-7.557900E-09	-5.242963E-09	-2.188091E-09	+9.302031E-10	+3.625678E-09	+5.581219E-09	+6.627697E-09	+6.722832E-09	+5.930045E-09	+4.397324E-09	+2.336078E-09	+0.000000E+00	-2.336078E-09	-4.397324E-09	-5.930045E-09	-6.722832E-09	-6.627697E-09	-5.581219E-09	-3.625678E-09	-9.302031E-10	+2.188091E-09	+5.242963E-09	+7.557900E-09	+8.244982E-09	+6.183737E-09	+0.000000E+00	-1.195522E-08	+1.115821E-08	+0.000000E+00	-5.771488E-09	-7.695317E-09	-7.054040E-09	-4.893432E-09	-2.042219E-09	+8.681896E-10	+3.383966E-09	+5.209138E-09	+6.185851E-09	+6.274643E-09	+5.534709E-09	+4.104169E-09	+2.180340E-09	+0.000000E+00	-2.180340E-09	-4.104169E-09	-5.534709E-09	-6.274643E-09	-6.185851E-09	-5.209138E-09	-3.383966E-09	-8.681896E-10	+2.042219E-09	+4.893432E-09	+7.054040E-09	+7.695317E-09	+5.771488E-09	+0.000000E+00	-1.115821E-08	+1.036119E-08	+0.000000E+00	-5.359238E-09	-7.145651E-09	-6.550180E-09	-4.543901E-09	-1.896346E-09	+8.061760E-10	+3.142254E-09	+4.837056E-09	+5.744004E-09	+5.826454E-09	+5.139372E-09	+3.811014E-09	+2.024601E-09	+0.000000E+00	-2.024601E-09	-3.811014E-09	-5.139372E-09	-5.826454E-09	-5.744004E-09	-4.837056E-09	-3.142254E-09	-8.061760E-10	+1.896346E-09	+4.543901E-09	+6.550180E-09	+7.145651E-09	+5.359238E-09	+0.000000E+00	-1.036119E-08	+9.564179E-09	+0.000000E+00	-4.946989E-09	-6.595986E-09	-6.046320E-09	-4.194370E-09	-1.750473E-09	+7.441625E-10	+2.900542E-09	+4.464975E-09	+5.302158E-09	+5.378265E-09	+4.744036E-09	+3.517859E-09	+1.868863E-09	+0.000000E+00	-1.868863E-09	-3.517859E-09	-4.744036E-09	-5.378265E-09	-5.302158E-09	-4.464975E-09	-2.900542E-09	-7.441625E-10	+1.750473E-09	+4.194370E-09	+6.046320E-09	+6.595986E-09	+4.946989E-09	+0.000000E+00	-9.564179E-09	+8.767165E-09	+0.000000E+00	-4.534740E-09	-6.046320E-09	-5.542460E-09	-3.844840E-09	-1.604600E-09	+6.821490E-10	+2.658831E-09	+4.092894E-09	+4.860311E-09	+4.930077E-09	+4.348700E-09	+3.224704E-09	+1.713124E-09	+0.000000E+00	-1.713124E-09	-3.224704E-09	-4.348700E-09	-4.930077E-09	-4.860311E-09	-4.092894E-09	-2.658831E-09	-6.821490E-10	+1.604600E-09	+3.844840E-09	+5.542460E-09	+6.046320E-09	+4.534740E-09	+0.000000E+00	-8.767165E-09	+7.970150E-09	+0.000000E+00	-4.122491E-09	-5.496655E-09	-5.038600E-09	-3.495309E-09	-1.458728E-09	+6.201354E-10	+2.417119E-09	+3.720813E-09	+4.418465E-09	+4.481888E-09	+3.953363E-09	+2.931549E-09	+1.557386E-09	+0.000000E+00	-1.557386E-09	-2.931549E-09	-3.953363E-09	-4.481888E-09	-4.418465E-09	-3.720813E-09	-2.417119E-09	-6.201354E-10	+1.458728E-09	+3.495309E-09	+5.038600E-09	+5.496655E-09	+4.122491E-09	+0.000000E+00	-7.970150E-09	+7.173135E-09	+0.000000E+00	-3.710242E-09	-4.946989E-09	-4.534740E-09	-3.145778E-09	-1.312855E-09	+5.581219E-10	+2.175407E-09	+3.348731E-09	+3.976618E-09	+4.033699E-09	+3.558027E-09	+2.638394E-09	+1.401647E-09	+0.000000E+00	-1.401647E-09	-2.638394E-09	-3.558027E-09	-4.033699E-09	-3.976618E-09	-3.348731E-09	-2.175407E-09	-5.581219E-10	+1.312855E-09	+3.145778E-09	+4.534740E-09	+4.946989E-09	+3.710242E-09	+0.000000E+00	-7.173135E-09	+6.376120E-09	+0.000000E+00	-3.297993E-09	-4.397324E-09	-4.030880E-09	-2.796247E-09	-1.166982E-09	+4.961083E-10	+1.933695E-09	+2.976650E-09	+3.534772E-09	+3.585510E-09	+3.162691E-09	+2.345239E-09	+1.245908E-09	+0.000000E+00	-1.245908E-09	-2.345239E-09	-3.162691E-09	-3.585510E-09	-3.534772E-09	-2.976650E-09	-1.933695E-09	-4.961083E-10	+1.166982E-09	+2.796247E-09	+4.030880E-09	+4.397324E-09	+3.297993E-09	+0.000000E+00	-6.376120E-09	+5.579105E-09	+0.000000E+00	-2.885744E-09	-3.847658E-09	-3.527020E-09	-2.446716E-09	-1.021109E-09	+4.340948E-10	+1.691983E-09	+2.604569E-09	+3.092925E-09	+3.137321E-09	+2.767354E-09	+2.052084E-09	+1.090170E-09	+0.000000E+00	-1.090170E-09	-2.052084E-09	-2.767354E-09	-3.137321E-09	-3.092925E-09	-2.604569E-09	-1.691983E-09	-4.340948E-10	+1.021109E-09	+2.446716E-09	+3.527020E-09	+3.847658E-09	+2.885744E-09	+0.000000E+00	-5.579105E-09	+4.782090E-09	+0.000000E+00	-2.473495E-09	-3.297993E-09	-3.023160E-09	-2.097185E-09	-8.752366E-10	+3.720813E-10	+1.450271E-09	+2.232488E-09	+2.651079E-09	+2.689133E-09	+2.372018E-09	+1.758930E-09	+9.344313E-10	+0.000000E+00	-9.344313E-10	-1.758930E-09	-2.372018E-09	-2.689133E-09	-2.651079E-09	-2.232488E-09	-1.450271E-09	-3.720813E-10	+8.752366E-10	+2.097185E-09	+3.023160E-09	+3.297993E-09	+2.473495E-09	+0.000000E+00	-4.782090E-09	+3.985075E-09	+0.000000E+00	-2.061246E-09	-2.748327E-09	-2.519300E-09	-1.747654E-09	-7.293638E-10	+3.100677E-10	+1.208559E-09	+1.860406E-09	+2.209232E-09	+2.240944E-09	+1.976682E-09	+1.465775E-09	+7.786928E-10	+0.000000E+00	-7.786928E-10	-1.465775E-09	-1.976682E-09	-2.240944E-09	-2.209232E-09	-1.860406E-09	-1.208559E-09	-3.100677E-10	+7.293638E-10	+1.747654E-09	+2.519300E-09	+2.748327E-09	+2.061246E-09	+0.000000E+00	-3.985075E-09	+3.188060E-09	+0.000000E+00	-1.648996E-09	-2.198662E-09	-2.015440E-09	-1.398123E-09	-5.834911E-10	+2.480542E-10	+9.668475E-10	+1.488325E-09	+1.767386E-09	+1.792755E-09	+1.581345E-09	+1.172620E-09	+6.229542E-10	+0.000000E+00	-6.229542E-10	-1.172620E-09	-1.581345E-09	-1.792755E-09	-1.767386E-09	-1.488325E-09	-9.668475E-10	-2.480542E-10	+5.834911E-10	+1.398123E-09	+2.015440E-09	+2.198662E-09	+1.648996E-09	+0.000000E+00	-3.188060E-09	+2.391045E-09	+0.000000E+00	-1.236747E-09	-1.648996E-09	-1.511580E-09	-1.048593E-09	-4.376183E-10	+1.860406E-10	+7.251356E-10	+1.116244E-09	+1.325539E-09	+1.344566E-09	+1.186009E-09	+8.794648E-10	+4.672157E-10	+0.000000E+00	-4.672157E-10	-8.794648E-10	-1.186009E-09	-1.344566E-09	-1.325539E-09	-1.116244E-09	-7.251356E-10	-1.860406E-10	+4.376183E-10	+1.048593E-09	+1.511580E-09	+1.648996E-09	+1.236747E-09	+0.000000E+00	-2.391045E-09	+1.594030E-09	+0.000000E+00	-8.244982E-10	-1.099331E-09	-1.007720E-09	-6.990617E-10	-2.917455E-10	+1.240271E-10	+4.834237E-10	+7.441625E-10	+8.836930E-10	+8.963776E-10	+7.906727E-10	+5.863099E-10	+3.114771E-10	+0.000000E+00	-3.114771E-10	-5.863099E-10	-7.906727E-10	-8.963776E-10	-8.836930E-10	-7.441625E-10	-4.834237E-10	-1.240271E-10	+2.917455E-10	+6.990617E-10	+1.007720E-09	+1.099331E-09	+8.244982E-10	+0.000000E+00	-1.594030E-09	+7.970150E-10	+0.000000E+00	-4.122491E-10	-5.496655E-10	-5.038600E-10	-3.495309E-10	-1.458728E-10	+6.201354E-11	+2.417119E-10	+3.720813E-10	+4.418465E-10	+4.481888E-10	+3.953363E-10	+2.931549E-10	+1.557386E-10	+0.000000E+00	-1.557386E-10	-2.931549E-10	-3.953363E-10	-4.481888E-10	-4.418465E-10	-3.720813E-10	-2.417119E-10	-6.201354E-11	+1.458728E-10	+3.495309E-10	+5.038600E-10	+5.496655E-10	+4.122491E-10	+0.000000E+00	-7.970150E-10	+0.000000E+00	+0.000000E+00	+0.000000E+00	+0.000000E+00	+0.000000E+00	+0.000000E+00	+0.000000E+00	+0.000000E+00	+0.000000E+00	+0.000000E+00	+0.000000E+00	+0.000000E+00	+0.000000E+00	+0.000000E+00	+0.000000E+00	+0.000000E+00
# Matrix ends.
#
#
# ---------------------------------- LICENSE NOTICE -----------------------------------
# THIS DATA IS RELEASED UNDER THE CREATIVE COMMONS LICENSE "CC BY-NC-SA 4.0".
#   This license lets you remix, tweak, and build upon this work non-commercially,
#   as long as you credit me and license your new creations under the terms identical
#   to the current license.
# SEE "https://creativecommons.org/licenses/by-nc-sa/4.0" FOR DETAILS.
#
# RELEASED BY: Chandra Shekhar
#      E-mail: chandraiitk[AT]yahoo[DOT]co[DOT]in
#    Homepage: https://sites.google.com/site/chandraacads
# FOR ANY QUESTION OR COMMENT, OR FOR A COMMERCIAL LICENSE, PLEASE EMAIL ME.
#
# For additional details, please visit my homepage.
#
# ==================================== End of File ====================================
