# ================================== Start of File ====================================
# Spatial dimensions = 2
# Kernel size = 27x27
# Polynomial order = 1x5
# Size of the convolution coefficient matrix = 12x729
#
# Column# 1:
#    S/A => The left and the right halves of the row are symmetric(S)/anti-symmetric(A) about the middle column.
#           If symmetric elements on the right half, their signs are same as the corresponding elements on the left side.
#           If anti-symmetric elements, the signs are opposite.
# Column# 2~365 = the left-half columns of the row.
# Column# 366 = the middle column of the row.
# Column# 367~730, which are the right-half columns, are not stored, because they are symmetric/anti-symmetric
#           of the elements in the column# 365~2, respectively.
# Matrix starts:
	S	+1.510595E-03	-2.517658E-04	-1.181010E-03	-1.450171E-03	-1.217233E-03	-6.251355E-04	+1.982282E-04	+1.140011E-03	+2.102414E-03	+3.002680E-03	+3.773103E-03	+4.361021E-03	+4.728818E-03	+4.853925E-03	+4.728818E-03	+4.361021E-03	+3.773103E-03	+3.002680E-03	+2.102414E-03	+1.140011E-03	+1.982282E-04	-6.251355E-04	-1.217233E-03	-1.450171E-03	-1.181010E-03	-2.517658E-04	+1.510595E-03	+1.510595E-03	-2.517658E-04	-1.181010E-03	-1.450171E-03	-1.217233E-03	-6.251355E-04	+1.982282E-04	+1.140011E-03	+2.102414E-03	+3.002680E-03	+3.773103E-03	+4.361021E-03	+4.728818E-03	+4.853925E-03	+4.728818E-03	+4.361021E-03	+3.773103E-03	+3.002680E-03	+2.102414E-03	+1.140011E-03	+1.982282E-04	-6.251355E-04	-1.217233E-03	-1.450171E-03	-1.181010E-03	-2.517658E-04	+1.510595E-03	+1.510595E-03	-2.517658E-04	-1.181010E-03	-1.450171E-03	-1.217233E-03	-6.251355E-04	+1.982282E-04	+1.140011E-03	+2.102414E-03	+3.002680E-03	+3.773103E-03	+4.361021E-03	+4.728818E-03	+4.853925E-03	+4.728818E-03	+4.361021E-03	+3.773103E-03	+3.002680E-03	+2.102414E-03	+1.140011E-03	+1.982282E-04	-6.251355E-04	-1.217233E-03	-1.450171E-03	-1.181010E-03	-2.517658E-04	+1.510595E-03	+1.510595E-03	-2.517658E-04	-1.181010E-03	-1.450171E-03	-1.217233E-03	-6.251355E-04	+1.982282E-04	+1.140011E-03	+2.102414E-03	+3.002680E-03	+3.773103E-03	+4.361021E-03	+4.728818E-03	+4.853925E-03	+4.728818E-03	+4.361021E-03	+3.773103E-03	+3.002680E-03	+2.102414E-03	+1.140011E-03	+1.982282E-04	-6.251355E-04	-1.217233E-03	-1.450171E-03	-1.181010E-03	-2.517658E-04	+1.510595E-03	+1.510595E-03	-2.517658E-04	-1.181010E-03	-1.450171E-03	-1.217233E-03	-6.251355E-04	+1.982282E-04	+1.140011E-03	+2.102414E-03	+3.002680E-03	+3.773103E-03	+4.361021E-03	+4.728818E-03	+4.853925E-03	+4.728818E-03	+4.361021E-03	+3.773103E-03	+3.002680E-03	+2.102414E-03	+1.140011E-03	+1.982282E-04	-6.251355E-04	-1.217233E-03	-1.450171E-03	-1.181010E-03	-2.517658E-04	+1.510595E-03	+1.510595E-03	-2.517658E-04	-1.181010E-03	-1.450171E-03	-1.217233E-03	-6.251355E-04	+1.982282E-04	+1.140011E-03	+2.102414E-03	+3.002680E-03	+3.773103E-03	+4.361021E-03	+4.728818E-03	+4.853925E-03	+4.728818E-03	+4.361021E-03	+3.773103E-03	+3.002680E-03	+2.102414E-03	+1.140011E-03	+1.982282E-04	-6.251355E-04	-1.217233E-03	-1.450171E-03	-1.181010E-03	-2.517658E-04	+1.510595E-03	+1.510595E-03	-2.517658E-04	-1.181010E-03	-1.450171E-03	-1.217233E-03	-6.251355E-04	+1.982282E-04	+1.140011E-03	+2.102414E-03	+3.002680E-03	+3.773103E-03	+4.361021E-03	+4.728818E-03	+4.853925E-03	+4.728818E-03	+4.361021E-03	+3.773103E-03	+3.002680E-03	+2.102414E-03	+1.140011E-03	+1.982282E-04	-6.251355E-04	-1.217233E-03	-1.450171E-03	-1.181010E-03	-2.517658E-04	+1.510595E-03	+1.510595E-03	-2.517658E-04	-1.181010E-03	-1.450171E-03	-1.217233E-03	-6.251355E-04	+1.982282E-04	+1.140011E-03	+2.102414E-03	+3.002680E-03	+3.773103E-03	+4.361021E-03	+4.728818E-03	+4.853925E-03	+4.728818E-03	+4.361021E-03	+3.773103E-03	+3.002680E-03	+2.102414E-03	+1.140011E-03	+1.982282E-04	-6.251355E-04	-1.217233E-03	-1.450171E-03	-1.181010E-03	-2.517658E-04	+1.510595E-03	+1.510595E-03	-2.517658E-04	-1.181010E-03	-1.450171E-03	-1.217233E-03	-6.251355E-04	+1.982282E-04	+1.140011E-03	+2.102414E-03	+3.002680E-03	+3.773103E-03	+4.361021E-03	+4.728818E-03	+4.853925E-03	+4.728818E-03	+4.361021E-03	+3.773103E-03	+3.002680E-03	+2.102414E-03	+1.140011E-03	+1.982282E-04	-6.251355E-04	-1.217233E-03	-1.450171E-03	-1.181010E-03	-2.517658E-04	+1.510595E-03	+1.510595E-03	-2.517658E-04	-1.181010E-03	-1.450171E-03	-1.217233E-03	-6.251355E-04	+1.982282E-04	+1.140011E-03	+2.102414E-03	+3.002680E-03	+3.773103E-03	+4.361021E-03	+4.728818E-03	+4.853925E-03	+4.728818E-03	+4.361021E-03	+3.773103E-03	+3.002680E-03	+2.102414E-03	+1.140011E-03	+1.982282E-04	-6.251355E-04	-1.217233E-03	-1.450171E-03	-1.181010E-03	-2.517658E-04	+1.510595E-03	+1.510595E-03	-2.517658E-04	-1.181010E-03	-1.450171E-03	-1.217233E-03	-6.251355E-04	+1.982282E-04	+1.140011E-03	+2.102414E-03	+3.002680E-03	+3.773103E-03	+4.361021E-03	+4.728818E-03	+4.853925E-03	+4.728818E-03	+4.361021E-03	+3.773103E-03	+3.002680E-03	+2.102414E-03	+1.140011E-03	+1.982282E-04	-6.251355E-04	-1.217233E-03	-1.450171E-03	-1.181010E-03	-2.517658E-04	+1.510595E-03	+1.510595E-03	-2.517658E-04	-1.181010E-03	-1.450171E-03	-1.217233E-03	-6.251355E-04	+1.982282E-04	+1.140011E-03	+2.102414E-03	+3.002680E-03	+3.773103E-03	+4.361021E-03	+4.728818E-03	+4.853925E-03	+4.728818E-03	+4.361021E-03	+3.773103E-03	+3.002680E-03	+2.102414E-03	+1.140011E-03	+1.982282E-04	-6.251355E-04	-1.217233E-03	-1.450171E-03	-1.181010E-03	-2.517658E-04	+1.510595E-03	+1.510595E-03	-2.517658E-04	-1.181010E-03	-1.450171E-03	-1.217233E-03	-6.251355E-04	+1.982282E-04	+1.140011E-03	+2.102414E-03	+3.002680E-03	+3.773103E-03	+4.361021E-03	+4.728818E-03	+4.853925E-03	+4.728818E-03	+4.361021E-03	+3.773103E-03	+3.002680E-03	+2.102414E-03	+1.140011E-03	+1.982282E-04	-6.251355E-04	-1.217233E-03	-1.450171E-03	-1.181010E-03	-2.517658E-04	+1.510595E-03	+1.510595E-03	-2.517658E-04	-1.181010E-03	-1.450171E-03	-1.217233E-03	-6.251355E-04	+1.982282E-04	+1.140011E-03	+2.102414E-03	+3.002680E-03	+3.773103E-03	+4.361021E-03	+4.728818E-03	+4.853925E-03
	A	-6.529317E-04	+3.788019E-04	+7.026493E-04	+5.744028E-04	+1.985151E-04	-2.672335E-04	-7.070677E-04	-1.042550E-03	-1.227914E-03	-1.245397E-03	-1.100571E-03	-8.176779E-04	-4.349616E-04	+0.000000E+00	+4.349616E-04	+8.176779E-04	+1.100571E-03	+1.245397E-03	+1.227914E-03	+1.042550E-03	+7.070677E-04	+2.672335E-04	-1.985151E-04	-5.744028E-04	-7.026493E-04	-3.788019E-04	+6.529317E-04	-6.529317E-04	+3.788019E-04	+7.026493E-04	+5.744028E-04	+1.985151E-04	-2.672335E-04	-7.070677E-04	-1.042550E-03	-1.227914E-03	-1.245397E-03	-1.100571E-03	-8.176779E-04	-4.349616E-04	+0.000000E+00	+4.349616E-04	+8.176779E-04	+1.100571E-03	+1.245397E-03	+1.227914E-03	+1.042550E-03	+7.070677E-04	+2.672335E-04	-1.985151E-04	-5.744028E-04	-7.026493E-04	-3.788019E-04	+6.529317E-04	-6.529317E-04	+3.788019E-04	+7.026493E-04	+5.744028E-04	+1.985151E-04	-2.672335E-04	-7.070677E-04	-1.042550E-03	-1.227914E-03	-1.245397E-03	-1.100571E-03	-8.176779E-04	-4.349616E-04	+0.000000E+00	+4.349616E-04	+8.176779E-04	+1.100571E-03	+1.245397E-03	+1.227914E-03	+1.042550E-03	+7.070677E-04	+2.672335E-04	-1.985151E-04	-5.744028E-04	-7.026493E-04	-3.788019E-04	+6.529317E-04	-6.529317E-04	+3.788019E-04	+7.026493E-04	+5.744028E-04	+1.985151E-04	-2.672335E-04	-7.070677E-04	-1.042550E-03	-1.227914E-03	-1.245397E-03	-1.100571E-03	-8.176779E-04	-4.349616E-04	+0.000000E+00	+4.349616E-04	+8.176779E-04	+1.100571E-03	+1.245397E-03	+1.227914E-03	+1.042550E-03	+7.070677E-04	+2.672335E-04	-1.985151E-04	-5.744028E-04	-7.026493E-04	-3.788019E-04	+6.529317E-04	-6.529317E-04	+3.788019E-04	+7.026493E-04	+5.744028E-04	+1.985151E-04	-2.672335E-04	-7.070677E-04	-1.042550E-03	-1.227914E-03	-1.245397E-03	-1.100571E-03	-8.176779E-04	-4.349616E-04	+0.000000E+00	+4.349616E-04	+8.176779E-04	+1.100571E-03	+1.245397E-03	+1.227914E-03	+1.042550E-03	+7.070677E-04	+2.672335E-04	-1.985151E-04	-5.744028E-04	-7.026493E-04	-3.788019E-04	+6.529317E-04	-6.529317E-04	+3.788019E-04	+7.026493E-04	+5.744028E-04	+1.985151E-04	-2.672335E-04	-7.070677E-04	-1.042550E-03	-1.227914E-03	-1.245397E-03	-1.100571E-03	-8.176779E-04	-4.349616E-04	+0.000000E+00	+4.349616E-04	+8.176779E-04	+1.100571E-03	+1.245397E-03	+1.227914E-03	+1.042550E-03	+7.070677E-04	+2.672335E-04	-1.985151E-04	-5.744028E-04	-7.026493E-04	-3.788019E-04	+6.529317E-04	-6.529317E-04	+3.788019E-04	+7.026493E-04	+5.744028E-04	+1.985151E-04	-2.672335E-04	-7.070677E-04	-1.042550E-03	-1.227914E-03	-1.245397E-03	-1.100571E-03	-8.176779E-04	-4.349616E-04	+0.000000E+00	+4.349616E-04	+8.176779E-04	+1.100571E-03	+1.245397E-03	+1.227914E-03	+1.042550E-03	+7.070677E-04	+2.672335E-04	-1.985151E-04	-5.744028E-04	-7.026493E-04	-3.788019E-04	+6.529317E-04	-6.529317E-04	+3.788019E-04	+7.026493E-04	+5.744028E-04	+1.985151E-04	-2.672335E-04	-7.070677E-04	-1.042550E-03	-1.227914E-03	-1.245397E-03	-1.100571E-03	-8.176779E-04	-4.349616E-04	+0.000000E+00	+4.349616E-04	+8.176779E-04	+1.100571E-03	+1.245397E-03	+1.227914E-03	+1.042550E-03	+7.070677E-04	+2.672335E-04	-1.985151E-04	-5.744028E-04	-7.026493E-04	-3.788019E-04	+6.529317E-04	-6.529317E-04	+3.788019E-04	+7.026493E-04	+5.744028E-04	+1.985151E-04	-2.672335E-04	-7.070677E-04	-1.042550E-03	-1.227914E-03	-1.245397E-03	-1.100571E-03	-8.176779E-04	-4.349616E-04	+0.000000E+00	+4.349616E-04	+8.176779E-04	+1.100571E-03	+1.245397E-03	+1.227914E-03	+1.042550E-03	+7.070677E-04	+2.672335E-04	-1.985151E-04	-5.744028E-04	-7.026493E-04	-3.788019E-04	+6.529317E-04	-6.529317E-04	+3.788019E-04	+7.026493E-04	+5.744028E-04	+1.985151E-04	-2.672335E-04	-7.070677E-04	-1.042550E-03	-1.227914E-03	-1.245397E-03	-1.100571E-03	-8.176779E-04	-4.349616E-04	+0.000000E+00	+4.349616E-04	+8.176779E-04	+1.100571E-03	+1.245397E-03	+1.227914E-03	+1.042550E-03	+7.070677E-04	+2.672335E-04	-1.985151E-04	-5.744028E-04	-7.026493E-04	-3.788019E-04	+6.529317E-04	-6.529317E-04	+3.788019E-04	+7.026493E-04	+5.744028E-04	+1.985151E-04	-2.672335E-04	-7.070677E-04	-1.042550E-03	-1.227914E-03	-1.245397E-03	-1.100571E-03	-8.176779E-04	-4.349616E-04	+0.000000E+00	+4.349616E-04	+8.176779E-04	+1.100571E-03	+1.245397E-03	+1.227914E-03	+1.042550E-03	+7.070677E-04	+2.672335E-04	-1.985151E-04	-5.744028E-04	-7.026493E-04	-3.788019E-04	+6.529317E-04	-6.529317E-04	+3.788019E-04	+7.026493E-04	+5.744028E-04	+1.985151E-04	-2.672335E-04	-7.070677E-04	-1.042550E-03	-1.227914E-03	-1.245397E-03	-1.100571E-03	-8.176779E-04	-4.349616E-04	+0.000000E+00	+4.349616E-04	+8.176779E-04	+1.100571E-03	+1.245397E-03	+1.227914E-03	+1.042550E-03	+7.070677E-04	+2.672335E-04	-1.985151E-04	-5.744028E-04	-7.026493E-04	-3.788019E-04	+6.529317E-04	-6.529317E-04	+3.788019E-04	+7.026493E-04	+5.744028E-04	+1.985151E-04	-2.672335E-04	-7.070677E-04	-1.042550E-03	-1.227914E-03	-1.245397E-03	-1.100571E-03	-8.176779E-04	-4.349616E-04	+0.000000E+00	+4.349616E-04	+8.176779E-04	+1.100571E-03	+1.245397E-03	+1.227914E-03	+1.042550E-03	+7.070677E-04	+2.672335E-04	-1.985151E-04	-5.744028E-04	-7.026493E-04	-3.788019E-04	+6.529317E-04	-6.529317E-04	+3.788019E-04	+7.026493E-04	+5.744028E-04	+1.985151E-04	-2.672335E-04	-7.070677E-04	-1.042550E-03	-1.227914E-03	-1.245397E-03	-1.100571E-03	-8.176779E-04	-4.349616E-04	+0.000000E+00
	S	-1.270273E-04	-2.024690E-06	+7.470226E-05	+1.127224E-04	+1.207726E-04	+1.067574E-04	+7.774963E-05	+3.998973E-05	-1.113771E-06	-4.098447E-05	-7.587803E-05	-1.028822E-04	-1.199168E-04	-1.257336E-04	-1.199168E-04	-1.028822E-04	-7.587803E-05	-4.098447E-05	-1.113771E-06	+3.998973E-05	+7.774963E-05	+1.067574E-04	+1.207726E-04	+1.127224E-04	+7.470226E-05	-2.024690E-06	-1.270273E-04	-1.270273E-04	-2.024690E-06	+7.470226E-05	+1.127224E-04	+1.207726E-04	+1.067574E-04	+7.774963E-05	+3.998973E-05	-1.113771E-06	-4.098447E-05	-7.587803E-05	-1.028822E-04	-1.199168E-04	-1.257336E-04	-1.199168E-04	-1.028822E-04	-7.587803E-05	-4.098447E-05	-1.113771E-06	+3.998973E-05	+7.774963E-05	+1.067574E-04	+1.207726E-04	+1.127224E-04	+7.470226E-05	-2.024690E-06	-1.270273E-04	-1.270273E-04	-2.024690E-06	+7.470226E-05	+1.127224E-04	+1.207726E-04	+1.067574E-04	+7.774963E-05	+3.998973E-05	-1.113771E-06	-4.098447E-05	-7.587803E-05	-1.028822E-04	-1.199168E-04	-1.257336E-04	-1.199168E-04	-1.028822E-04	-7.587803E-05	-4.098447E-05	-1.113771E-06	+3.998973E-05	+7.774963E-05	+1.067574E-04	+1.207726E-04	+1.127224E-04	+7.470226E-05	-2.024690E-06	-1.270273E-04	-1.270273E-04	-2.024690E-06	+7.470226E-05	+1.127224E-04	+1.207726E-04	+1.067574E-04	+7.774963E-05	+3.998973E-05	-1.113771E-06	-4.098447E-05	-7.587803E-05	-1.028822E-04	-1.199168E-04	-1.257336E-04	-1.199168E-04	-1.028822E-04	-7.587803E-05	-4.098447E-05	-1.113771E-06	+3.998973E-05	+7.774963E-05	+1.067574E-04	+1.207726E-04	+1.127224E-04	+7.470226E-05	-2.024690E-06	-1.270273E-04	-1.270273E-04	-2.024690E-06	+7.470226E-05	+1.127224E-04	+1.207726E-04	+1.067574E-04	+7.774963E-05	+3.998973E-05	-1.113771E-06	-4.098447E-05	-7.587803E-05	-1.028822E-04	-1.199168E-04	-1.257336E-04	-1.199168E-04	-1.028822E-04	-7.587803E-05	-4.098447E-05	-1.113771E-06	+3.998973E-05	+7.774963E-05	+1.067574E-04	+1.207726E-04	+1.127224E-04	+7.470226E-05	-2.024690E-06	-1.270273E-04	-1.270273E-04	-2.024690E-06	+7.470226E-05	+1.127224E-04	+1.207726E-04	+1.067574E-04	+7.774963E-05	+3.998973E-05	-1.113771E-06	-4.098447E-05	-7.587803E-05	-1.028822E-04	-1.199168E-04	-1.257336E-04	-1.199168E-04	-1.028822E-04	-7.587803E-05	-4.098447E-05	-1.113771E-06	+3.998973E-05	+7.774963E-05	+1.067574E-04	+1.207726E-04	+1.127224E-04	+7.470226E-05	-2.024690E-06	-1.270273E-04	-1.270273E-04	-2.024690E-06	+7.470226E-05	+1.127224E-04	+1.207726E-04	+1.067574E-04	+7.774963E-05	+3.998973E-05	-1.113771E-06	-4.098447E-05	-7.587803E-05	-1.028822E-04	-1.199168E-04	-1.257336E-04	-1.199168E-04	-1.028822E-04	-7.587803E-05	-4.098447E-05	-1.113771E-06	+3.998973E-05	+7.774963E-05	+1.067574E-04	+1.207726E-04	+1.127224E-04	+7.470226E-05	-2.024690E-06	-1.270273E-04	-1.270273E-04	-2.024690E-06	+7.470226E-05	+1.127224E-04	+1.207726E-04	+1.067574E-04	+7.774963E-05	+3.998973E-05	-1.113771E-06	-4.098447E-05	-7.587803E-05	-1.028822E-04	-1.199168E-04	-1.257336E-04	-1.199168E-04	-1.028822E-04	-7.587803E-05	-4.098447E-05	-1.113771E-06	+3.998973E-05	+7.774963E-05	+1.067574E-04	+1.207726E-04	+1.127224E-04	+7.470226E-05	-2.024690E-06	-1.270273E-04	-1.270273E-04	-2.024690E-06	+7.470226E-05	+1.127224E-04	+1.207726E-04	+1.067574E-04	+7.774963E-05	+3.998973E-05	-1.113771E-06	-4.098447E-05	-7.587803E-05	-1.028822E-04	-1.199168E-04	-1.257336E-04	-1.199168E-04	-1.028822E-04	-7.587803E-05	-4.098447E-05	-1.113771E-06	+3.998973E-05	+7.774963E-05	+1.067574E-04	+1.207726E-04	+1.127224E-04	+7.470226E-05	-2.024690E-06	-1.270273E-04	-1.270273E-04	-2.024690E-06	+7.470226E-05	+1.127224E-04	+1.207726E-04	+1.067574E-04	+7.774963E-05	+3.998973E-05	-1.113771E-06	-4.098447E-05	-7.587803E-05	-1.028822E-04	-1.199168E-04	-1.257336E-04	-1.199168E-04	-1.028822E-04	-7.587803E-05	-4.098447E-05	-1.113771E-06	+3.998973E-05	+7.774963E-05	+1.067574E-04	+1.207726E-04	+1.127224E-04	+7.470226E-05	-2.024690E-06	-1.270273E-04	-1.270273E-04	-2.024690E-06	+7.470226E-05	+1.127224E-04	+1.207726E-04	+1.067574E-04	+7.774963E-05	+3.998973E-05	-1.113771E-06	-4.098447E-05	-7.587803E-05	-1.028822E-04	-1.199168E-04	-1.257336E-04	-1.199168E-04	-1.028822E-04	-7.587803E-05	-4.098447E-05	-1.113771E-06	+3.998973E-05	+7.774963E-05	+1.067574E-04	+1.207726E-04	+1.127224E-04	+7.470226E-05	-2.024690E-06	-1.270273E-04	-1.270273E-04	-2.024690E-06	+7.470226E-05	+1.127224E-04	+1.207726E-04	+1.067574E-04	+7.774963E-05	+3.998973E-05	-1.113771E-06	-4.098447E-05	-7.587803E-05	-1.028822E-04	-1.199168E-04	-1.257336E-04	-1.199168E-04	-1.028822E-04	-7.587803E-05	-4.098447E-05	-1.113771E-06	+3.998973E-05	+7.774963E-05	+1.067574E-04	+1.207726E-04	+1.127224E-04	+7.470226E-05	-2.024690E-06	-1.270273E-04	-1.270273E-04	-2.024690E-06	+7.470226E-05	+1.127224E-04	+1.207726E-04	+1.067574E-04	+7.774963E-05	+3.998973E-05	-1.113771E-06	-4.098447E-05	-7.587803E-05	-1.028822E-04	-1.199168E-04	-1.257336E-04	-1.199168E-04	-1.028822E-04	-7.587803E-05	-4.098447E-05	-1.113771E-06	+3.998973E-05	+7.774963E-05	+1.067574E-04	+1.207726E-04	+1.127224E-04	+7.470226E-05	-2.024690E-06	-1.270273E-04	-1.270273E-04	-2.024690E-06	+7.470226E-05	+1.127224E-04	+1.207726E-04	+1.067574E-04	+7.774963E-05	+3.998973E-05	-1.113771E-06	-4.098447E-05	-7.587803E-05	-1.028822E-04	-1.199168E-04	-1.257336E-04
	A	+2.367457E-05	-9.100101E-06	-2.221107E-05	-2.239483E-05	-1.505801E-05	-4.398247E-06	+6.474893E-06	+1.541903E-05	+2.113806E-05	+2.306128E-05	+2.122245E-05	+1.613896E-05	+8.690857E-06	+0.000000E+00	-8.690857E-06	-1.613896E-05	-2.122245E-05	-2.306128E-05	-2.113806E-05	-1.541903E-05	-6.474893E-06	+4.398247E-06	+1.505801E-05	+2.239483E-05	+2.221107E-05	+9.100101E-06	-2.367457E-05	+2.367457E-05	-9.100101E-06	-2.221107E-05	-2.239483E-05	-1.505801E-05	-4.398247E-06	+6.474893E-06	+1.541903E-05	+2.113806E-05	+2.306128E-05	+2.122245E-05	+1.613896E-05	+8.690857E-06	+0.000000E+00	-8.690857E-06	-1.613896E-05	-2.122245E-05	-2.306128E-05	-2.113806E-05	-1.541903E-05	-6.474893E-06	+4.398247E-06	+1.505801E-05	+2.239483E-05	+2.221107E-05	+9.100101E-06	-2.367457E-05	+2.367457E-05	-9.100101E-06	-2.221107E-05	-2.239483E-05	-1.505801E-05	-4.398247E-06	+6.474893E-06	+1.541903E-05	+2.113806E-05	+2.306128E-05	+2.122245E-05	+1.613896E-05	+8.690857E-06	+0.000000E+00	-8.690857E-06	-1.613896E-05	-2.122245E-05	-2.306128E-05	-2.113806E-05	-1.541903E-05	-6.474893E-06	+4.398247E-06	+1.505801E-05	+2.239483E-05	+2.221107E-05	+9.100101E-06	-2.367457E-05	+2.367457E-05	-9.100101E-06	-2.221107E-05	-2.239483E-05	-1.505801E-05	-4.398247E-06	+6.474893E-06	+1.541903E-05	+2.113806E-05	+2.306128E-05	+2.122245E-05	+1.613896E-05	+8.690857E-06	+0.000000E+00	-8.690857E-06	-1.613896E-05	-2.122245E-05	-2.306128E-05	-2.113806E-05	-1.541903E-05	-6.474893E-06	+4.398247E-06	+1.505801E-05	+2.239483E-05	+2.221107E-05	+9.100101E-06	-2.367457E-05	+2.367457E-05	-9.100101E-06	-2.221107E-05	-2.239483E-05	-1.505801E-05	-4.398247E-06	+6.474893E-06	+1.541903E-05	+2.113806E-05	+2.306128E-05	+2.122245E-05	+1.613896E-05	+8.690857E-06	+0.000000E+00	-8.690857E-06	-1.613896E-05	-2.122245E-05	-2.306128E-05	-2.113806E-05	-1.541903E-05	-6.474893E-06	+4.398247E-06	+1.505801E-05	+2.239483E-05	+2.221107E-05	+9.100101E-06	-2.367457E-05	+2.367457E-05	-9.100101E-06	-2.221107E-05	-2.239483E-05	-1.505801E-05	-4.398247E-06	+6.474893E-06	+1.541903E-05	+2.113806E-05	+2.306128E-05	+2.122245E-05	+1.613896E-05	+8.690857E-06	+0.000000E+00	-8.690857E-06	-1.613896E-05	-2.122245E-05	-2.306128E-05	-2.113806E-05	-1.541903E-05	-6.474893E-06	+4.398247E-06	+1.505801E-05	+2.239483E-05	+2.221107E-05	+9.100101E-06	-2.367457E-05	+2.367457E-05	-9.100101E-06	-2.221107E-05	-2.239483E-05	-1.505801E-05	-4.398247E-06	+6.474893E-06	+1.541903E-05	+2.113806E-05	+2.306128E-05	+2.122245E-05	+1.613896E-05	+8.690857E-06	+0.000000E+00	-8.690857E-06	-1.613896E-05	-2.122245E-05	-2.306128E-05	-2.113806E-05	-1.541903E-05	-6.474893E-06	+4.398247E-06	+1.505801E-05	+2.239483E-05	+2.221107E-05	+9.100101E-06	-2.367457E-05	+2.367457E-05	-9.100101E-06	-2.221107E-05	-2.239483E-05	-1.505801E-05	-4.398247E-06	+6.474893E-06	+1.541903E-05	+2.113806E-05	+2.306128E-05	+2.122245E-05	+1.613896E-05	+8.690857E-06	+0.000000E+00	-8.690857E-06	-1.613896E-05	-2.122245E-05	-2.306128E-05	-2.113806E-05	-1.541903E-05	-6.474893E-06	+4.398247E-06	+1.505801E-05	+2.239483E-05	+2.221107E-05	+9.100101E-06	-2.367457E-05	+2.367457E-05	-9.100101E-06	-2.221107E-05	-2.239483E-05	-1.505801E-05	-4.398247E-06	+6.474893E-06	+1.541903E-05	+2.113806E-05	+2.306128E-05	+2.122245E-05	+1.613896E-05	+8.690857E-06	+0.000000E+00	-8.690857E-06	-1.613896E-05	-2.122245E-05	-2.306128E-05	-2.113806E-05	-1.541903E-05	-6.474893E-06	+4.398247E-06	+1.505801E-05	+2.239483E-05	+2.221107E-05	+9.100101E-06	-2.367457E-05	+2.367457E-05	-9.100101E-06	-2.221107E-05	-2.239483E-05	-1.505801E-05	-4.398247E-06	+6.474893E-06	+1.541903E-05	+2.113806E-05	+2.306128E-05	+2.122245E-05	+1.613896E-05	+8.690857E-06	+0.000000E+00	-8.690857E-06	-1.613896E-05	-2.122245E-05	-2.306128E-05	-2.113806E-05	-1.541903E-05	-6.474893E-06	+4.398247E-06	+1.505801E-05	+2.239483E-05	+2.221107E-05	+9.100101E-06	-2.367457E-05	+2.367457E-05	-9.100101E-06	-2.221107E-05	-2.239483E-05	-1.505801E-05	-4.398247E-06	+6.474893E-06	+1.541903E-05	+2.113806E-05	+2.306128E-05	+2.122245E-05	+1.613896E-05	+8.690857E-06	+0.000000E+00	-8.690857E-06	-1.613896E-05	-2.122245E-05	-2.306128E-05	-2.113806E-05	-1.541903E-05	-6.474893E-06	+4.398247E-06	+1.505801E-05	+2.239483E-05	+2.221107E-05	+9.100101E-06	-2.367457E-05	+2.367457E-05	-9.100101E-06	-2.221107E-05	-2.239483E-05	-1.505801E-05	-4.398247E-06	+6.474893E-06	+1.541903E-05	+2.113806E-05	+2.306128E-05	+2.122245E-05	+1.613896E-05	+8.690857E-06	+0.000000E+00	-8.690857E-06	-1.613896E-05	-2.122245E-05	-2.306128E-05	-2.113806E-05	-1.541903E-05	-6.474893E-06	+4.398247E-06	+1.505801E-05	+2.239483E-05	+2.221107E-05	+9.100101E-06	-2.367457E-05	+2.367457E-05	-9.100101E-06	-2.221107E-05	-2.239483E-05	-1.505801E-05	-4.398247E-06	+6.474893E-06	+1.541903E-05	+2.113806E-05	+2.306128E-05	+2.122245E-05	+1.613896E-05	+8.690857E-06	+0.000000E+00	-8.690857E-06	-1.613896E-05	-2.122245E-05	-2.306128E-05	-2.113806E-05	-1.541903E-05	-6.474893E-06	+4.398247E-06	+1.505801E-05	+2.239483E-05	+2.221107E-05	+9.100101E-06	-2.367457E-05	+2.367457E-05	-9.100101E-06	-2.221107E-05	-2.239483E-05	-1.505801E-05	-4.398247E-06	+6.474893E-06	+1.541903E-05	+2.113806E-05	+2.306128E-05	+2.122245E-05	+1.613896E-05	+8.690857E-06	+0.000000E+00
	S	+1.144390E-06	+2.640900E-07	-2.993020E-07	-6.074070E-07	-7.164876E-07	-6.774482E-07	-5.358348E-07	-3.318348E-07	-1.002776E-07	+1.293658E-07	+3.329830E-07	+4.918198E-07	+5.924802E-07	+6.269267E-07	+5.924802E-07	+4.918198E-07	+3.329830E-07	+1.293658E-07	-1.002776E-07	-3.318348E-07	-5.358348E-07	-6.774482E-07	-7.164876E-07	-6.074070E-07	-2.993020E-07	+2.640900E-07	+1.144390E-06	+1.144390E-06	+2.640900E-07	-2.993020E-07	-6.074070E-07	-7.164876E-07	-6.774482E-07	-5.358348E-07	-3.318348E-07	-1.002776E-07	+1.293658E-07	+3.329830E-07	+4.918198E-07	+5.924802E-07	+6.269267E-07	+5.924802E-07	+4.918198E-07	+3.329830E-07	+1.293658E-07	-1.002776E-07	-3.318348E-07	-5.358348E-07	-6.774482E-07	-7.164876E-07	-6.074070E-07	-2.993020E-07	+2.640900E-07	+1.144390E-06	+1.144390E-06	+2.640900E-07	-2.993020E-07	-6.074070E-07	-7.164876E-07	-6.774482E-07	-5.358348E-07	-3.318348E-07	-1.002776E-07	+1.293658E-07	+3.329830E-07	+4.918198E-07	+5.924802E-07	+6.269267E-07	+5.924802E-07	+4.918198E-07	+3.329830E-07	+1.293658E-07	-1.002776E-07	-3.318348E-07	-5.358348E-07	-6.774482E-07	-7.164876E-07	-6.074070E-07	-2.993020E-07	+2.640900E-07	+1.144390E-06	+1.144390E-06	+2.640900E-07	-2.993020E-07	-6.074070E-07	-7.164876E-07	-6.774482E-07	-5.358348E-07	-3.318348E-07	-1.002776E-07	+1.293658E-07	+3.329830E-07	+4.918198E-07	+5.924802E-07	+6.269267E-07	+5.924802E-07	+4.918198E-07	+3.329830E-07	+1.293658E-07	-1.002776E-07	-3.318348E-07	-5.358348E-07	-6.774482E-07	-7.164876E-07	-6.074070E-07	-2.993020E-07	+2.640900E-07	+1.144390E-06	+1.144390E-06	+2.640900E-07	-2.993020E-07	-6.074070E-07	-7.164876E-07	-6.774482E-07	-5.358348E-07	-3.318348E-07	-1.002776E-07	+1.293658E-07	+3.329830E-07	+4.918198E-07	+5.924802E-07	+6.269267E-07	+5.924802E-07	+4.918198E-07	+3.329830E-07	+1.293658E-07	-1.002776E-07	-3.318348E-07	-5.358348E-07	-6.774482E-07	-7.164876E-07	-6.074070E-07	-2.993020E-07	+2.640900E-07	+1.144390E-06	+1.144390E-06	+2.640900E-07	-2.993020E-07	-6.074070E-07	-7.164876E-07	-6.774482E-07	-5.358348E-07	-3.318348E-07	-1.002776E-07	+1.293658E-07	+3.329830E-07	+4.918198E-07	+5.924802E-07	+6.269267E-07	+5.924802E-07	+4.918198E-07	+3.329830E-07	+1.293658E-07	-1.002776E-07	-3.318348E-07	-5.358348E-07	-6.774482E-07	-7.164876E-07	-6.074070E-07	-2.993020E-07	+2.640900E-07	+1.144390E-06	+1.144390E-06	+2.640900E-07	-2.993020E-07	-6.074070E-07	-7.164876E-07	-6.774482E-07	-5.358348E-07	-3.318348E-07	-1.002776E-07	+1.293658E-07	+3.329830E-07	+4.918198E-07	+5.924802E-07	+6.269267E-07	+5.924802E-07	+4.918198E-07	+3.329830E-07	+1.293658E-07	-1.002776E-07	-3.318348E-07	-5.358348E-07	-6.774482E-07	-7.164876E-07	-6.074070E-07	-2.993020E-07	+2.640900E-07	+1.144390E-06	+1.144390E-06	+2.640900E-07	-2.993020E-07	-6.074070E-07	-7.164876E-07	-6.774482E-07	-5.358348E-07	-3.318348E-07	-1.002776E-07	+1.293658E-07	+3.329830E-07	+4.918198E-07	+5.924802E-07	+6.269267E-07	+5.924802E-07	+4.918198E-07	+3.329830E-07	+1.293658E-07	-1.002776E-07	-3.318348E-07	-5.358348E-07	-6.774482E-07	-7.164876E-07	-6.074070E-07	-2.993020E-07	+2.640900E-07	+1.144390E-06	+1.144390E-06	+2.640900E-07	-2.993020E-07	-6.074070E-07	-7.164876E-07	-6.774482E-07	-5.358348E-07	-3.318348E-07	-1.002776E-07	+1.293658E-07	+3.329830E-07	+4.918198E-07	+5.924802E-07	+6.269267E-07	+5.924802E-07	+4.918198E-07	+3.329830E-07	+1.293658E-07	-1.002776E-07	-3.318348E-07	-5.358348E-07	-6.774482E-07	-7.164876E-07	-6.074070E-07	-2.993020E-07	+2.640900E-07	+1.144390E-06	+1.144390E-06	+2.640900E-07	-2.993020E-07	-6.074070E-07	-7.164876E-07	-6.774482E-07	-5.358348E-07	-3.318348E-07	-1.002776E-07	+1.293658E-07	+3.329830E-07	+4.918198E-07	+5.924802E-07	+6.269267E-07	+5.924802E-07	+4.918198E-07	+3.329830E-07	+1.293658E-07	-1.002776E-07	-3.318348E-07	-5.358348E-07	-6.774482E-07	-7.164876E-07	-6.074070E-07	-2.993020E-07	+2.640900E-07	+1.144390E-06	+1.144390E-06	+2.640900E-07	-2.993020E-07	-6.074070E-07	-7.164876E-07	-6.774482E-07	-5.358348E-07	-3.318348E-07	-1.002776E-07	+1.293658E-07	+3.329830E-07	+4.918198E-07	+5.924802E-07	+6.269267E-07	+5.924802E-07	+4.918198E-07	+3.329830E-07	+1.293658E-07	-1.002776E-07	-3.318348E-07	-5.358348E-07	-6.774482E-07	-7.164876E-07	-6.074070E-07	-2.993020E-07	+2.640900E-07	+1.144390E-06	+1.144390E-06	+2.640900E-07	-2.993020E-07	-6.074070E-07	-7.164876E-07	-6.774482E-07	-5.358348E-07	-3.318348E-07	-1.002776E-07	+1.293658E-07	+3.329830E-07	+4.918198E-07	+5.924802E-07	+6.269267E-07	+5.924802E-07	+4.918198E-07	+3.329830E-07	+1.293658E-07	-1.002776E-07	-3.318348E-07	-5.358348E-07	-6.774482E-07	-7.164876E-07	-6.074070E-07	-2.993020E-07	+2.640900E-07	+1.144390E-06	+1.144390E-06	+2.640900E-07	-2.993020E-07	-6.074070E-07	-7.164876E-07	-6.774482E-07	-5.358348E-07	-3.318348E-07	-1.002776E-07	+1.293658E-07	+3.329830E-07	+4.918198E-07	+5.924802E-07	+6.269267E-07	+5.924802E-07	+4.918198E-07	+3.329830E-07	+1.293658E-07	-1.002776E-07	-3.318348E-07	-5.358348E-07	-6.774482E-07	-7.164876E-07	-6.074070E-07	-2.993020E-07	+2.640900E-07	+1.144390E-06	+1.144390E-06	+2.640900E-07	-2.993020E-07	-6.074070E-07	-7.164876E-07	-6.774482E-07	-5.358348E-07	-3.318348E-07	-1.002776E-07	+1.293658E-07	+3.329830E-07	+4.918198E-07	+5.924802E-07	+6.269267E-07
	A	-1.573536E-07	+2.420825E-08	+1.040955E-07	+1.161996E-07	+8.778122E-08	+4.007279E-08	-1.111857E-08	-5.480824E-08	-8.423131E-08	-9.623975E-08	-9.069960E-08	-6.988816E-08	-3.789117E-08	+0.000000E+00	+3.789117E-08	+6.988816E-08	+9.069960E-08	+9.623975E-08	+8.423131E-08	+5.480824E-08	+1.111857E-08	-4.007279E-08	-8.778122E-08	-1.161996E-07	-1.040955E-07	-2.420825E-08	+1.573536E-07	-1.573536E-07	+2.420825E-08	+1.040955E-07	+1.161996E-07	+8.778122E-08	+4.007279E-08	-1.111857E-08	-5.480824E-08	-8.423131E-08	-9.623975E-08	-9.069960E-08	-6.988816E-08	-3.789117E-08	+0.000000E+00	+3.789117E-08	+6.988816E-08	+9.069960E-08	+9.623975E-08	+8.423131E-08	+5.480824E-08	+1.111857E-08	-4.007279E-08	-8.778122E-08	-1.161996E-07	-1.040955E-07	-2.420825E-08	+1.573536E-07	-1.573536E-07	+2.420825E-08	+1.040955E-07	+1.161996E-07	+8.778122E-08	+4.007279E-08	-1.111857E-08	-5.480824E-08	-8.423131E-08	-9.623975E-08	-9.069960E-08	-6.988816E-08	-3.789117E-08	+0.000000E+00	+3.789117E-08	+6.988816E-08	+9.069960E-08	+9.623975E-08	+8.423131E-08	+5.480824E-08	+1.111857E-08	-4.007279E-08	-8.778122E-08	-1.161996E-07	-1.040955E-07	-2.420825E-08	+1.573536E-07	-1.573536E-07	+2.420825E-08	+1.040955E-07	+1.161996E-07	+8.778122E-08	+4.007279E-08	-1.111857E-08	-5.480824E-08	-8.423131E-08	-9.623975E-08	-9.069960E-08	-6.988816E-08	-3.789117E-08	+0.000000E+00	+3.789117E-08	+6.988816E-08	+9.069960E-08	+9.623975E-08	+8.423131E-08	+5.480824E-08	+1.111857E-08	-4.007279E-08	-8.778122E-08	-1.161996E-07	-1.040955E-07	-2.420825E-08	+1.573536E-07	-1.573536E-07	+2.420825E-08	+1.040955E-07	+1.161996E-07	+8.778122E-08	+4.007279E-08	-1.111857E-08	-5.480824E-08	-8.423131E-08	-9.623975E-08	-9.069960E-08	-6.988816E-08	-3.789117E-08	+0.000000E+00	+3.789117E-08	+6.988816E-08	+9.069960E-08	+9.623975E-08	+8.423131E-08	+5.480824E-08	+1.111857E-08	-4.007279E-08	-8.778122E-08	-1.161996E-07	-1.040955E-07	-2.420825E-08	+1.573536E-07	-1.573536E-07	+2.420825E-08	+1.040955E-07	+1.161996E-07	+8.778122E-08	+4.007279E-08	-1.111857E-08	-5.480824E-08	-8.423131E-08	-9.623975E-08	-9.069960E-08	-6.988816E-08	-3.789117E-08	+0.000000E+00	+3.789117E-08	+6.988816E-08	+9.069960E-08	+9.623975E-08	+8.423131E-08	+5.480824E-08	+1.111857E-08	-4.007279E-08	-8.778122E-08	-1.161996E-07	-1.040955E-07	-2.420825E-08	+1.573536E-07	-1.573536E-07	+2.420825E-08	+1.040955E-07	+1.161996E-07	+8.778122E-08	+4.007279E-08	-1.111857E-08	-5.480824E-08	-8.423131E-08	-9.623975E-08	-9.069960E-08	-6.988816E-08	-3.789117E-08	+0.000000E+00	+3.789117E-08	+6.988816E-08	+9.069960E-08	+9.623975E-08	+8.423131E-08	+5.480824E-08	+1.111857E-08	-4.007279E-08	-8.778122E-08	-1.161996E-07	-1.040955E-07	-2.420825E-08	+1.573536E-07	-1.573536E-07	+2.420825E-08	+1.040955E-07	+1.161996E-07	+8.778122E-08	+4.007279E-08	-1.111857E-08	-5.480824E-08	-8.423131E-08	-9.623975E-08	-9.069960E-08	-6.988816E-08	-3.789117E-08	+0.000000E+00	+3.789117E-08	+6.988816E-08	+9.069960E-08	+9.623975E-08	+8.423131E-08	+5.480824E-08	+1.111857E-08	-4.007279E-08	-8.778122E-08	-1.161996E-07	-1.040955E-07	-2.420825E-08	+1.573536E-07	-1.573536E-07	+2.420825E-08	+1.040955E-07	+1.161996E-07	+8.778122E-08	+4.007279E-08	-1.111857E-08	-5.480824E-08	-8.423131E-08	-9.623975E-08	-9.069960E-08	-6.988816E-08	-3.789117E-08	+0.000000E+00	+3.789117E-08	+6.988816E-08	+9.069960E-08	+9.623975E-08	+8.423131E-08	+5.480824E-08	+1.111857E-08	-4.007279E-08	-8.778122E-08	-1.161996E-07	-1.040955E-07	-2.420825E-08	+1.573536E-07	-1.573536E-07	+2.420825E-08	+1.040955E-07	+1.161996E-07	+8.778122E-08	+4.007279E-08	-1.111857E-08	-5.480824E-08	-8.423131E-08	-9.623975E-08	-9.069960E-08	-6.988816E-08	-3.789117E-08	+0.000000E+00	+3.789117E-08	+6.988816E-08	+9.069960E-08	+9.623975E-08	+8.423131E-08	+5.480824E-08	+1.111857E-08	-4.007279E-08	-8.778122E-08	-1.161996E-07	-1.040955E-07	-2.420825E-08	+1.573536E-07	-1.573536E-07	+2.420825E-08	+1.040955E-07	+1.161996E-07	+8.778122E-08	+4.007279E-08	-1.111857E-08	-5.480824E-08	-8.423131E-08	-9.623975E-08	-9.069960E-08	-6.988816E-08	-3.789117E-08	+0.000000E+00	+3.789117E-08	+6.988816E-08	+9.069960E-08	+9.623975E-08	+8.423131E-08	+5.480824E-08	+1.111857E-08	-4.007279E-08	-8.778122E-08	-1.161996E-07	-1.040955E-07	-2.420825E-08	+1.573536E-07	-1.573536E-07	+2.420825E-08	+1.040955E-07	+1.161996E-07	+8.778122E-08	+4.007279E-08	-1.111857E-08	-5.480824E-08	-8.423131E-08	-9.623975E-08	-9.069960E-08	-6.988816E-08	-3.789117E-08	+0.000000E+00	+3.789117E-08	+6.988816E-08	+9.069960E-08	+9.623975E-08	+8.423131E-08	+5.480824E-08	+1.111857E-08	-4.007279E-08	-8.778122E-08	-1.161996E-07	-1.040955E-07	-2.420825E-08	+1.573536E-07	-1.573536E-07	+2.420825E-08	+1.040955E-07	+1.161996E-07	+8.778122E-08	+4.007279E-08	-1.111857E-08	-5.480824E-08	-8.423131E-08	-9.623975E-08	-9.069960E-08	-6.988816E-08	-3.789117E-08	+0.000000E+00	+3.789117E-08	+6.988816E-08	+9.069960E-08	+9.623975E-08	+8.423131E-08	+5.480824E-08	+1.111857E-08	-4.007279E-08	-8.778122E-08	-1.161996E-07	-1.040955E-07	-2.420825E-08	+1.573536E-07	-1.573536E-07	+2.420825E-08	+1.040955E-07	+1.161996E-07	+8.778122E-08	+4.007279E-08	-1.111857E-08	-5.480824E-08	-8.423131E-08	-9.623975E-08	-9.069960E-08	-6.988816E-08	-3.789117E-08	+0.000000E+00
	A	-3.236989E-04	+5.394981E-05	+2.530737E-04	+3.107509E-04	+2.608356E-04	+1.339576E-04	-4.247748E-05	-2.442882E-04	-4.505172E-04	-6.434315E-04	-8.085222E-04	-9.345046E-04	-1.013318E-03	-1.040127E-03	-1.013318E-03	-9.345046E-04	-8.085222E-04	-6.434315E-04	-4.505172E-04	-2.442882E-04	-4.247748E-05	+1.339576E-04	+2.608356E-04	+3.107509E-04	+2.530737E-04	+5.394981E-05	-3.236989E-04	-2.987990E-04	+4.979983E-05	+2.336065E-04	+2.868470E-04	+2.407713E-04	+1.236532E-04	-3.920998E-05	-2.254968E-04	-4.158620E-04	-5.939368E-04	-7.463282E-04	-8.626196E-04	-9.353707E-04	-9.601171E-04	-9.353707E-04	-8.626196E-04	-7.463282E-04	-5.939368E-04	-4.158620E-04	-2.254968E-04	-3.920998E-05	+1.236532E-04	+2.407713E-04	+2.868470E-04	+2.336065E-04	+4.979983E-05	-2.987990E-04	-2.738991E-04	+4.564984E-05	+2.141393E-04	+2.629431E-04	+2.207071E-04	+1.133487E-04	-3.594248E-05	-2.067054E-04	-3.812069E-04	-5.444420E-04	-6.841341E-04	-7.907346E-04	-8.574231E-04	-8.801073E-04	-8.574231E-04	-7.907346E-04	-6.841341E-04	-5.444420E-04	-3.812069E-04	-2.067054E-04	-3.594248E-05	+1.133487E-04	+2.207071E-04	+2.629431E-04	+2.141393E-04	+4.564984E-05	-2.738991E-04	-2.489991E-04	+4.149986E-05	+1.946721E-04	+2.390392E-04	+2.006428E-04	+1.030443E-04	-3.267499E-05	-1.879140E-04	-3.465517E-04	-4.949473E-04	-6.219401E-04	-7.188497E-04	-7.794756E-04	-8.000975E-04	-7.794756E-04	-7.188497E-04	-6.219401E-04	-4.949473E-04	-3.465517E-04	-1.879140E-04	-3.267499E-05	+1.030443E-04	+2.006428E-04	+2.390392E-04	+1.946721E-04	+4.149986E-05	-2.489991E-04	-2.240992E-04	+3.734987E-05	+1.752048E-04	+2.151353E-04	+1.805785E-04	+9.273988E-05	-2.940749E-05	-1.691226E-04	-3.118965E-04	-4.454526E-04	-5.597461E-04	-6.469647E-04	-7.015280E-04	-7.200878E-04	-7.015280E-04	-6.469647E-04	-5.597461E-04	-4.454526E-04	-3.118965E-04	-1.691226E-04	-2.940749E-05	+9.273988E-05	+1.805785E-04	+2.151353E-04	+1.752048E-04	+3.734987E-05	-2.240992E-04	-1.991993E-04	+3.319988E-05	+1.557376E-04	+1.912313E-04	+1.605142E-04	+8.243545E-05	-2.613999E-05	-1.503312E-04	-2.772413E-04	-3.959578E-04	-4.975521E-04	-5.750797E-04	-6.235804E-04	-6.400780E-04	-6.235804E-04	-5.750797E-04	-4.975521E-04	-3.959578E-04	-2.772413E-04	-1.503312E-04	-2.613999E-05	+8.243545E-05	+1.605142E-04	+1.912313E-04	+1.557376E-04	+3.319988E-05	-1.991993E-04	-1.742994E-04	+2.904990E-05	+1.362704E-04	+1.673274E-04	+1.404499E-04	+7.213101E-05	-2.287249E-05	-1.315398E-04	-2.425862E-04	-3.464631E-04	-4.353581E-04	-5.031948E-04	-5.456329E-04	-5.600683E-04	-5.456329E-04	-5.031948E-04	-4.353581E-04	-3.464631E-04	-2.425862E-04	-1.315398E-04	-2.287249E-05	+7.213101E-05	+1.404499E-04	+1.673274E-04	+1.362704E-04	+2.904990E-05	-1.742994E-04	-1.493995E-04	+2.489991E-05	+1.168032E-04	+1.434235E-04	+1.203857E-04	+6.182658E-05	-1.960499E-05	-1.127484E-04	-2.079310E-04	-2.969684E-04	-3.731641E-04	-4.313098E-04	-4.676853E-04	-4.800585E-04	-4.676853E-04	-4.313098E-04	-3.731641E-04	-2.969684E-04	-2.079310E-04	-1.127484E-04	-1.960499E-05	+6.182658E-05	+1.203857E-04	+1.434235E-04	+1.168032E-04	+2.489991E-05	-1.493995E-04	-1.244996E-04	+2.074993E-05	+9.733603E-05	+1.195196E-04	+1.003214E-04	+5.152215E-05	-1.633749E-05	-9.395699E-05	-1.732758E-04	-2.474736E-04	-3.109701E-04	-3.594248E-04	-3.897378E-04	-4.000488E-04	-3.897378E-04	-3.594248E-04	-3.109701E-04	-2.474736E-04	-1.732758E-04	-9.395699E-05	-1.633749E-05	+5.152215E-05	+1.003214E-04	+1.195196E-04	+9.733603E-05	+2.074993E-05	-1.244996E-04	-9.959965E-05	+1.659994E-05	+7.786882E-05	+9.561567E-05	+8.025711E-05	+4.121772E-05	-1.306999E-05	-7.516559E-05	-1.386207E-04	-1.979789E-04	-2.487761E-04	-2.875399E-04	-3.117902E-04	-3.200390E-04	-3.117902E-04	-2.875399E-04	-2.487761E-04	-1.979789E-04	-1.386207E-04	-7.516559E-05	-1.306999E-05	+4.121772E-05	+8.025711E-05	+9.561567E-05	+7.786882E-05	+1.659994E-05	-9.959965E-05	-7.469974E-05	+1.244996E-05	+5.840162E-05	+7.171175E-05	+6.019283E-05	+3.091329E-05	-9.802496E-06	-5.637419E-05	-1.039655E-04	-1.484842E-04	-1.865820E-04	-2.156549E-04	-2.338427E-04	-2.400293E-04	-2.338427E-04	-2.156549E-04	-1.865820E-04	-1.484842E-04	-1.039655E-04	-5.637419E-05	-9.802496E-06	+3.091329E-05	+6.019283E-05	+7.171175E-05	+5.840162E-05	+1.244996E-05	-7.469974E-05	-4.979983E-05	+8.299971E-06	+3.893441E-05	+4.780783E-05	+4.012856E-05	+2.060886E-05	-6.534997E-06	-3.758279E-05	-6.931034E-05	-9.898946E-05	-1.243880E-04	-1.437699E-04	-1.558951E-04	-1.600195E-04	-1.558951E-04	-1.437699E-04	-1.243880E-04	-9.898946E-05	-6.931034E-05	-3.758279E-05	-6.534997E-06	+2.060886E-05	+4.012856E-05	+4.780783E-05	+3.893441E-05	+8.299971E-06	-4.979983E-05	-2.489991E-05	+4.149986E-06	+1.946721E-05	+2.390392E-05	+2.006428E-05	+1.030443E-05	-3.267499E-06	-1.879140E-05	-3.465517E-05	-4.949473E-05	-6.219401E-05	-7.188497E-05	-7.794756E-05	-8.000975E-05	-7.794756E-05	-7.188497E-05	-6.219401E-05	-4.949473E-05	-3.465517E-05	-1.879140E-05	-3.267499E-06	+1.030443E-05	+2.006428E-05	+2.390392E-05	+1.946721E-05	+4.149986E-06	-2.489991E-05	+0.000000E+00	+0.000000E+00	+0.000000E+00	+0.000000E+00	+0.000000E+00	+0.000000E+00	+0.000000E+00	+0.000000E+00	+0.000000E+00	+0.000000E+00	+0.000000E+00	+0.000000E+00	+0.000000E+00	+0.000000E+00
	S	+1.399139E-04	-8.117183E-05	-1.505677E-04	-1.230863E-04	-4.253894E-05	+5.726432E-05	+1.515145E-04	+2.234036E-04	+2.631245E-04	+2.668708E-04	+2.358366E-04	+1.752167E-04	+9.320605E-05	+0.000000E+00	-9.320605E-05	-1.752167E-04	-2.358366E-04	-2.668708E-04	-2.631245E-04	-2.234036E-04	-1.515145E-04	-5.726432E-05	+4.253894E-05	+1.230863E-04	+1.505677E-04	+8.117183E-05	-1.399139E-04	+1.291513E-04	-7.492785E-05	-1.389856E-04	-1.136181E-04	-3.926672E-05	+5.285937E-05	+1.398596E-04	+2.062187E-04	+2.428842E-04	+2.463423E-04	+2.176953E-04	+1.617385E-04	+8.603636E-05	+0.000000E+00	-8.603636E-05	-1.617385E-04	-2.176953E-04	-2.463423E-04	-2.428842E-04	-2.062187E-04	-1.398596E-04	-5.285937E-05	+3.926672E-05	+1.136181E-04	+1.389856E-04	+7.492785E-05	-1.291513E-04	+1.183887E-04	-6.868386E-05	-1.274034E-04	-1.041500E-04	-3.599449E-05	+4.845443E-05	+1.282046E-04	+1.890338E-04	+2.226438E-04	+2.258137E-04	+1.995541E-04	+1.482603E-04	+7.886666E-05	+0.000000E+00	-7.886666E-05	-1.482603E-04	-1.995541E-04	-2.258137E-04	-2.226438E-04	-1.890338E-04	-1.282046E-04	-4.845443E-05	+3.599449E-05	+1.041500E-04	+1.274034E-04	+6.868386E-05	-1.183887E-04	+1.076261E-04	-6.243987E-05	-1.158213E-04	-9.468178E-05	-3.272226E-05	+4.404948E-05	+1.165496E-04	+1.718489E-04	+2.024035E-04	+2.052852E-04	+1.814128E-04	+1.347821E-04	+7.169696E-05	+0.000000E+00	-7.169696E-05	-1.347821E-04	-1.814128E-04	-2.052852E-04	-2.024035E-04	-1.718489E-04	-1.165496E-04	-4.404948E-05	+3.272226E-05	+9.468178E-05	+1.158213E-04	+6.243987E-05	-1.076261E-04	+9.686349E-05	-5.619588E-05	-1.042392E-04	-8.521360E-05	-2.945004E-05	+3.964453E-05	+1.048947E-04	+1.546641E-04	+1.821631E-04	+1.847567E-04	+1.632715E-04	+1.213039E-04	+6.452727E-05	+0.000000E+00	-6.452727E-05	-1.213039E-04	-1.632715E-04	-1.847567E-04	-1.821631E-04	-1.546641E-04	-1.048947E-04	-3.964453E-05	+2.945004E-05	+8.521360E-05	+1.042392E-04	+5.619588E-05	-9.686349E-05	+8.610088E-05	-4.995190E-05	-9.265705E-05	-7.574542E-05	-2.617781E-05	+3.523958E-05	+9.323970E-05	+1.374792E-04	+1.619228E-04	+1.642282E-04	+1.451302E-04	+1.078257E-04	+5.735757E-05	+0.000000E+00	-5.735757E-05	-1.078257E-04	-1.451302E-04	-1.642282E-04	-1.619228E-04	-1.374792E-04	-9.323970E-05	-3.523958E-05	+2.617781E-05	+7.574542E-05	+9.265705E-05	+4.995190E-05	-8.610088E-05	+7.533827E-05	-4.370791E-05	-8.107492E-05	-6.627724E-05	-2.290559E-05	+3.083464E-05	+8.158474E-05	+1.202943E-04	+1.416824E-04	+1.436997E-04	+1.269889E-04	+9.434745E-05	+5.018787E-05	+0.000000E+00	-5.018787E-05	-9.434745E-05	-1.269889E-04	-1.436997E-04	-1.416824E-04	-1.202943E-04	-8.158474E-05	-3.083464E-05	+2.290559E-05	+6.627724E-05	+8.107492E-05	+4.370791E-05	-7.533827E-05	+6.457566E-05	-3.746392E-05	-6.949279E-05	-5.680907E-05	-1.963336E-05	+2.642969E-05	+6.992978E-05	+1.031094E-04	+1.214421E-04	+1.231711E-04	+1.088477E-04	+8.086924E-05	+4.301818E-05	+0.000000E+00	-4.301818E-05	-8.086924E-05	-1.088477E-04	-1.231711E-04	-1.214421E-04	-1.031094E-04	-6.992978E-05	-2.642969E-05	+1.963336E-05	+5.680907E-05	+6.949279E-05	+3.746392E-05	-6.457566E-05	+5.381305E-05	-3.121994E-05	-5.791065E-05	-4.734089E-05	-1.636113E-05	+2.202474E-05	+5.827481E-05	+8.592447E-05	+1.012017E-04	+1.026426E-04	+9.070639E-05	+6.739103E-05	+3.584848E-05	+0.000000E+00	-3.584848E-05	-6.739103E-05	-9.070639E-05	-1.026426E-04	-1.012017E-04	-8.592447E-05	-5.827481E-05	-2.202474E-05	+1.636113E-05	+4.734089E-05	+5.791065E-05	+3.121994E-05	-5.381305E-05	+4.305044E-05	-2.497595E-05	-4.632852E-05	-3.787271E-05	-1.308891E-05	+1.761979E-05	+4.661985E-05	+6.873958E-05	+8.096139E-05	+8.211409E-05	+7.256511E-05	+5.391283E-05	+2.867879E-05	+0.000000E+00	-2.867879E-05	-5.391283E-05	-7.256511E-05	-8.211409E-05	-8.096139E-05	-6.873958E-05	-4.661985E-05	-1.761979E-05	+1.308891E-05	+3.787271E-05	+4.632852E-05	+2.497595E-05	-4.305044E-05	+3.228783E-05	-1.873196E-05	-3.474639E-05	-2.840453E-05	-9.816679E-06	+1.321484E-05	+3.496489E-05	+5.155468E-05	+6.072105E-05	+6.158557E-05	+5.442384E-05	+4.043462E-05	+2.150909E-05	+0.000000E+00	-2.150909E-05	-4.043462E-05	-5.442384E-05	-6.158557E-05	-6.072105E-05	-5.155468E-05	-3.496489E-05	-1.321484E-05	+9.816679E-06	+2.840453E-05	+3.474639E-05	+1.873196E-05	-3.228783E-05	+2.152522E-05	-1.248797E-05	-2.316426E-05	-1.893636E-05	-6.544453E-06	+8.809896E-06	+2.330993E-05	+3.436979E-05	+4.048070E-05	+4.105705E-05	+3.628256E-05	+2.695641E-05	+1.433939E-05	+0.000000E+00	-1.433939E-05	-2.695641E-05	-3.628256E-05	-4.105705E-05	-4.048070E-05	-3.436979E-05	-2.330993E-05	-8.809896E-06	+6.544453E-06	+1.893636E-05	+2.316426E-05	+1.248797E-05	-2.152522E-05	+1.076261E-05	-6.243987E-06	-1.158213E-05	-9.468178E-06	-3.272226E-06	+4.404948E-06	+1.165496E-05	+1.718489E-05	+2.024035E-05	+2.052852E-05	+1.814128E-05	+1.347821E-05	+7.169696E-06	+0.000000E+00	-7.169696E-06	-1.347821E-05	-1.814128E-05	-2.052852E-05	-2.024035E-05	-1.718489E-05	-1.165496E-05	-4.404948E-06	+3.272226E-06	+9.468178E-06	+1.158213E-05	+6.243987E-06	-1.076261E-05	+0.000000E+00	+0.000000E+00	+0.000000E+00	+0.000000E+00	+0.000000E+00	+0.000000E+00	+0.000000E+00	+0.000000E+00	+0.000000E+00	+0.000000E+00	+0.000000E+00	+0.000000E+00	+0.000000E+00	+0.000000E+00
	A	+2.722013E-05	+4.338621E-07	-1.600763E-05	-2.415480E-05	-2.587984E-05	-2.287659E-05	-1.666063E-05	-8.569228E-06	+2.386652E-07	+8.782387E-06	+1.625958E-05	+2.204618E-05	+2.569645E-05	+2.694292E-05	+2.569645E-05	+2.204618E-05	+1.625958E-05	+8.782387E-06	+2.386652E-07	-8.569228E-06	-1.666063E-05	-2.287659E-05	-2.587984E-05	-2.415480E-05	-1.600763E-05	+4.338621E-07	+2.722013E-05	+2.512628E-05	+4.004881E-07	-1.477627E-05	-2.229674E-05	-2.388908E-05	-2.111685E-05	-1.537905E-05	-7.910057E-06	+2.203063E-07	+8.106818E-06	+1.500884E-05	+2.035032E-05	+2.371980E-05	+2.487039E-05	+2.371980E-05	+2.035032E-05	+1.500884E-05	+8.106818E-06	+2.203063E-07	-7.910057E-06	-1.537905E-05	-2.111685E-05	-2.388908E-05	-2.229674E-05	-1.477627E-05	+4.004881E-07	+2.512628E-05	+2.303242E-05	+3.671141E-07	-1.354491E-05	-2.043868E-05	-2.189832E-05	-1.935712E-05	-1.409746E-05	-7.250885E-06	+2.019475E-07	+7.431250E-06	+1.375810E-05	+1.865446E-05	+2.174315E-05	+2.279786E-05	+2.174315E-05	+1.865446E-05	+1.375810E-05	+7.431250E-06	+2.019475E-07	-7.250885E-06	-1.409746E-05	-1.935712E-05	-2.189832E-05	-2.043868E-05	-1.354491E-05	+3.671141E-07	+2.303242E-05	+2.093856E-05	+3.337401E-07	-1.231356E-05	-1.858062E-05	-1.990757E-05	-1.759738E-05	-1.281587E-05	-6.591714E-06	+1.835886E-07	+6.755682E-06	+1.250737E-05	+1.695860E-05	+1.976650E-05	+2.072532E-05	+1.976650E-05	+1.695860E-05	+1.250737E-05	+6.755682E-06	+1.835886E-07	-6.591714E-06	-1.281587E-05	-1.759738E-05	-1.990757E-05	-1.858062E-05	-1.231356E-05	+3.337401E-07	+2.093856E-05	+1.884471E-05	+3.003661E-07	-1.108220E-05	-1.672256E-05	-1.791681E-05	-1.583764E-05	-1.153429E-05	-5.932543E-06	+1.652297E-07	+6.080114E-06	+1.125663E-05	+1.526274E-05	+1.778985E-05	+1.865279E-05	+1.778985E-05	+1.526274E-05	+1.125663E-05	+6.080114E-06	+1.652297E-07	-5.932543E-06	-1.153429E-05	-1.583764E-05	-1.791681E-05	-1.672256E-05	-1.108220E-05	+3.003661E-07	+1.884471E-05	+1.675085E-05	+2.669921E-07	-9.850847E-06	-1.486449E-05	-1.592605E-05	-1.407790E-05	-1.025270E-05	-5.273371E-06	+1.468709E-07	+5.404546E-06	+1.000589E-05	+1.356688E-05	+1.581320E-05	+1.658026E-05	+1.581320E-05	+1.356688E-05	+1.000589E-05	+5.404546E-06	+1.468709E-07	-5.273371E-06	-1.025270E-05	-1.407790E-05	-1.592605E-05	-1.486449E-05	-9.850847E-06	+2.669921E-07	+1.675085E-05	+1.465699E-05	+2.336181E-07	-8.619491E-06	-1.300643E-05	-1.393530E-05	-1.231816E-05	-8.971111E-06	-4.614200E-06	+1.285120E-07	+4.728977E-06	+8.755157E-06	+1.187102E-05	+1.383655E-05	+1.450773E-05	+1.383655E-05	+1.187102E-05	+8.755157E-06	+4.728977E-06	+1.285120E-07	-4.614200E-06	-8.971111E-06	-1.231816E-05	-1.393530E-05	-1.300643E-05	-8.619491E-06	+2.336181E-07	+1.465699E-05	+1.256314E-05	+2.002441E-07	-7.388135E-06	-1.114837E-05	-1.194454E-05	-1.055843E-05	-7.689523E-06	-3.955028E-06	+1.101532E-07	+4.053409E-06	+7.504421E-06	+1.017516E-05	+1.185990E-05	+1.243519E-05	+1.185990E-05	+1.017516E-05	+7.504421E-06	+4.053409E-06	+1.101532E-07	-3.955028E-06	-7.689523E-06	-1.055843E-05	-1.194454E-05	-1.114837E-05	-7.388135E-06	+2.002441E-07	+1.256314E-05	+1.046928E-05	+1.668701E-07	-6.156779E-06	-9.290309E-06	-9.953783E-06	-8.798689E-06	-6.407936E-06	-3.295857E-06	+9.179430E-08	+3.377841E-06	+6.253684E-06	+8.479301E-06	+9.883249E-06	+1.036266E-05	+9.883249E-06	+8.479301E-06	+6.253684E-06	+3.377841E-06	+9.179430E-08	-3.295857E-06	-6.407936E-06	-8.798689E-06	-9.953783E-06	-9.290309E-06	-6.156779E-06	+1.668701E-07	+1.046928E-05	+8.375426E-06	+1.334960E-07	-4.925423E-06	-7.432247E-06	-7.963026E-06	-7.038951E-06	-5.126349E-06	-2.636686E-06	+7.343544E-08	+2.702273E-06	+5.002947E-06	+6.783441E-06	+7.906600E-06	+8.290129E-06	+7.906600E-06	+6.783441E-06	+5.002947E-06	+2.702273E-06	+7.343544E-08	-2.636686E-06	-5.126349E-06	-7.038951E-06	-7.963026E-06	-7.432247E-06	-4.925423E-06	+1.334960E-07	+8.375426E-06	+6.281569E-06	+1.001220E-07	-3.694068E-06	-5.574185E-06	-5.972270E-06	-5.279213E-06	-3.844762E-06	-1.977514E-06	+5.507658E-08	+2.026705E-06	+3.752210E-06	+5.087581E-06	+5.929950E-06	+6.217597E-06	+5.929950E-06	+5.087581E-06	+3.752210E-06	+2.026705E-06	+5.507658E-08	-1.977514E-06	-3.844762E-06	-5.279213E-06	-5.972270E-06	-5.574185E-06	-3.694068E-06	+1.001220E-07	+6.281569E-06	+4.187713E-06	+6.674802E-08	-2.462712E-06	-3.716123E-06	-3.981513E-06	-3.519475E-06	-2.563174E-06	-1.318343E-06	+3.671772E-08	+1.351136E-06	+2.501474E-06	+3.391721E-06	+3.953300E-06	+4.145065E-06	+3.953300E-06	+3.391721E-06	+2.501474E-06	+1.351136E-06	+3.671772E-08	-1.318343E-06	-2.563174E-06	-3.519475E-06	-3.981513E-06	-3.716123E-06	-2.462712E-06	+6.674802E-08	+4.187713E-06	+2.093856E-06	+3.337401E-08	-1.231356E-06	-1.858062E-06	-1.990757E-06	-1.759738E-06	-1.281587E-06	-6.591714E-07	+1.835886E-08	+6.755682E-07	+1.250737E-06	+1.695860E-06	+1.976650E-06	+2.072532E-06	+1.976650E-06	+1.695860E-06	+1.250737E-06	+6.755682E-07	+1.835886E-08	-6.591714E-07	-1.281587E-06	-1.759738E-06	-1.990757E-06	-1.858062E-06	-1.231356E-06	+3.337401E-08	+2.093856E-06	+0.000000E+00	+0.000000E+00	+0.000000E+00	+0.000000E+00	+0.000000E+00	+0.000000E+00	+0.000000E+00	+0.000000E+00	+0.000000E+00	+0.000000E+00	+0.000000E+00	+0.000000E+00	+0.000000E+00	+0.000000E+00
	S	-5.073122E-06	+1.950022E-06	+4.759515E-06	+4.798892E-06	+3.226716E-06	+9.424814E-07	-1.387477E-06	-3.304077E-06	-4.529584E-06	-4.941702E-06	-4.547669E-06	-3.458349E-06	-1.862327E-06	+0.000000E+00	+1.862327E-06	+3.458349E-06	+4.547669E-06	+4.941702E-06	+4.529584E-06	+3.304077E-06	+1.387477E-06	-9.424814E-07	-3.226716E-06	-4.798892E-06	-4.759515E-06	-1.950022E-06	+5.073122E-06	-4.682881E-06	+1.800020E-06	+4.393398E-06	+4.429747E-06	+2.978507E-06	+8.699828E-07	-1.280748E-06	-3.049918E-06	-4.181155E-06	-4.561571E-06	-4.197848E-06	-3.192322E-06	-1.719071E-06	+0.000000E+00	+1.719071E-06	+3.192322E-06	+4.197848E-06	+4.561571E-06	+4.181155E-06	+3.049918E-06	+1.280748E-06	-8.699828E-07	-2.978507E-06	-4.429747E-06	-4.393398E-06	-1.800020E-06	+4.682881E-06	-4.292641E-06	+1.650018E-06	+4.027282E-06	+4.060601E-06	+2.730298E-06	+7.974843E-07	-1.174019E-06	-2.795758E-06	-3.832725E-06	-4.181440E-06	-3.848027E-06	-2.926295E-06	-1.575815E-06	+0.000000E+00	+1.575815E-06	+2.926295E-06	+3.848027E-06	+4.181440E-06	+3.832725E-06	+2.795758E-06	+1.174019E-06	-7.974843E-07	-2.730298E-06	-4.060601E-06	-4.027282E-06	-1.650018E-06	+4.292641E-06	-3.902401E-06	+1.500017E-06	+3.661165E-06	+3.691456E-06	+2.482089E-06	+7.249857E-07	-1.067290E-06	-2.541598E-06	-3.484296E-06	-3.801309E-06	-3.498207E-06	-2.660268E-06	-1.432559E-06	+0.000000E+00	+1.432559E-06	+2.660268E-06	+3.498207E-06	+3.801309E-06	+3.484296E-06	+2.541598E-06	+1.067290E-06	-7.249857E-07	-2.482089E-06	-3.691456E-06	-3.661165E-06	-1.500017E-06	+3.902401E-06	-3.512161E-06	+1.350015E-06	+3.295049E-06	+3.322310E-06	+2.233881E-06	+6.524871E-07	-9.605611E-07	-2.287438E-06	-3.135866E-06	-3.421178E-06	-3.148386E-06	-2.394241E-06	-1.289303E-06	+0.000000E+00	+1.289303E-06	+2.394241E-06	+3.148386E-06	+3.421178E-06	+3.135866E-06	+2.287438E-06	+9.605611E-07	-6.524871E-07	-2.233881E-06	-3.322310E-06	-3.295049E-06	-1.350015E-06	+3.512161E-06	-3.121921E-06	+1.200013E-06	+2.928932E-06	+2.953165E-06	+1.985672E-06	+5.799886E-07	-8.538321E-07	-2.033278E-06	-2.787436E-06	-3.041047E-06	-2.798565E-06	-2.128215E-06	-1.146047E-06	+0.000000E+00	+1.146047E-06	+2.128215E-06	+2.798565E-06	+3.041047E-06	+2.787436E-06	+2.033278E-06	+8.538321E-07	-5.799886E-07	-1.985672E-06	-2.953165E-06	-2.928932E-06	-1.200013E-06	+3.121921E-06	-2.731681E-06	+1.050012E-06	+2.562816E-06	+2.584019E-06	+1.737463E-06	+5.074900E-07	-7.471031E-07	-1.779119E-06	-2.439007E-06	-2.660916E-06	-2.448745E-06	-1.862188E-06	-1.002791E-06	+0.000000E+00	+1.002791E-06	+1.862188E-06	+2.448745E-06	+2.660916E-06	+2.439007E-06	+1.779119E-06	+7.471031E-07	-5.074900E-07	-1.737463E-06	-2.584019E-06	-2.562816E-06	-1.050012E-06	+2.731681E-06	-2.341441E-06	+9.000100E-07	+2.196699E-06	+2.214873E-06	+1.489254E-06	+4.349914E-07	-6.403741E-07	-1.524959E-06	-2.090577E-06	-2.280786E-06	-2.098924E-06	-1.596161E-06	-8.595353E-07	+0.000000E+00	+8.595353E-07	+1.596161E-06	+2.098924E-06	+2.280786E-06	+2.090577E-06	+1.524959E-06	+6.403741E-07	-4.349914E-07	-1.489254E-06	-2.214873E-06	-2.196699E-06	-9.000100E-07	+2.341441E-06	-1.951201E-06	+7.500083E-07	+1.830583E-06	+1.845728E-06	+1.241045E-06	+3.624929E-07	-5.336451E-07	-1.270799E-06	-1.742148E-06	-1.900655E-06	-1.749103E-06	-1.330134E-06	-7.162794E-07	+0.000000E+00	+7.162794E-07	+1.330134E-06	+1.749103E-06	+1.900655E-06	+1.742148E-06	+1.270799E-06	+5.336451E-07	-3.624929E-07	-1.241045E-06	-1.845728E-06	-1.830583E-06	-7.500083E-07	+1.951201E-06	-1.560960E-06	+6.000067E-07	+1.464466E-06	+1.476582E-06	+9.928358E-07	+2.899943E-07	-4.269160E-07	-1.016639E-06	-1.393718E-06	-1.520524E-06	-1.399283E-06	-1.064107E-06	-5.730236E-07	+0.000000E+00	+5.730236E-07	+1.064107E-06	+1.399283E-06	+1.520524E-06	+1.393718E-06	+1.016639E-06	+4.269160E-07	-2.899943E-07	-9.928358E-07	-1.476582E-06	-1.464466E-06	-6.000067E-07	+1.560960E-06	-1.170720E-06	+4.500050E-07	+1.098350E-06	+1.107437E-06	+7.446268E-07	+2.174957E-07	-3.201870E-07	-7.624794E-07	-1.045289E-06	-1.140393E-06	-1.049462E-06	-7.980805E-07	-4.297677E-07	+0.000000E+00	+4.297677E-07	+7.980805E-07	+1.049462E-06	+1.140393E-06	+1.045289E-06	+7.624794E-07	+3.201870E-07	-2.174957E-07	-7.446268E-07	-1.107437E-06	-1.098350E-06	-4.500050E-07	+1.170720E-06	-7.804802E-07	+3.000033E-07	+7.322330E-07	+7.382911E-07	+4.964179E-07	+1.449971E-07	-2.134580E-07	-5.083196E-07	-6.968591E-07	-7.602618E-07	-6.996413E-07	-5.320536E-07	-2.865118E-07	+0.000000E+00	+2.865118E-07	+5.320536E-07	+6.996413E-07	+7.602618E-07	+6.968591E-07	+5.083196E-07	+2.134580E-07	-1.449971E-07	-4.964179E-07	-7.382911E-07	-7.322330E-07	-3.000033E-07	+7.804802E-07	-3.902401E-07	+1.500017E-07	+3.661165E-07	+3.691456E-07	+2.482089E-07	+7.249857E-08	-1.067290E-07	-2.541598E-07	-3.484296E-07	-3.801309E-07	-3.498207E-07	-2.660268E-07	-1.432559E-07	+0.000000E+00	+1.432559E-07	+2.660268E-07	+3.498207E-07	+3.801309E-07	+3.484296E-07	+2.541598E-07	+1.067290E-07	-7.249857E-08	-2.482089E-07	-3.691456E-07	-3.661165E-07	-1.500017E-07	+3.902401E-07	+0.000000E+00	+0.000000E+00	+0.000000E+00	+0.000000E+00	+0.000000E+00	+0.000000E+00	+0.000000E+00	+0.000000E+00	+0.000000E+00	+0.000000E+00	+0.000000E+00	+0.000000E+00	+0.000000E+00	+0.000000E+00
	A	-2.452264E-07	-5.659071E-08	+6.413614E-08	+1.301586E-07	+1.535331E-07	+1.451675E-07	+1.148217E-07	+7.110746E-08	+2.148807E-08	-2.772125E-08	-7.135351E-08	-1.053900E-07	-1.269600E-07	-1.343414E-07	-1.269600E-07	-1.053900E-07	-7.135351E-08	-2.772125E-08	+2.148807E-08	+7.110746E-08	+1.148217E-07	+1.451675E-07	+1.535331E-07	+1.301586E-07	+6.413614E-08	-5.659071E-08	-2.452264E-07	-2.263629E-07	-5.223758E-08	+5.920259E-08	+1.201464E-07	+1.417228E-07	+1.340008E-07	+1.059893E-07	+6.563766E-08	+1.983514E-08	-2.558884E-08	-6.586478E-08	-9.728303E-08	-1.171939E-07	-1.240075E-07	-1.171939E-07	-9.728303E-08	-6.586478E-08	-2.558884E-08	+1.983514E-08	+6.563766E-08	+1.059893E-07	+1.340008E-07	+1.417228E-07	+1.201464E-07	+5.920259E-08	-5.223758E-08	-2.263629E-07	-2.074993E-07	-4.788445E-08	+5.426904E-08	+1.101342E-07	+1.299126E-07	+1.228340E-07	+9.715685E-08	+6.016785E-08	+1.818221E-08	-2.345644E-08	-6.037604E-08	-8.917611E-08	-1.074277E-07	-1.136735E-07	-1.074277E-07	-8.917611E-08	-6.037604E-08	-2.345644E-08	+1.818221E-08	+6.016785E-08	+9.715685E-08	+1.228340E-07	+1.299126E-07	+1.101342E-07	+5.426904E-08	-4.788445E-08	-2.074993E-07	-1.886357E-07	-4.353132E-08	+4.933549E-08	+1.001220E-07	+1.181024E-07	+1.116673E-07	+8.832441E-08	+5.469805E-08	+1.652928E-08	-2.132404E-08	-5.488731E-08	-8.106919E-08	-9.766156E-08	-1.033396E-07	-9.766156E-08	-8.106919E-08	-5.488731E-08	-2.132404E-08	+1.652928E-08	+5.469805E-08	+8.832441E-08	+1.116673E-07	+1.181024E-07	+1.001220E-07	+4.933549E-08	-4.353132E-08	-1.886357E-07	-1.697721E-07	-3.917819E-08	+4.440194E-08	+9.010983E-08	+1.062921E-07	+1.005006E-07	+7.949197E-08	+4.922824E-08	+1.487635E-08	-1.919163E-08	-4.939858E-08	-7.296227E-08	-8.789541E-08	-9.300561E-08	-8.789541E-08	-7.296227E-08	-4.939858E-08	-1.919163E-08	+1.487635E-08	+4.922824E-08	+7.949197E-08	+1.005006E-07	+1.062921E-07	+9.010983E-08	+4.440194E-08	-3.917819E-08	-1.697721E-07	-1.509086E-07	-3.482505E-08	+3.946839E-08	+8.009762E-08	+9.448189E-08	+8.933383E-08	+7.065953E-08	+4.375844E-08	+1.322343E-08	-1.705923E-08	-4.390985E-08	-6.485535E-08	-7.812925E-08	-8.267165E-08	-7.812925E-08	-6.485535E-08	-4.390985E-08	-1.705923E-08	+1.322343E-08	+4.375844E-08	+7.065953E-08	+8.933383E-08	+9.448189E-08	+8.009762E-08	+3.946839E-08	-3.482505E-08	-1.509086E-07	-1.320450E-07	-3.047192E-08	+3.453485E-08	+7.008542E-08	+8.267165E-08	+7.816711E-08	+6.182709E-08	+3.828863E-08	+1.157050E-08	-1.492683E-08	-3.842112E-08	-5.674844E-08	-6.836310E-08	-7.233769E-08	-6.836310E-08	-5.674844E-08	-3.842112E-08	-1.492683E-08	+1.157050E-08	+3.828863E-08	+6.182709E-08	+7.816711E-08	+8.267165E-08	+7.008542E-08	+3.453485E-08	-3.047192E-08	-1.320450E-07	-1.131814E-07	-2.611879E-08	+2.960130E-08	+6.007322E-08	+7.086141E-08	+6.700038E-08	+5.299465E-08	+3.281883E-08	+9.917570E-09	-1.279442E-08	-3.293239E-08	-4.864152E-08	-5.859694E-08	-6.200374E-08	-5.859694E-08	-4.864152E-08	-3.293239E-08	-1.279442E-08	+9.917570E-09	+3.281883E-08	+5.299465E-08	+6.700038E-08	+7.086141E-08	+6.007322E-08	+2.960130E-08	-2.611879E-08	-1.131814E-07	-9.431785E-08	-2.176566E-08	+2.466775E-08	+5.006102E-08	+5.905118E-08	+5.583365E-08	+4.416221E-08	+2.734902E-08	+8.264641E-09	-1.066202E-08	-2.744366E-08	-4.053460E-08	-4.883078E-08	-5.166978E-08	-4.883078E-08	-4.053460E-08	-2.744366E-08	-1.066202E-08	+8.264641E-09	+2.734902E-08	+4.416221E-08	+5.583365E-08	+5.905118E-08	+5.006102E-08	+2.466775E-08	-2.176566E-08	-9.431785E-08	-7.545428E-08	-1.741253E-08	+1.973420E-08	+4.004881E-08	+4.724094E-08	+4.466692E-08	+3.532977E-08	+2.187922E-08	+6.611713E-09	-8.529615E-09	-2.195493E-08	-3.242768E-08	-3.906463E-08	-4.133583E-08	-3.906463E-08	-3.242768E-08	-2.195493E-08	-8.529615E-09	+6.611713E-09	+2.187922E-08	+3.532977E-08	+4.466692E-08	+4.724094E-08	+4.004881E-08	+1.973420E-08	-1.741253E-08	-7.545428E-08	-5.659071E-08	-1.305940E-08	+1.480065E-08	+3.003661E-08	+3.543071E-08	+3.350019E-08	+2.649732E-08	+1.640941E-08	+4.958785E-09	-6.397211E-09	-1.646619E-08	-2.432076E-08	-2.929847E-08	-3.100187E-08	-2.929847E-08	-2.432076E-08	-1.646619E-08	-6.397211E-09	+4.958785E-09	+1.640941E-08	+2.649732E-08	+3.350019E-08	+3.543071E-08	+3.003661E-08	+1.480065E-08	-1.305940E-08	-5.659071E-08	-3.772714E-08	-8.706264E-09	+9.867099E-09	+2.002441E-08	+2.362047E-08	+2.233346E-08	+1.766488E-08	+1.093961E-08	+3.305857E-09	-4.264807E-09	-1.097746E-08	-1.621384E-08	-1.953231E-08	-2.066791E-08	-1.953231E-08	-1.621384E-08	-1.097746E-08	-4.264807E-09	+3.305857E-09	+1.093961E-08	+1.766488E-08	+2.233346E-08	+2.362047E-08	+2.002441E-08	+9.867099E-09	-8.706264E-09	-3.772714E-08	-1.886357E-08	-4.353132E-09	+4.933549E-09	+1.001220E-08	+1.181024E-08	+1.116673E-08	+8.832441E-09	+5.469805E-09	+1.652928E-09	-2.132404E-09	-5.488731E-09	-8.106919E-09	-9.766156E-09	-1.033396E-08	-9.766156E-09	-8.106919E-09	-5.488731E-09	-2.132404E-09	+1.652928E-09	+5.469805E-09	+8.832441E-09	+1.116673E-08	+1.181024E-08	+1.001220E-08	+4.933549E-09	-4.353132E-09	-1.886357E-08	+0.000000E+00	+0.000000E+00	+0.000000E+00	+0.000000E+00	+0.000000E+00	+0.000000E+00	+0.000000E+00	+0.000000E+00	+0.000000E+00	+0.000000E+00	+0.000000E+00	+0.000000E+00	+0.000000E+00	+0.000000E+00
	S	+3.371863E-08	-5.187482E-09	-2.230617E-08	-2.489991E-08	-1.881026E-08	-8.587026E-09	+2.382551E-09	+1.174462E-08	+1.804957E-08	+2.062280E-08	+1.943563E-08	+1.497604E-08	+8.119537E-09	+0.000000E+00	-8.119537E-09	-1.497604E-08	-1.943563E-08	-2.062280E-08	-1.804957E-08	-1.174462E-08	-2.382551E-09	+8.587026E-09	+1.881026E-08	+2.489991E-08	+2.230617E-08	+5.187482E-09	-3.371863E-08	+3.112489E-08	-4.788445E-09	-2.059031E-08	-2.298454E-08	-1.736332E-08	-7.926485E-09	+2.199278E-09	+1.084119E-08	+1.666114E-08	+1.903643E-08	+1.794058E-08	+1.382403E-08	+7.494957E-09	+0.000000E+00	-7.494957E-09	-1.382403E-08	-1.794058E-08	-1.903643E-08	-1.666114E-08	-1.084119E-08	-2.199278E-09	+7.926485E-09	+1.736332E-08	+2.298454E-08	+2.059031E-08	+4.788445E-09	-3.112489E-08	+2.853115E-08	-4.389408E-09	-1.887445E-08	-2.106916E-08	-1.591637E-08	-7.265945E-09	+2.016005E-09	+9.937758E-09	+1.527271E-08	+1.745006E-08	+1.644553E-08	+1.267203E-08	+6.870378E-09	+0.000000E+00	-6.870378E-09	-1.267203E-08	-1.644553E-08	-1.745006E-08	-1.527271E-08	-9.937758E-09	-2.016005E-09	+7.265945E-09	+1.591637E-08	+2.106916E-08	+1.887445E-08	+4.389408E-09	-2.853115E-08	+2.593741E-08	-3.990371E-09	-1.715859E-08	-1.915378E-08	-1.446943E-08	-6.605404E-09	+1.832732E-09	+9.034326E-09	+1.388428E-08	+1.586370E-08	+1.495048E-08	+1.152003E-08	+6.245798E-09	+0.000000E+00	-6.245798E-09	-1.152003E-08	-1.495048E-08	-1.586370E-08	-1.388428E-08	-9.034326E-09	-1.832732E-09	+6.605404E-09	+1.446943E-08	+1.915378E-08	+1.715859E-08	+3.990371E-09	-2.593741E-08	+2.334367E-08	-3.591334E-09	-1.544273E-08	-1.723840E-08	-1.302249E-08	-5.944864E-09	+1.649458E-09	+8.130893E-09	+1.249585E-08	+1.427733E-08	+1.345544E-08	+1.036802E-08	+5.621218E-09	+0.000000E+00	-5.621218E-09	-1.036802E-08	-1.345544E-08	-1.427733E-08	-1.249585E-08	-8.130893E-09	-1.649458E-09	+5.944864E-09	+1.302249E-08	+1.723840E-08	+1.544273E-08	+3.591334E-09	-2.334367E-08	+2.074993E-08	-3.192297E-09	-1.372688E-08	-1.532302E-08	-1.157555E-08	-5.284323E-09	+1.466185E-09	+7.227460E-09	+1.110743E-08	+1.269096E-08	+1.196039E-08	+9.216022E-09	+4.996638E-09	+0.000000E+00	-4.996638E-09	-9.216022E-09	-1.196039E-08	-1.269096E-08	-1.110743E-08	-7.227460E-09	-1.466185E-09	+5.284323E-09	+1.157555E-08	+1.532302E-08	+1.372688E-08	+3.192297E-09	-2.074993E-08	+1.815619E-08	-2.793260E-09	-1.201102E-08	-1.340765E-08	-1.012860E-08	-4.623783E-09	+1.282912E-09	+6.324028E-09	+9.718998E-09	+1.110459E-08	+1.046534E-08	+8.064019E-09	+4.372058E-09	+0.000000E+00	-4.372058E-09	-8.064019E-09	-1.046534E-08	-1.110459E-08	-9.718998E-09	-6.324028E-09	-1.282912E-09	+4.623783E-09	+1.012860E-08	+1.340765E-08	+1.201102E-08	+2.793260E-09	-1.815619E-08	+1.556245E-08	-2.394222E-09	-1.029516E-08	-1.149227E-08	-8.681659E-09	-3.963243E-09	+1.099639E-09	+5.420595E-09	+8.330569E-09	+9.518217E-09	+8.970290E-09	+6.912016E-09	+3.747479E-09	+0.000000E+00	-3.747479E-09	-6.912016E-09	-8.970290E-09	-9.518217E-09	-8.330569E-09	-5.420595E-09	-1.099639E-09	+3.963243E-09	+8.681659E-09	+1.149227E-08	+1.029516E-08	+2.394222E-09	-1.556245E-08	+1.296871E-08	-1.995185E-09	-8.579297E-09	-9.576890E-09	-7.234716E-09	-3.302702E-09	+9.163658E-10	+4.517163E-09	+6.942141E-09	+7.931848E-09	+7.475242E-09	+5.760013E-09	+3.122899E-09	+0.000000E+00	-3.122899E-09	-5.760013E-09	-7.475242E-09	-7.931848E-09	-6.942141E-09	-4.517163E-09	-9.163658E-10	+3.302702E-09	+7.234716E-09	+9.576890E-09	+8.579297E-09	+1.995185E-09	-1.296871E-08	+1.037496E-08	-1.596148E-09	-6.863438E-09	-7.661512E-09	-5.787773E-09	-2.642162E-09	+7.330926E-10	+3.613730E-09	+5.553713E-09	+6.345478E-09	+5.980194E-09	+4.608011E-09	+2.498319E-09	+0.000000E+00	-2.498319E-09	-4.608011E-09	-5.980194E-09	-6.345478E-09	-5.553713E-09	-3.613730E-09	-7.330926E-10	+2.642162E-09	+5.787773E-09	+7.661512E-09	+6.863438E-09	+1.596148E-09	-1.037496E-08	+7.781223E-09	-1.197111E-09	-5.147578E-09	-5.746134E-09	-4.340829E-09	-1.981621E-09	+5.498195E-10	+2.710298E-09	+4.165285E-09	+4.759109E-09	+4.485145E-09	+3.456008E-09	+1.873739E-09	+0.000000E+00	-1.873739E-09	-3.456008E-09	-4.485145E-09	-4.759109E-09	-4.165285E-09	-2.710298E-09	-5.498195E-10	+1.981621E-09	+4.340829E-09	+5.746134E-09	+5.147578E-09	+1.197111E-09	-7.781223E-09	+5.187482E-09	-7.980742E-10	-3.431719E-09	-3.830756E-09	-2.893886E-09	-1.321081E-09	+3.665463E-10	+1.806865E-09	+2.776856E-09	+3.172739E-09	+2.990097E-09	+2.304005E-09	+1.249160E-09	+0.000000E+00	-1.249160E-09	-2.304005E-09	-2.990097E-09	-3.172739E-09	-2.776856E-09	-1.806865E-09	-3.665463E-10	+1.321081E-09	+2.893886E-09	+3.830756E-09	+3.431719E-09	+7.980742E-10	-5.187482E-09	+2.593741E-09	-3.990371E-10	-1.715859E-09	-1.915378E-09	-1.446943E-09	-6.605404E-10	+1.832732E-10	+9.034326E-10	+1.388428E-09	+1.586370E-09	+1.495048E-09	+1.152003E-09	+6.245798E-10	+0.000000E+00	-6.245798E-10	-1.152003E-09	-1.495048E-09	-1.586370E-09	-1.388428E-09	-9.034326E-10	-1.832732E-10	+6.605404E-10	+1.446943E-09	+1.915378E-09	+1.715859E-09	+3.990371E-10	-2.593741E-09	+0.000000E+00	+0.000000E+00	+0.000000E+00	+0.000000E+00	+0.000000E+00	+0.000000E+00	+0.000000E+00	+0.000000E+00	+0.000000E+00	+0.000000E+00	+0.000000E+00	+0.000000E+00	+0.000000E+00	+0.000000E+00
# Matrix ends.
#
#
# ---------------------------------- LICENSE NOTICE -----------------------------------
# THIS DATA IS RELEASED UNDER THE CREATIVE COMMONS LICENSE "CC BY-NC-SA 4.0".
#   This license lets you remix, tweak, and build upon this work non-commercially,
#   as long as you credit me and license your new creations under the terms identical
#   to the current license.
# SEE "https://creativecommons.org/licenses/by-nc-sa/4.0" FOR DETAILS.
#
# RELEASED BY: Chandra Shekhar
#      E-mail: chandraiitk[AT]yahoo[DOT]co[DOT]in
#    Homepage: https://sites.google.com/site/chandraacads
# FOR ANY QUESTION OR COMMENT, OR FOR A COMMERCIAL LICENSE, PLEASE EMAIL ME.
#
# For additional details, please visit my homepage.
#
# ==================================== End of File ====================================
