# ================================== Start of File ====================================
# Spatial dimensions = 2
# Kernel size = 19x19
# Polynomial order = 1x5
# Size of the convolution coefficient matrix = 12x361
#
# Column# 1:
#    S/A => The left and the right halves of the row are symmetric(S)/anti-symmetric(A) about the middle column.
#           If symmetric elements on the right half, their signs are same as the corresponding elements on the left side.
#           If anti-symmetric elements, the signs are opposite.
# Column# 2~181 = the left-half columns of the row.
# Column# 182 = the middle column of the row.
# Column# 183~362, which are the right-half columns, are not stored, because they are symmetric/anti-symmetric
#           of the elements in the column# 181~2, respectively.
# Matrix starts:
	S	+2.408768E-03	-1.806576E-03	-2.975537E-03	-2.054537E-03	+1.275230E-04	+2.869268E-03	+5.596843E-03	+7.863919E-03	+9.351687E-03	+9.868864E-03	+9.351687E-03	+7.863919E-03	+5.596843E-03	+2.869268E-03	+1.275230E-04	-2.054537E-03	-2.975537E-03	-1.806576E-03	+2.408768E-03	+2.408768E-03	-1.806576E-03	-2.975537E-03	-2.054537E-03	+1.275230E-04	+2.869268E-03	+5.596843E-03	+7.863919E-03	+9.351687E-03	+9.868864E-03	+9.351687E-03	+7.863919E-03	+5.596843E-03	+2.869268E-03	+1.275230E-04	-2.054537E-03	-2.975537E-03	-1.806576E-03	+2.408768E-03	+2.408768E-03	-1.806576E-03	-2.975537E-03	-2.054537E-03	+1.275230E-04	+2.869268E-03	+5.596843E-03	+7.863919E-03	+9.351687E-03	+9.868864E-03	+9.351687E-03	+7.863919E-03	+5.596843E-03	+2.869268E-03	+1.275230E-04	-2.054537E-03	-2.975537E-03	-1.806576E-03	+2.408768E-03	+2.408768E-03	-1.806576E-03	-2.975537E-03	-2.054537E-03	+1.275230E-04	+2.869268E-03	+5.596843E-03	+7.863919E-03	+9.351687E-03	+9.868864E-03	+9.351687E-03	+7.863919E-03	+5.596843E-03	+2.869268E-03	+1.275230E-04	-2.054537E-03	-2.975537E-03	-1.806576E-03	+2.408768E-03	+2.408768E-03	-1.806576E-03	-2.975537E-03	-2.054537E-03	+1.275230E-04	+2.869268E-03	+5.596843E-03	+7.863919E-03	+9.351687E-03	+9.868864E-03	+9.351687E-03	+7.863919E-03	+5.596843E-03	+2.869268E-03	+1.275230E-04	-2.054537E-03	-2.975537E-03	-1.806576E-03	+2.408768E-03	+2.408768E-03	-1.806576E-03	-2.975537E-03	-2.054537E-03	+1.275230E-04	+2.869268E-03	+5.596843E-03	+7.863919E-03	+9.351687E-03	+9.868864E-03	+9.351687E-03	+7.863919E-03	+5.596843E-03	+2.869268E-03	+1.275230E-04	-2.054537E-03	-2.975537E-03	-1.806576E-03	+2.408768E-03	+2.408768E-03	-1.806576E-03	-2.975537E-03	-2.054537E-03	+1.275230E-04	+2.869268E-03	+5.596843E-03	+7.863919E-03	+9.351687E-03	+9.868864E-03	+9.351687E-03	+7.863919E-03	+5.596843E-03	+2.869268E-03	+1.275230E-04	-2.054537E-03	-2.975537E-03	-1.806576E-03	+2.408768E-03	+2.408768E-03	-1.806576E-03	-2.975537E-03	-2.054537E-03	+1.275230E-04	+2.869268E-03	+5.596843E-03	+7.863919E-03	+9.351687E-03	+9.868864E-03	+9.351687E-03	+7.863919E-03	+5.596843E-03	+2.869268E-03	+1.275230E-04	-2.054537E-03	-2.975537E-03	-1.806576E-03	+2.408768E-03	+2.408768E-03	-1.806576E-03	-2.975537E-03	-2.054537E-03	+1.275230E-04	+2.869268E-03	+5.596843E-03	+7.863919E-03	+9.351687E-03	+9.868864E-03	+9.351687E-03	+7.863919E-03	+5.596843E-03	+2.869268E-03	+1.275230E-04	-2.054537E-03	-2.975537E-03	-1.806576E-03	+2.408768E-03	+2.408768E-03	-1.806576E-03	-2.975537E-03	-2.054537E-03	+1.275230E-04	+2.869268E-03	+5.596843E-03	+7.863919E-03	+9.351687E-03	+9.868864E-03
	A	-1.369166E-03	+1.878109E-03	+1.730245E-03	+5.084282E-05	-1.872178E-03	-3.244344E-03	-3.682382E-03	-3.131983E-03	-1.785558E-03	+0.000000E+00	+1.785558E-03	+3.131983E-03	+3.682382E-03	+3.244344E-03	+1.872178E-03	-5.084282E-05	-1.730245E-03	-1.878109E-03	+1.369166E-03	-1.369166E-03	+1.878109E-03	+1.730245E-03	+5.084282E-05	-1.872178E-03	-3.244344E-03	-3.682382E-03	-3.131983E-03	-1.785558E-03	+0.000000E+00	+1.785558E-03	+3.131983E-03	+3.682382E-03	+3.244344E-03	+1.872178E-03	-5.084282E-05	-1.730245E-03	-1.878109E-03	+1.369166E-03	-1.369166E-03	+1.878109E-03	+1.730245E-03	+5.084282E-05	-1.872178E-03	-3.244344E-03	-3.682382E-03	-3.131983E-03	-1.785558E-03	+0.000000E+00	+1.785558E-03	+3.131983E-03	+3.682382E-03	+3.244344E-03	+1.872178E-03	-5.084282E-05	-1.730245E-03	-1.878109E-03	+1.369166E-03	-1.369166E-03	+1.878109E-03	+1.730245E-03	+5.084282E-05	-1.872178E-03	-3.244344E-03	-3.682382E-03	-3.131983E-03	-1.785558E-03	+0.000000E+00	+1.785558E-03	+3.131983E-03	+3.682382E-03	+3.244344E-03	+1.872178E-03	-5.084282E-05	-1.730245E-03	-1.878109E-03	+1.369166E-03	-1.369166E-03	+1.878109E-03	+1.730245E-03	+5.084282E-05	-1.872178E-03	-3.244344E-03	-3.682382E-03	-3.131983E-03	-1.785558E-03	+0.000000E+00	+1.785558E-03	+3.131983E-03	+3.682382E-03	+3.244344E-03	+1.872178E-03	-5.084282E-05	-1.730245E-03	-1.878109E-03	+1.369166E-03	-1.369166E-03	+1.878109E-03	+1.730245E-03	+5.084282E-05	-1.872178E-03	-3.244344E-03	-3.682382E-03	-3.131983E-03	-1.785558E-03	+0.000000E+00	+1.785558E-03	+3.131983E-03	+3.682382E-03	+3.244344E-03	+1.872178E-03	-5.084282E-05	-1.730245E-03	-1.878109E-03	+1.369166E-03	-1.369166E-03	+1.878109E-03	+1.730245E-03	+5.084282E-05	-1.872178E-03	-3.244344E-03	-3.682382E-03	-3.131983E-03	-1.785558E-03	+0.000000E+00	+1.785558E-03	+3.131983E-03	+3.682382E-03	+3.244344E-03	+1.872178E-03	-5.084282E-05	-1.730245E-03	-1.878109E-03	+1.369166E-03	-1.369166E-03	+1.878109E-03	+1.730245E-03	+5.084282E-05	-1.872178E-03	-3.244344E-03	-3.682382E-03	-3.131983E-03	-1.785558E-03	+0.000000E+00	+1.785558E-03	+3.131983E-03	+3.682382E-03	+3.244344E-03	+1.872178E-03	-5.084282E-05	-1.730245E-03	-1.878109E-03	+1.369166E-03	-1.369166E-03	+1.878109E-03	+1.730245E-03	+5.084282E-05	-1.872178E-03	-3.244344E-03	-3.682382E-03	-3.131983E-03	-1.785558E-03	+0.000000E+00	+1.785558E-03	+3.131983E-03	+3.682382E-03	+3.244344E-03	+1.872178E-03	-5.084282E-05	-1.730245E-03	-1.878109E-03	+1.369166E-03	-1.369166E-03	+1.878109E-03	+1.730245E-03	+5.084282E-05	-1.872178E-03	-3.244344E-03	-3.682382E-03	-3.131983E-03	-1.785558E-03	+0.000000E+00
	S	-4.297461E-04	+2.016431E-04	+4.716097E-04	+4.878319E-04	+3.436305E-04	+1.179695E-04	-1.245443E-04	-3.336611E-04	-4.734882E-04	-5.224901E-04	-4.734882E-04	-3.336611E-04	-1.245443E-04	+1.179695E-04	+3.436305E-04	+4.878319E-04	+4.716097E-04	+2.016431E-04	-4.297461E-04	-4.297461E-04	+2.016431E-04	+4.716097E-04	+4.878319E-04	+3.436305E-04	+1.179695E-04	-1.245443E-04	-3.336611E-04	-4.734882E-04	-5.224901E-04	-4.734882E-04	-3.336611E-04	-1.245443E-04	+1.179695E-04	+3.436305E-04	+4.878319E-04	+4.716097E-04	+2.016431E-04	-4.297461E-04	-4.297461E-04	+2.016431E-04	+4.716097E-04	+4.878319E-04	+3.436305E-04	+1.179695E-04	-1.245443E-04	-3.336611E-04	-4.734882E-04	-5.224901E-04	-4.734882E-04	-3.336611E-04	-1.245443E-04	+1.179695E-04	+3.436305E-04	+4.878319E-04	+4.716097E-04	+2.016431E-04	-4.297461E-04	-4.297461E-04	+2.016431E-04	+4.716097E-04	+4.878319E-04	+3.436305E-04	+1.179695E-04	-1.245443E-04	-3.336611E-04	-4.734882E-04	-5.224901E-04	-4.734882E-04	-3.336611E-04	-1.245443E-04	+1.179695E-04	+3.436305E-04	+4.878319E-04	+4.716097E-04	+2.016431E-04	-4.297461E-04	-4.297461E-04	+2.016431E-04	+4.716097E-04	+4.878319E-04	+3.436305E-04	+1.179695E-04	-1.245443E-04	-3.336611E-04	-4.734882E-04	-5.224901E-04	-4.734882E-04	-3.336611E-04	-1.245443E-04	+1.179695E-04	+3.436305E-04	+4.878319E-04	+4.716097E-04	+2.016431E-04	-4.297461E-04	-4.297461E-04	+2.016431E-04	+4.716097E-04	+4.878319E-04	+3.436305E-04	+1.179695E-04	-1.245443E-04	-3.336611E-04	-4.734882E-04	-5.224901E-04	-4.734882E-04	-3.336611E-04	-1.245443E-04	+1.179695E-04	+3.436305E-04	+4.878319E-04	+4.716097E-04	+2.016431E-04	-4.297461E-04	-4.297461E-04	+2.016431E-04	+4.716097E-04	+4.878319E-04	+3.436305E-04	+1.179695E-04	-1.245443E-04	-3.336611E-04	-4.734882E-04	-5.224901E-04	-4.734882E-04	-3.336611E-04	-1.245443E-04	+1.179695E-04	+3.436305E-04	+4.878319E-04	+4.716097E-04	+2.016431E-04	-4.297461E-04	-4.297461E-04	+2.016431E-04	+4.716097E-04	+4.878319E-04	+3.436305E-04	+1.179695E-04	-1.245443E-04	-3.336611E-04	-4.734882E-04	-5.224901E-04	-4.734882E-04	-3.336611E-04	-1.245443E-04	+1.179695E-04	+3.436305E-04	+4.878319E-04	+4.716097E-04	+2.016431E-04	-4.297461E-04	-4.297461E-04	+2.016431E-04	+4.716097E-04	+4.878319E-04	+3.436305E-04	+1.179695E-04	-1.245443E-04	-3.336611E-04	-4.734882E-04	-5.224901E-04	-4.734882E-04	-3.336611E-04	-1.245443E-04	+1.179695E-04	+3.436305E-04	+4.878319E-04	+4.716097E-04	+2.016431E-04	-4.297461E-04	-4.297461E-04	+2.016431E-04	+4.716097E-04	+4.878319E-04	+3.436305E-04	+1.179695E-04	-1.245443E-04	-3.336611E-04	-4.734882E-04	-5.224901E-04
	A	+1.060679E-04	-1.126829E-04	-1.364727E-04	-6.586810E-05	+2.904288E-05	+1.042968E-04	+1.377004E-04	+1.244772E-04	+7.291246E-05	+0.000000E+00	-7.291246E-05	-1.244772E-04	-1.377004E-04	-1.042968E-04	-2.904288E-05	+6.586810E-05	+1.364727E-04	+1.126829E-04	-1.060679E-04	+1.060679E-04	-1.126829E-04	-1.364727E-04	-6.586810E-05	+2.904288E-05	+1.042968E-04	+1.377004E-04	+1.244772E-04	+7.291246E-05	+0.000000E+00	-7.291246E-05	-1.244772E-04	-1.377004E-04	-1.042968E-04	-2.904288E-05	+6.586810E-05	+1.364727E-04	+1.126829E-04	-1.060679E-04	+1.060679E-04	-1.126829E-04	-1.364727E-04	-6.586810E-05	+2.904288E-05	+1.042968E-04	+1.377004E-04	+1.244772E-04	+7.291246E-05	+0.000000E+00	-7.291246E-05	-1.244772E-04	-1.377004E-04	-1.042968E-04	-2.904288E-05	+6.586810E-05	+1.364727E-04	+1.126829E-04	-1.060679E-04	+1.060679E-04	-1.126829E-04	-1.364727E-04	-6.586810E-05	+2.904288E-05	+1.042968E-04	+1.377004E-04	+1.244772E-04	+7.291246E-05	+0.000000E+00	-7.291246E-05	-1.244772E-04	-1.377004E-04	-1.042968E-04	-2.904288E-05	+6.586810E-05	+1.364727E-04	+1.126829E-04	-1.060679E-04	+1.060679E-04	-1.126829E-04	-1.364727E-04	-6.586810E-05	+2.904288E-05	+1.042968E-04	+1.377004E-04	+1.244772E-04	+7.291246E-05	+0.000000E+00	-7.291246E-05	-1.244772E-04	-1.377004E-04	-1.042968E-04	-2.904288E-05	+6.586810E-05	+1.364727E-04	+1.126829E-04	-1.060679E-04	+1.060679E-04	-1.126829E-04	-1.364727E-04	-6.586810E-05	+2.904288E-05	+1.042968E-04	+1.377004E-04	+1.244772E-04	+7.291246E-05	+0.000000E+00	-7.291246E-05	-1.244772E-04	-1.377004E-04	-1.042968E-04	-2.904288E-05	+6.586810E-05	+1.364727E-04	+1.126829E-04	-1.060679E-04	+1.060679E-04	-1.126829E-04	-1.364727E-04	-6.586810E-05	+2.904288E-05	+1.042968E-04	+1.377004E-04	+1.244772E-04	+7.291246E-05	+0.000000E+00	-7.291246E-05	-1.244772E-04	-1.377004E-04	-1.042968E-04	-2.904288E-05	+6.586810E-05	+1.364727E-04	+1.126829E-04	-1.060679E-04	+1.060679E-04	-1.126829E-04	-1.364727E-04	-6.586810E-05	+2.904288E-05	+1.042968E-04	+1.377004E-04	+1.244772E-04	+7.291246E-05	+0.000000E+00	-7.291246E-05	-1.244772E-04	-1.377004E-04	-1.042968E-04	-2.904288E-05	+6.586810E-05	+1.364727E-04	+1.126829E-04	-1.060679E-04	+1.060679E-04	-1.126829E-04	-1.364727E-04	-6.586810E-05	+2.904288E-05	+1.042968E-04	+1.377004E-04	+1.244772E-04	+7.291246E-05	+0.000000E+00	-7.291246E-05	-1.244772E-04	-1.377004E-04	-1.042968E-04	-2.904288E-05	+6.586810E-05	+1.364727E-04	+1.126829E-04	-1.060679E-04	+1.060679E-04	-1.126829E-04	-1.364727E-04	-6.586810E-05	+2.904288E-05	+1.042968E-04	+1.377004E-04	+1.244772E-04	+7.291246E-05	+0.000000E+00
	S	+8.211709E-06	-9.124121E-07	-5.206116E-06	-6.078275E-06	-4.749910E-06	-2.254195E-06	+5.635486E-07	+3.045846E-06	+4.723074E-06	+5.313459E-06	+4.723074E-06	+3.045846E-06	+5.635486E-07	-2.254195E-06	-4.749910E-06	-6.078275E-06	-5.206116E-06	-9.124121E-07	+8.211709E-06	+8.211709E-06	-9.124121E-07	-5.206116E-06	-6.078275E-06	-4.749910E-06	-2.254195E-06	+5.635486E-07	+3.045846E-06	+4.723074E-06	+5.313459E-06	+4.723074E-06	+3.045846E-06	+5.635486E-07	-2.254195E-06	-4.749910E-06	-6.078275E-06	-5.206116E-06	-9.124121E-07	+8.211709E-06	+8.211709E-06	-9.124121E-07	-5.206116E-06	-6.078275E-06	-4.749910E-06	-2.254195E-06	+5.635486E-07	+3.045846E-06	+4.723074E-06	+5.313459E-06	+4.723074E-06	+3.045846E-06	+5.635486E-07	-2.254195E-06	-4.749910E-06	-6.078275E-06	-5.206116E-06	-9.124121E-07	+8.211709E-06	+8.211709E-06	-9.124121E-07	-5.206116E-06	-6.078275E-06	-4.749910E-06	-2.254195E-06	+5.635486E-07	+3.045846E-06	+4.723074E-06	+5.313459E-06	+4.723074E-06	+3.045846E-06	+5.635486E-07	-2.254195E-06	-4.749910E-06	-6.078275E-06	-5.206116E-06	-9.124121E-07	+8.211709E-06	+8.211709E-06	-9.124121E-07	-5.206116E-06	-6.078275E-06	-4.749910E-06	-2.254195E-06	+5.635486E-07	+3.045846E-06	+4.723074E-06	+5.313459E-06	+4.723074E-06	+3.045846E-06	+5.635486E-07	-2.254195E-06	-4.749910E-06	-6.078275E-06	-5.206116E-06	-9.124121E-07	+8.211709E-06	+8.211709E-06	-9.124121E-07	-5.206116E-06	-6.078275E-06	-4.749910E-06	-2.254195E-06	+5.635486E-07	+3.045846E-06	+4.723074E-06	+5.313459E-06	+4.723074E-06	+3.045846E-06	+5.635486E-07	-2.254195E-06	-4.749910E-06	-6.078275E-06	-5.206116E-06	-9.124121E-07	+8.211709E-06	+8.211709E-06	-9.124121E-07	-5.206116E-06	-6.078275E-06	-4.749910E-06	-2.254195E-06	+5.635486E-07	+3.045846E-06	+4.723074E-06	+5.313459E-06	+4.723074E-06	+3.045846E-06	+5.635486E-07	-2.254195E-06	-4.749910E-06	-6.078275E-06	-5.206116E-06	-9.124121E-07	+8.211709E-06	+8.211709E-06	-9.124121E-07	-5.206116E-06	-6.078275E-06	-4.749910E-06	-2.254195E-06	+5.635486E-07	+3.045846E-06	+4.723074E-06	+5.313459E-06	+4.723074E-06	+3.045846E-06	+5.635486E-07	-2.254195E-06	-4.749910E-06	-6.078275E-06	-5.206116E-06	-9.124121E-07	+8.211709E-06	+8.211709E-06	-9.124121E-07	-5.206116E-06	-6.078275E-06	-4.749910E-06	-2.254195E-06	+5.635486E-07	+3.045846E-06	+4.723074E-06	+5.313459E-06	+4.723074E-06	+3.045846E-06	+5.635486E-07	-2.254195E-06	-4.749910E-06	-6.078275E-06	-5.206116E-06	-9.124121E-07	+8.211709E-06	+8.211709E-06	-9.124121E-07	-5.206116E-06	-6.078275E-06	-4.749910E-06	-2.254195E-06	+5.635486E-07	+3.045846E-06	+4.723074E-06	+5.313459E-06
	A	-1.505480E-06	+1.003653E-06	+1.446442E-06	+8.560572E-07	-4.427882E-08	-7.970188E-07	-1.166009E-06	-1.092211E-06	-6.494227E-07	+0.000000E+00	+6.494227E-07	+1.092211E-06	+1.166009E-06	+7.970188E-07	+4.427882E-08	-8.560572E-07	-1.446442E-06	-1.003653E-06	+1.505480E-06	-1.505480E-06	+1.003653E-06	+1.446442E-06	+8.560572E-07	-4.427882E-08	-7.970188E-07	-1.166009E-06	-1.092211E-06	-6.494227E-07	+0.000000E+00	+6.494227E-07	+1.092211E-06	+1.166009E-06	+7.970188E-07	+4.427882E-08	-8.560572E-07	-1.446442E-06	-1.003653E-06	+1.505480E-06	-1.505480E-06	+1.003653E-06	+1.446442E-06	+8.560572E-07	-4.427882E-08	-7.970188E-07	-1.166009E-06	-1.092211E-06	-6.494227E-07	+0.000000E+00	+6.494227E-07	+1.092211E-06	+1.166009E-06	+7.970188E-07	+4.427882E-08	-8.560572E-07	-1.446442E-06	-1.003653E-06	+1.505480E-06	-1.505480E-06	+1.003653E-06	+1.446442E-06	+8.560572E-07	-4.427882E-08	-7.970188E-07	-1.166009E-06	-1.092211E-06	-6.494227E-07	+0.000000E+00	+6.494227E-07	+1.092211E-06	+1.166009E-06	+7.970188E-07	+4.427882E-08	-8.560572E-07	-1.446442E-06	-1.003653E-06	+1.505480E-06	-1.505480E-06	+1.003653E-06	+1.446442E-06	+8.560572E-07	-4.427882E-08	-7.970188E-07	-1.166009E-06	-1.092211E-06	-6.494227E-07	+0.000000E+00	+6.494227E-07	+1.092211E-06	+1.166009E-06	+7.970188E-07	+4.427882E-08	-8.560572E-07	-1.446442E-06	-1.003653E-06	+1.505480E-06	-1.505480E-06	+1.003653E-06	+1.446442E-06	+8.560572E-07	-4.427882E-08	-7.970188E-07	-1.166009E-06	-1.092211E-06	-6.494227E-07	+0.000000E+00	+6.494227E-07	+1.092211E-06	+1.166009E-06	+7.970188E-07	+4.427882E-08	-8.560572E-07	-1.446442E-06	-1.003653E-06	+1.505480E-06	-1.505480E-06	+1.003653E-06	+1.446442E-06	+8.560572E-07	-4.427882E-08	-7.970188E-07	-1.166009E-06	-1.092211E-06	-6.494227E-07	+0.000000E+00	+6.494227E-07	+1.092211E-06	+1.166009E-06	+7.970188E-07	+4.427882E-08	-8.560572E-07	-1.446442E-06	-1.003653E-06	+1.505480E-06	-1.505480E-06	+1.003653E-06	+1.446442E-06	+8.560572E-07	-4.427882E-08	-7.970188E-07	-1.166009E-06	-1.092211E-06	-6.494227E-07	+0.000000E+00	+6.494227E-07	+1.092211E-06	+1.166009E-06	+7.970188E-07	+4.427882E-08	-8.560572E-07	-1.446442E-06	-1.003653E-06	+1.505480E-06	-1.505480E-06	+1.003653E-06	+1.446442E-06	+8.560572E-07	-4.427882E-08	-7.970188E-07	-1.166009E-06	-1.092211E-06	-6.494227E-07	+0.000000E+00	+6.494227E-07	+1.092211E-06	+1.166009E-06	+7.970188E-07	+4.427882E-08	-8.560572E-07	-1.446442E-06	-1.003653E-06	+1.505480E-06	-1.505480E-06	+1.003653E-06	+1.446442E-06	+8.560572E-07	-4.427882E-08	-7.970188E-07	-1.166009E-06	-1.092211E-06	-6.494227E-07	+0.000000E+00
	A	-7.226304E-04	+5.419728E-04	+8.926611E-04	+6.163612E-04	-3.825690E-05	-8.607803E-04	-1.679053E-03	-2.359176E-03	-2.805506E-03	-2.960659E-03	-2.805506E-03	-2.359176E-03	-1.679053E-03	-8.607803E-04	-3.825690E-05	+6.163612E-04	+8.926611E-04	+5.419728E-04	-7.226304E-04	-6.423381E-04	+4.817536E-04	+7.934765E-04	+5.478766E-04	-3.400614E-05	-7.651380E-04	-1.492491E-03	-2.097045E-03	-2.493783E-03	-2.631697E-03	-2.493783E-03	-2.097045E-03	-1.492491E-03	-7.651380E-04	-3.400614E-05	+5.478766E-04	+7.934765E-04	+4.817536E-04	-6.423381E-04	-5.620458E-04	+4.215344E-04	+6.942919E-04	+4.793920E-04	-2.975537E-05	-6.694958E-04	-1.305930E-03	-1.834914E-03	-2.182060E-03	-2.302735E-03	-2.182060E-03	-1.834914E-03	-1.305930E-03	-6.694958E-04	-2.975537E-05	+4.793920E-04	+6.942919E-04	+4.215344E-04	-5.620458E-04	-4.817536E-04	+3.613152E-04	+5.951074E-04	+4.109075E-04	-2.550460E-05	-5.738535E-04	-1.119369E-03	-1.572784E-03	-1.870337E-03	-1.973773E-03	-1.870337E-03	-1.572784E-03	-1.119369E-03	-5.738535E-04	-2.550460E-05	+4.109075E-04	+5.951074E-04	+3.613152E-04	-4.817536E-04	-4.014613E-04	+3.010960E-04	+4.959228E-04	+3.424229E-04	-2.125383E-05	-4.782113E-04	-9.328072E-04	-1.310653E-03	-1.558615E-03	-1.644811E-03	-1.558615E-03	-1.310653E-03	-9.328072E-04	-4.782113E-04	-2.125383E-05	+3.424229E-04	+4.959228E-04	+3.010960E-04	-4.014613E-04	-3.211691E-04	+2.408768E-04	+3.967382E-04	+2.739383E-04	-1.700307E-05	-3.825690E-04	-7.462457E-04	-1.048523E-03	-1.246892E-03	-1.315849E-03	-1.246892E-03	-1.048523E-03	-7.462457E-04	-3.825690E-04	-1.700307E-05	+2.739383E-04	+3.967382E-04	+2.408768E-04	-3.211691E-04	-2.408768E-04	+1.806576E-04	+2.975537E-04	+2.054537E-04	-1.275230E-05	-2.869268E-04	-5.596843E-04	-7.863919E-04	-9.351687E-04	-9.868864E-04	-9.351687E-04	-7.863919E-04	-5.596843E-04	-2.869268E-04	-1.275230E-05	+2.054537E-04	+2.975537E-04	+1.806576E-04	-2.408768E-04	-1.605845E-04	+1.204384E-04	+1.983691E-04	+1.369692E-04	-8.501534E-06	-1.912845E-04	-3.731229E-04	-5.242613E-04	-6.234458E-04	-6.579243E-04	-6.234458E-04	-5.242613E-04	-3.731229E-04	-1.912845E-04	-8.501534E-06	+1.369692E-04	+1.983691E-04	+1.204384E-04	-1.605845E-04	-8.029226E-05	+6.021920E-05	+9.918456E-05	+6.848458E-05	-4.250767E-06	-9.564226E-05	-1.865614E-04	-2.621306E-04	-3.117229E-04	-3.289621E-04	-3.117229E-04	-2.621306E-04	-1.865614E-04	-9.564226E-05	-4.250767E-06	+6.848458E-05	+9.918456E-05	+6.021920E-05	-8.029226E-05	+0.000000E+00	+0.000000E+00	+0.000000E+00	+0.000000E+00	+0.000000E+00	+0.000000E+00	+0.000000E+00	+0.000000E+00	+0.000000E+00	+0.000000E+00
	S	+4.107497E-04	-5.634327E-04	-5.190734E-04	-1.525285E-05	+5.616535E-04	+9.733033E-04	+1.104715E-03	+9.395950E-04	+5.356675E-04	+0.000000E+00	-5.356675E-04	-9.395950E-04	-1.104715E-03	-9.733033E-04	-5.616535E-04	+1.525285E-05	+5.190734E-04	+5.634327E-04	-4.107497E-04	+3.651108E-04	-5.008291E-04	-4.613986E-04	-1.355809E-05	+4.992476E-04	+8.651584E-04	+9.819687E-04	+8.351955E-04	+4.761489E-04	+0.000000E+00	-4.761489E-04	-8.351955E-04	-9.819687E-04	-8.651584E-04	-4.992476E-04	+1.355809E-05	+4.613986E-04	+5.008291E-04	-3.651108E-04	+3.194720E-04	-4.382254E-04	-4.037237E-04	-1.186333E-05	+4.368416E-04	+7.570136E-04	+8.592226E-04	+7.307961E-04	+4.166303E-04	+0.000000E+00	-4.166303E-04	-7.307961E-04	-8.592226E-04	-7.570136E-04	-4.368416E-04	+1.186333E-05	+4.037237E-04	+4.382254E-04	-3.194720E-04	+2.738331E-04	-3.756218E-04	-3.460489E-04	-1.016856E-05	+3.744357E-04	+6.488688E-04	+7.364765E-04	+6.263967E-04	+3.571117E-04	+0.000000E+00	-3.571117E-04	-6.263967E-04	-7.364765E-04	-6.488688E-04	-3.744357E-04	+1.016856E-05	+3.460489E-04	+3.756218E-04	-2.738331E-04	+2.281943E-04	-3.130182E-04	-2.883741E-04	-8.473804E-06	+3.120297E-04	+5.407240E-04	+6.137304E-04	+5.219972E-04	+2.975930E-04	+0.000000E+00	-2.975930E-04	-5.219972E-04	-6.137304E-04	-5.407240E-04	-3.120297E-04	+8.473804E-06	+2.883741E-04	+3.130182E-04	-2.281943E-04	+1.825554E-04	-2.504145E-04	-2.306993E-04	-6.779043E-06	+2.496238E-04	+4.325792E-04	+4.909843E-04	+4.175978E-04	+2.380744E-04	+0.000000E+00	-2.380744E-04	-4.175978E-04	-4.909843E-04	-4.325792E-04	-2.496238E-04	+6.779043E-06	+2.306993E-04	+2.504145E-04	-1.825554E-04	+1.369166E-04	-1.878109E-04	-1.730245E-04	-5.084282E-06	+1.872178E-04	+3.244344E-04	+3.682382E-04	+3.131983E-04	+1.785558E-04	+0.000000E+00	-1.785558E-04	-3.131983E-04	-3.682382E-04	-3.244344E-04	-1.872178E-04	+5.084282E-06	+1.730245E-04	+1.878109E-04	-1.369166E-04	+9.127771E-05	-1.252073E-04	-1.153496E-04	-3.389521E-06	+1.248119E-04	+2.162896E-04	+2.454922E-04	+2.087989E-04	+1.190372E-04	+0.000000E+00	-1.190372E-04	-2.087989E-04	-2.454922E-04	-2.162896E-04	-1.248119E-04	+3.389521E-06	+1.153496E-04	+1.252073E-04	-9.127771E-05	+4.563885E-05	-6.260363E-05	-5.767482E-05	-1.694761E-06	+6.240595E-05	+1.081448E-04	+1.227461E-04	+1.043994E-04	+5.951861E-05	+0.000000E+00	-5.951861E-05	-1.043994E-04	-1.227461E-04	-1.081448E-04	-6.240595E-05	+1.694761E-06	+5.767482E-05	+6.260363E-05	-4.563885E-05	+0.000000E+00	+0.000000E+00	+0.000000E+00	+0.000000E+00	+0.000000E+00	+0.000000E+00	+0.000000E+00	+0.000000E+00	+0.000000E+00	+0.000000E+00
	A	+1.289238E-04	-6.049292E-05	-1.414829E-04	-1.463496E-04	-1.030891E-04	-3.539085E-05	+3.736328E-05	+1.000983E-04	+1.420465E-04	+1.567470E-04	+1.420465E-04	+1.000983E-04	+3.736328E-05	-3.539085E-05	-1.030891E-04	-1.463496E-04	-1.414829E-04	-6.049292E-05	+1.289238E-04	+1.145990E-04	-5.377149E-05	-1.257626E-04	-1.300885E-04	-9.163480E-05	-3.145854E-05	+3.321180E-05	+8.897628E-05	+1.262635E-04	+1.393307E-04	+1.262635E-04	+8.897628E-05	+3.321180E-05	-3.145854E-05	-9.163480E-05	-1.300885E-04	-1.257626E-04	-5.377149E-05	+1.145990E-04	+1.002741E-04	-4.705005E-05	-1.100423E-04	-1.138274E-04	-8.018045E-05	-2.752622E-05	+2.906033E-05	+7.785425E-05	+1.104806E-04	+1.219144E-04	+1.104806E-04	+7.785425E-05	+2.906033E-05	-2.752622E-05	-8.018045E-05	-1.138274E-04	-1.100423E-04	-4.705005E-05	+1.002741E-04	+8.594922E-05	-4.032861E-05	-9.432194E-05	-9.756637E-05	-6.872610E-05	-2.359390E-05	+2.490885E-05	+6.673221E-05	+9.469764E-05	+1.044980E-04	+9.469764E-05	+6.673221E-05	+2.490885E-05	-2.359390E-05	-6.872610E-05	-9.756637E-05	-9.432194E-05	-4.032861E-05	+8.594922E-05	+7.162435E-05	-3.360718E-05	-7.860162E-05	-8.130531E-05	-5.727175E-05	-1.966159E-05	+2.075738E-05	+5.561018E-05	+7.891470E-05	+8.708168E-05	+7.891470E-05	+5.561018E-05	+2.075738E-05	-1.966159E-05	-5.727175E-05	-8.130531E-05	-7.860162E-05	-3.360718E-05	+7.162435E-05	+5.729948E-05	-2.688574E-05	-6.288129E-05	-6.504425E-05	-4.581740E-05	-1.572927E-05	+1.660590E-05	+4.448814E-05	+6.313176E-05	+6.966535E-05	+6.313176E-05	+4.448814E-05	+1.660590E-05	-1.572927E-05	-4.581740E-05	-6.504425E-05	-6.288129E-05	-2.688574E-05	+5.729948E-05	+4.297461E-05	-2.016431E-05	-4.716097E-05	-4.878319E-05	-3.436305E-05	-1.179695E-05	+1.245443E-05	+3.336611E-05	+4.734882E-05	+5.224901E-05	+4.734882E-05	+3.336611E-05	+1.245443E-05	-1.179695E-05	-3.436305E-05	-4.878319E-05	-4.716097E-05	-2.016431E-05	+4.297461E-05	+2.864974E-05	-1.344287E-05	-3.144065E-05	-3.252212E-05	-2.290870E-05	-7.864634E-06	+8.302950E-06	+2.224407E-05	+3.156588E-05	+3.483267E-05	+3.156588E-05	+2.224407E-05	+8.302950E-06	-7.864634E-06	-2.290870E-05	-3.252212E-05	-3.144065E-05	-1.344287E-05	+2.864974E-05	+1.432487E-05	-6.721436E-06	-1.572032E-05	-1.626106E-05	-1.145435E-05	-3.932317E-06	+4.151475E-06	+1.112204E-05	+1.578294E-05	+1.741634E-05	+1.578294E-05	+1.112204E-05	+4.151475E-06	-3.932317E-06	-1.145435E-05	-1.626106E-05	-1.572032E-05	-6.721436E-06	+1.432487E-05	+0.000000E+00	+0.000000E+00	+0.000000E+00	+0.000000E+00	+0.000000E+00	+0.000000E+00	+0.000000E+00	+0.000000E+00	+0.000000E+00	+0.000000E+00
	S	-3.182037E-05	+3.380487E-05	+4.094181E-05	+1.976043E-05	-8.712865E-06	-3.128903E-05	-4.131013E-05	-3.734315E-05	-2.187374E-05	+0.000000E+00	+2.187374E-05	+3.734315E-05	+4.131013E-05	+3.128903E-05	+8.712865E-06	-1.976043E-05	-4.094181E-05	-3.380487E-05	+3.182037E-05	-2.828477E-05	+3.004877E-05	+3.639272E-05	+1.756483E-05	-7.744768E-06	-2.781247E-05	-3.672011E-05	-3.319391E-05	-1.944332E-05	+0.000000E+00	+1.944332E-05	+3.319391E-05	+3.672011E-05	+2.781247E-05	+7.744768E-06	-1.756483E-05	-3.639272E-05	-3.004877E-05	+2.828477E-05	-2.474918E-05	+2.629268E-05	+3.184363E-05	+1.536922E-05	-6.776672E-06	-2.433591E-05	-3.213010E-05	-2.904467E-05	-1.701291E-05	+0.000000E+00	+1.701291E-05	+2.904467E-05	+3.213010E-05	+2.433591E-05	+6.776672E-06	-1.536922E-05	-3.184363E-05	-2.629268E-05	+2.474918E-05	-2.121358E-05	+2.253658E-05	+2.729454E-05	+1.317362E-05	-5.808576E-06	-2.085935E-05	-2.754009E-05	-2.489543E-05	-1.458249E-05	+0.000000E+00	+1.458249E-05	+2.489543E-05	+2.754009E-05	+2.085935E-05	+5.808576E-06	-1.317362E-05	-2.729454E-05	-2.253658E-05	+2.121358E-05	-1.767798E-05	+1.878048E-05	+2.274545E-05	+1.097802E-05	-4.840480E-06	-1.738279E-05	-2.295007E-05	-2.074619E-05	-1.215208E-05	+0.000000E+00	+1.215208E-05	+2.074619E-05	+2.295007E-05	+1.738279E-05	+4.840480E-06	-1.097802E-05	-2.274545E-05	-1.878048E-05	+1.767798E-05	-1.414239E-05	+1.502439E-05	+1.819636E-05	+8.782414E-06	-3.872384E-06	-1.390623E-05	-1.836006E-05	-1.659695E-05	-9.721661E-06	+0.000000E+00	+9.721661E-06	+1.659695E-05	+1.836006E-05	+1.390623E-05	+3.872384E-06	-8.782414E-06	-1.819636E-05	-1.502439E-05	+1.414239E-05	-1.060679E-05	+1.126829E-05	+1.364727E-05	+6.586810E-06	-2.904288E-06	-1.042968E-05	-1.377004E-05	-1.244772E-05	-7.291246E-06	+0.000000E+00	+7.291246E-06	+1.244772E-05	+1.377004E-05	+1.042968E-05	+2.904288E-06	-6.586810E-06	-1.364727E-05	-1.126829E-05	+1.060679E-05	-7.071194E-06	+7.512193E-06	+9.098180E-06	+4.391207E-06	-1.936192E-06	-6.953117E-06	-9.180028E-06	-8.298477E-06	-4.860831E-06	+0.000000E+00	+4.860831E-06	+8.298477E-06	+9.180028E-06	+6.953117E-06	+1.936192E-06	-4.391207E-06	-9.098180E-06	-7.512193E-06	+7.071194E-06	-3.535597E-06	+3.756096E-06	+4.549090E-06	+2.195603E-06	-9.680961E-07	-3.476558E-06	-4.590014E-06	-4.149239E-06	-2.430415E-06	+0.000000E+00	+2.430415E-06	+4.149239E-06	+4.590014E-06	+3.476558E-06	+9.680961E-07	-2.195603E-06	-4.549090E-06	-3.756096E-06	+3.535597E-06	+0.000000E+00	+0.000000E+00	+0.000000E+00	+0.000000E+00	+0.000000E+00	+0.000000E+00	+0.000000E+00	+0.000000E+00	+0.000000E+00	+0.000000E+00
	A	-2.463513E-06	+2.737236E-07	+1.561835E-06	+1.823482E-06	+1.424973E-06	+6.762584E-07	-1.690646E-07	-9.137539E-07	-1.416922E-06	-1.594038E-06	-1.416922E-06	-9.137539E-07	-1.690646E-07	+6.762584E-07	+1.424973E-06	+1.823482E-06	+1.561835E-06	+2.737236E-07	-2.463513E-06	-2.189789E-06	+2.433099E-07	+1.388298E-06	+1.620873E-06	+1.266643E-06	+6.011186E-07	-1.502796E-07	-8.122257E-07	-1.259486E-06	-1.416922E-06	-1.259486E-06	-8.122257E-07	-1.502796E-07	+6.011186E-07	+1.266643E-06	+1.620873E-06	+1.388298E-06	+2.433099E-07	-2.189789E-06	-1.916065E-06	+2.128962E-07	+1.214760E-06	+1.418264E-06	+1.108312E-06	+5.259787E-07	-1.314947E-07	-7.106975E-07	-1.102051E-06	-1.239807E-06	-1.102051E-06	-7.106975E-07	-1.314947E-07	+5.259787E-07	+1.108312E-06	+1.418264E-06	+1.214760E-06	+2.128962E-07	-1.916065E-06	-1.642342E-06	+1.824824E-07	+1.041223E-06	+1.215655E-06	+9.499820E-07	+4.508389E-07	-1.127097E-07	-6.091692E-07	-9.446149E-07	-1.062692E-06	-9.446149E-07	-6.091692E-07	-1.127097E-07	+4.508389E-07	+9.499820E-07	+1.215655E-06	+1.041223E-06	+1.824824E-07	-1.642342E-06	-1.368618E-06	+1.520687E-07	+8.676860E-07	+1.013046E-06	+7.916517E-07	+3.756991E-07	-9.392477E-08	-5.076410E-07	-7.871791E-07	-8.855764E-07	-7.871791E-07	-5.076410E-07	-9.392477E-08	+3.756991E-07	+7.916517E-07	+1.013046E-06	+8.676860E-07	+1.520687E-07	-1.368618E-06	-1.094895E-06	+1.216549E-07	+6.941488E-07	+8.104366E-07	+6.333213E-07	+3.005593E-07	-7.513982E-08	-4.061128E-07	-6.297432E-07	-7.084612E-07	-6.297432E-07	-4.061128E-07	-7.513982E-08	+3.005593E-07	+6.333213E-07	+8.104366E-07	+6.941488E-07	+1.216549E-07	-1.094895E-06	-8.211709E-07	+9.124121E-08	+5.206116E-07	+6.078275E-07	+4.749910E-07	+2.254195E-07	-5.635486E-08	-3.045846E-07	-4.723074E-07	-5.313459E-07	-4.723074E-07	-3.045846E-07	-5.635486E-08	+2.254195E-07	+4.749910E-07	+6.078275E-07	+5.206116E-07	+9.124121E-08	-8.211709E-07	-5.474473E-07	+6.082747E-08	+3.470744E-07	+4.052183E-07	+3.166607E-07	+1.502796E-07	-3.756991E-08	-2.030564E-07	-3.148716E-07	-3.542306E-07	-3.148716E-07	-2.030564E-07	-3.756991E-08	+1.502796E-07	+3.166607E-07	+4.052183E-07	+3.470744E-07	+6.082747E-08	-5.474473E-07	-2.737236E-07	+3.041374E-08	+1.735372E-07	+2.026092E-07	+1.583303E-07	+7.513982E-08	-1.878495E-08	-1.015282E-07	-1.574358E-07	-1.771153E-07	-1.574358E-07	-1.015282E-07	-1.878495E-08	+7.513982E-08	+1.583303E-07	+2.026092E-07	+1.735372E-07	+3.041374E-08	-2.737236E-07	+0.000000E+00	+0.000000E+00	+0.000000E+00	+0.000000E+00	+0.000000E+00	+0.000000E+00	+0.000000E+00	+0.000000E+00	+0.000000E+00	+0.000000E+00
	S	+4.516440E-07	-3.010960E-07	-4.339325E-07	-2.568172E-07	+1.328365E-08	+2.391056E-07	+3.498027E-07	+3.276633E-07	+1.948268E-07	+0.000000E+00	-1.948268E-07	-3.276633E-07	-3.498027E-07	-2.391056E-07	-1.328365E-08	+2.568172E-07	+4.339325E-07	+3.010960E-07	-4.516440E-07	+4.014613E-07	-2.676409E-07	-3.857177E-07	-2.282819E-07	+1.180769E-08	+2.125383E-07	+3.109357E-07	+2.912563E-07	+1.731794E-07	+0.000000E+00	-1.731794E-07	-2.912563E-07	-3.109357E-07	-2.125383E-07	-1.180769E-08	+2.282819E-07	+3.857177E-07	+2.676409E-07	-4.014613E-07	+3.512787E-07	-2.341858E-07	-3.375030E-07	-1.997467E-07	+1.033173E-08	+1.859711E-07	+2.720688E-07	+2.548492E-07	+1.515320E-07	+0.000000E+00	-1.515320E-07	-2.548492E-07	-2.720688E-07	-1.859711E-07	-1.033173E-08	+1.997467E-07	+3.375030E-07	+2.341858E-07	-3.512787E-07	+3.010960E-07	-2.007307E-07	-2.892883E-07	-1.712114E-07	+8.855764E-09	+1.594038E-07	+2.332018E-07	+2.184422E-07	+1.298845E-07	+0.000000E+00	-1.298845E-07	-2.184422E-07	-2.332018E-07	-1.594038E-07	-8.855764E-09	+1.712114E-07	+2.892883E-07	+2.007307E-07	-3.010960E-07	+2.509133E-07	-1.672755E-07	-2.410736E-07	-1.426762E-07	+7.379804E-09	+1.328365E-07	+1.943348E-07	+1.820352E-07	+1.082371E-07	+0.000000E+00	-1.082371E-07	-1.820352E-07	-1.943348E-07	-1.328365E-07	-7.379804E-09	+1.426762E-07	+2.410736E-07	+1.672755E-07	-2.509133E-07	+2.007307E-07	-1.338204E-07	-1.928589E-07	-1.141410E-07	+5.903843E-09	+1.062692E-07	+1.554679E-07	+1.456281E-07	+8.658970E-08	+0.000000E+00	-8.658970E-08	-1.456281E-07	-1.554679E-07	-1.062692E-07	-5.903843E-09	+1.141410E-07	+1.928589E-07	+1.338204E-07	-2.007307E-07	+1.505480E-07	-1.003653E-07	-1.446442E-07	-8.560572E-08	+4.427882E-09	+7.970188E-08	+1.166009E-07	+1.092211E-07	+6.494227E-08	+0.000000E+00	-6.494227E-08	-1.092211E-07	-1.166009E-07	-7.970188E-08	-4.427882E-09	+8.560572E-08	+1.446442E-07	+1.003653E-07	-1.505480E-07	+1.003653E-07	-6.691022E-08	-9.642943E-08	-5.707048E-08	+2.951921E-09	+5.313459E-08	+7.773393E-08	+7.281406E-08	+4.329485E-08	+0.000000E+00	-4.329485E-08	-7.281406E-08	-7.773393E-08	-5.313459E-08	-2.951921E-09	+5.707048E-08	+9.642943E-08	+6.691022E-08	-1.003653E-07	+5.018266E-08	-3.345511E-08	-4.821472E-08	-2.853524E-08	+1.475961E-09	+2.656729E-08	+3.886697E-08	+3.640703E-08	+2.164742E-08	+0.000000E+00	-2.164742E-08	-3.640703E-08	-3.886697E-08	-2.656729E-08	-1.475961E-09	+2.853524E-08	+4.821472E-08	+3.345511E-08	-5.018266E-08	+0.000000E+00	+0.000000E+00	+0.000000E+00	+0.000000E+00	+0.000000E+00	+0.000000E+00	+0.000000E+00	+0.000000E+00	+0.000000E+00	+0.000000E+00
# Matrix ends.
#
#
# ---------------------------------- LICENSE NOTICE -----------------------------------
# THIS DATA IS RELEASED UNDER THE CREATIVE COMMONS LICENSE "CC BY-NC-SA 4.0".
#   This license lets you remix, tweak, and build upon this work non-commercially,
#   as long as you credit me and license your new creations under the terms identical
#   to the current license.
# SEE "https://creativecommons.org/licenses/by-nc-sa/4.0" FOR DETAILS.
#
# RELEASED BY: Chandra Shekhar
#      E-mail: chandraiitk[AT]yahoo[DOT]co[DOT]in
#    Homepage: https://sites.google.com/site/chandraacads
# FOR ANY QUESTION OR COMMENT, OR FOR A COMMERCIAL LICENSE, PLEASE EMAIL ME.
#
# For additional details, please visit my homepage.
#
# ==================================== End of File ====================================
