# ================================== Start of File ====================================
# Spatial dimensions = 2
# Kernel size = 23x23
# Polynomial order = 3x3
# Size of the convolution coefficient matrix = 16x529
#
# Column# 1:
#    S/A => The left and the right halves of the row are symmetric(S)/anti-symmetric(A) about the middle column.
#           If symmetric elements on the right half, their signs are same as the corresponding elements on the left side.
#           If anti-symmetric elements, the signs are opposite.
# Column# 2~265 = the left-half columns of the row.
# Column# 266 = the middle column of the row.
# Column# 267~530, which are the right-half columns, are not stored, because they are symmetric/anti-symmetric
#           of the elements in the column# 265~2, respectively.
# Matrix starts:
	S	+2.722117E-03	+1.361059E-03	+1.296246E-04	-9.721847E-04	-1.944369E-03	-2.786930E-03	-3.499865E-03	-4.083176E-03	-4.536862E-03	-4.860924E-03	-5.055361E-03	-5.120173E-03	-5.055361E-03	-4.860924E-03	-4.536862E-03	-4.083176E-03	-3.499865E-03	-2.786930E-03	-1.944369E-03	-9.721847E-04	+1.296246E-04	+1.361059E-03	+2.722117E-03	+1.361059E-03	+6.805293E-04	+6.481231E-05	-4.860924E-04	-9.721847E-04	-1.393465E-03	-1.749932E-03	-2.041588E-03	-2.268431E-03	-2.430462E-03	-2.527680E-03	-2.560086E-03	-2.527680E-03	-2.430462E-03	-2.268431E-03	-2.041588E-03	-1.749932E-03	-1.393465E-03	-9.721847E-04	-4.860924E-04	+6.481231E-05	+6.805293E-04	+1.361059E-03	+1.296246E-04	+6.481231E-05	+6.172601E-06	-4.629451E-05	-9.258902E-05	-1.327109E-04	-1.666602E-04	-1.944369E-04	-2.160410E-04	-2.314726E-04	-2.407315E-04	-2.438178E-04	-2.407315E-04	-2.314726E-04	-2.160410E-04	-1.944369E-04	-1.666602E-04	-1.327109E-04	-9.258902E-05	-4.629451E-05	+6.172601E-06	+6.481231E-05	+1.296246E-04	-9.721847E-04	-4.860924E-04	-4.629451E-05	+3.472088E-04	+6.944177E-04	+9.953320E-04	+1.249952E-03	+1.458277E-03	+1.620308E-03	+1.736044E-03	+1.805486E-03	+1.828633E-03	+1.805486E-03	+1.736044E-03	+1.620308E-03	+1.458277E-03	+1.249952E-03	+9.953320E-04	+6.944177E-04	+3.472088E-04	-4.629451E-05	-4.860924E-04	-9.721847E-04	-1.944369E-03	-9.721847E-04	-9.258902E-05	+6.944177E-04	+1.388835E-03	+1.990664E-03	+2.499904E-03	+2.916554E-03	+3.240616E-03	+3.472088E-03	+3.610972E-03	+3.657266E-03	+3.610972E-03	+3.472088E-03	+3.240616E-03	+2.916554E-03	+2.499904E-03	+1.990664E-03	+1.388835E-03	+6.944177E-04	-9.258902E-05	-9.721847E-04	-1.944369E-03	-2.786930E-03	-1.393465E-03	-1.327109E-04	+9.953320E-04	+1.990664E-03	+2.853285E-03	+3.583195E-03	+4.180394E-03	+4.644883E-03	+4.976660E-03	+5.175726E-03	+5.242082E-03	+5.175726E-03	+4.976660E-03	+4.644883E-03	+4.180394E-03	+3.583195E-03	+2.853285E-03	+1.990664E-03	+9.953320E-04	-1.327109E-04	-1.393465E-03	-2.786930E-03	-3.499865E-03	-1.749932E-03	-1.666602E-04	+1.249952E-03	+2.499904E-03	+3.583195E-03	+4.499826E-03	+5.249797E-03	+5.833108E-03	+6.249759E-03	+6.499749E-03	+6.583079E-03	+6.499749E-03	+6.249759E-03	+5.833108E-03	+5.249797E-03	+4.499826E-03	+3.583195E-03	+2.499904E-03	+1.249952E-03	-1.666602E-04	-1.749932E-03	-3.499865E-03	-4.083176E-03	-2.041588E-03	-1.944369E-04	+1.458277E-03	+2.916554E-03	+4.180394E-03	+5.249797E-03	+6.124764E-03	+6.805293E-03	+7.291385E-03	+7.583041E-03	+7.680259E-03	+7.583041E-03	+7.291385E-03	+6.805293E-03	+6.124764E-03	+5.249797E-03	+4.180394E-03	+2.916554E-03	+1.458277E-03	-1.944369E-04	-2.041588E-03	-4.083176E-03	-4.536862E-03	-2.268431E-03	-2.160410E-04	+1.620308E-03	+3.240616E-03	+4.644883E-03	+5.833108E-03	+6.805293E-03	+7.561437E-03	+8.101539E-03	+8.425601E-03	+8.533621E-03	+8.425601E-03	+8.101539E-03	+7.561437E-03	+6.805293E-03	+5.833108E-03	+4.644883E-03	+3.240616E-03	+1.620308E-03	-2.160410E-04	-2.268431E-03	-4.536862E-03	-4.860924E-03	-2.430462E-03	-2.314726E-04	+1.736044E-03	+3.472088E-03	+4.976660E-03	+6.249759E-03	+7.291385E-03	+8.101539E-03	+8.680221E-03	+9.027429E-03	+9.143166E-03	+9.027429E-03	+8.680221E-03	+8.101539E-03	+7.291385E-03	+6.249759E-03	+4.976660E-03	+3.472088E-03	+1.736044E-03	-2.314726E-04	-2.430462E-03	-4.860924E-03	-5.055361E-03	-2.527680E-03	-2.407315E-04	+1.805486E-03	+3.610972E-03	+5.175726E-03	+6.499749E-03	+7.583041E-03	+8.425601E-03	+9.027429E-03	+9.388527E-03	+9.508892E-03	+9.388527E-03	+9.027429E-03	+8.425601E-03	+7.583041E-03	+6.499749E-03	+5.175726E-03	+3.610972E-03	+1.805486E-03	-2.407315E-04	-2.527680E-03	-5.055361E-03	-5.120173E-03	-2.560086E-03	-2.438178E-04	+1.828633E-03	+3.657266E-03	+5.242082E-03	+6.583079E-03	+7.680259E-03	+8.533621E-03	+9.143166E-03	+9.508892E-03	+9.630801E-03
	A	-1.041152E-03	-2.154745E-04	+4.013378E-04	+8.301717E-04	+1.091914E-03	+1.207450E-03	+1.197668E-03	+1.083453E-03	+8.856928E-04	+6.252726E-04	+3.230796E-04	+0.000000E+00	-3.230796E-04	-6.252726E-04	-8.856928E-04	-1.083453E-03	-1.197668E-03	-1.207450E-03	-1.091914E-03	-8.301717E-04	-4.013378E-04	+2.154745E-04	+1.041152E-03	-5.205758E-04	-1.077373E-04	+2.006689E-04	+4.150859E-04	+5.459569E-04	+6.037252E-04	+5.988341E-04	+5.417267E-04	+4.428464E-04	+3.126363E-04	+1.615398E-04	+0.000000E+00	-1.615398E-04	-3.126363E-04	-4.428464E-04	-5.417267E-04	-5.988341E-04	-6.037252E-04	-5.459569E-04	-4.150859E-04	-2.006689E-04	+1.077373E-04	+5.205758E-04	-4.957865E-05	-1.026069E-05	+1.911132E-05	+3.953199E-05	+5.199589E-05	+5.749764E-05	+5.703182E-05	+5.159302E-05	+4.217585E-05	+2.977489E-05	+1.538474E-05	+0.000000E+00	-1.538474E-05	-2.977489E-05	-4.217585E-05	-5.159302E-05	-5.703182E-05	-5.749764E-05	-5.199589E-05	-3.953199E-05	-1.911132E-05	+1.026069E-05	+4.957865E-05	+3.718399E-04	+7.695518E-05	-1.433349E-04	-2.964899E-04	-3.899692E-04	-4.312323E-04	-4.277386E-04	-3.869476E-04	-3.163188E-04	-2.233117E-04	-1.153856E-04	+0.000000E+00	+1.153856E-04	+2.233117E-04	+3.163188E-04	+3.869476E-04	+4.277386E-04	+4.312323E-04	+3.899692E-04	+2.964899E-04	+1.433349E-04	-7.695518E-05	-3.718399E-04	+7.436798E-04	+1.539104E-04	-2.866699E-04	-5.929798E-04	-7.799384E-04	-8.624646E-04	-8.554772E-04	-7.738953E-04	-6.326377E-04	-4.466233E-04	-2.307711E-04	+0.000000E+00	+2.307711E-04	+4.466233E-04	+6.326377E-04	+7.738953E-04	+8.554772E-04	+8.624646E-04	+7.799384E-04	+5.929798E-04	+2.866699E-04	-1.539104E-04	-7.436798E-04	+1.065941E-03	+2.206049E-04	-4.108935E-04	-8.499377E-04	-1.117912E-03	-1.236199E-03	-1.226184E-03	-1.109250E-03	-9.067807E-04	-6.401601E-04	-3.307719E-04	+0.000000E+00	+3.307719E-04	+6.401601E-04	+9.067807E-04	+1.109250E-03	+1.226184E-03	+1.236199E-03	+1.117912E-03	+8.499377E-04	+4.108935E-04	-2.206049E-04	-1.065941E-03	+1.338624E-03	+2.770387E-04	-5.160057E-04	-1.067364E-03	-1.403889E-03	-1.552436E-03	-1.539859E-03	-1.393012E-03	-1.138748E-03	-8.039220E-04	-4.153880E-04	+0.000000E+00	+4.153880E-04	+8.039220E-04	+1.138748E-03	+1.393012E-03	+1.539859E-03	+1.552436E-03	+1.403889E-03	+1.067364E-03	+5.160057E-04	-2.770387E-04	-1.338624E-03	+1.561727E-03	+3.232118E-04	-6.020067E-04	-1.245258E-03	-1.637871E-03	-1.811176E-03	-1.796502E-03	-1.625180E-03	-1.328539E-03	-9.379090E-04	-4.846194E-04	+0.000000E+00	+4.846194E-04	+9.379090E-04	+1.328539E-03	+1.625180E-03	+1.796502E-03	+1.811176E-03	+1.637871E-03	+1.245258E-03	+6.020067E-04	-3.232118E-04	-1.561727E-03	+1.735253E-03	+3.591242E-04	-6.688963E-04	-1.383620E-03	-1.819856E-03	-2.012417E-03	-1.996114E-03	-1.805756E-03	-1.476155E-03	-1.042121E-03	-5.384659E-04	+0.000000E+00	+5.384659E-04	+1.042121E-03	+1.476155E-03	+1.805756E-03	+1.996114E-03	+2.012417E-03	+1.819856E-03	+1.383620E-03	+6.688963E-04	-3.591242E-04	-1.735253E-03	+1.859199E-03	+3.847759E-04	-7.166746E-04	-1.482449E-03	-1.949846E-03	-2.156161E-03	-2.138693E-03	-1.934738E-03	-1.581594E-03	-1.116558E-03	-5.769278E-04	+0.000000E+00	+5.769278E-04	+1.116558E-03	+1.581594E-03	+1.934738E-03	+2.138693E-03	+2.156161E-03	+1.949846E-03	+1.482449E-03	+7.166746E-04	-3.847759E-04	-1.859199E-03	+1.933567E-03	+4.001669E-04	-7.453416E-04	-1.541747E-03	-2.027840E-03	-2.242408E-03	-2.224241E-03	-2.012128E-03	-1.644858E-03	-1.161221E-03	-6.000049E-04	+0.000000E+00	+6.000049E-04	+1.161221E-03	+1.644858E-03	+2.012128E-03	+2.224241E-03	+2.242408E-03	+2.027840E-03	+1.541747E-03	+7.453416E-04	-4.001669E-04	-1.933567E-03	+1.958357E-03	+4.052973E-04	-7.548973E-04	-1.561513E-03	-2.053838E-03	-2.271157E-03	-2.252757E-03	-2.037924E-03	-1.665946E-03	-1.176108E-03	-6.076973E-04	+0.000000E+00
	S	-1.134216E-04	-8.248840E-05	-5.450126E-05	-2.946014E-05	-7.365036E-06	+1.178406E-05	+2.798714E-05	+4.124420E-05	+5.155525E-05	+5.892029E-05	+6.333931E-05	+6.481231E-05	+6.333931E-05	+5.892029E-05	+5.155525E-05	+4.124420E-05	+2.798714E-05	+1.178406E-05	-7.365036E-06	-2.946014E-05	-5.450126E-05	-8.248840E-05	-1.134216E-04	-5.671078E-05	-4.124420E-05	-2.725063E-05	-1.473007E-05	-3.682518E-06	+5.892029E-06	+1.399357E-05	+2.062210E-05	+2.577763E-05	+2.946014E-05	+3.166965E-05	+3.240616E-05	+3.166965E-05	+2.946014E-05	+2.577763E-05	+2.062210E-05	+1.399357E-05	+5.892029E-06	-3.682518E-06	-1.473007E-05	-2.725063E-05	-4.124420E-05	-5.671078E-05	-5.401026E-06	-3.928019E-06	-2.595298E-06	-1.402864E-06	-3.507160E-07	+5.611456E-07	+1.332721E-06	+1.964010E-06	+2.455012E-06	+2.805728E-06	+3.016157E-06	+3.086301E-06	+3.016157E-06	+2.805728E-06	+2.455012E-06	+1.964010E-06	+1.332721E-06	+5.611456E-07	-3.507160E-07	-1.402864E-06	-2.595298E-06	-3.928019E-06	-5.401026E-06	+4.050770E-05	+2.946014E-05	+1.946474E-05	+1.052148E-05	+2.630370E-06	-4.208592E-06	-9.995406E-06	-1.473007E-05	-1.841259E-05	-2.104296E-05	-2.262118E-05	-2.314726E-05	-2.262118E-05	-2.104296E-05	-1.841259E-05	-1.473007E-05	-9.995406E-06	-4.208592E-06	+2.630370E-06	+1.052148E-05	+1.946474E-05	+2.946014E-05	+4.050770E-05	+8.101539E-05	+5.892029E-05	+3.892947E-05	+2.104296E-05	+5.260740E-06	-8.417184E-06	-1.999081E-05	-2.946014E-05	-3.682518E-05	-4.208592E-05	-4.524236E-05	-4.629451E-05	-4.524236E-05	-4.208592E-05	-3.682518E-05	-2.946014E-05	-1.999081E-05	-8.417184E-06	+5.260740E-06	+2.104296E-05	+3.892947E-05	+5.892029E-05	+8.101539E-05	+1.161221E-04	+8.445241E-05	+5.579891E-05	+3.016157E-05	+7.540394E-06	-1.206463E-05	-2.865350E-05	-4.222620E-05	-5.278276E-05	-6.032315E-05	-6.484739E-05	-6.635546E-05	-6.484739E-05	-6.032315E-05	-5.278276E-05	-4.222620E-05	-2.865350E-05	-1.206463E-05	+7.540394E-06	+3.016157E-05	+5.579891E-05	+8.445241E-05	+1.161221E-04	+1.458277E-04	+1.060565E-04	+7.007305E-05	+3.787733E-05	+9.469332E-06	-1.515093E-05	-3.598346E-05	-5.302826E-05	-6.628532E-05	-7.575465E-05	-8.143625E-05	-8.333012E-05	-8.143625E-05	-7.575465E-05	-6.628532E-05	-5.302826E-05	-3.598346E-05	-1.515093E-05	+9.469332E-06	+3.787733E-05	+7.007305E-05	+1.060565E-04	+1.458277E-04	+1.701323E-04	+1.237326E-04	+8.175190E-05	+4.419021E-05	+1.104755E-05	-1.767609E-05	-4.198070E-05	-6.186630E-05	-7.733288E-05	-8.838043E-05	-9.500896E-05	-9.721847E-05	-9.500896E-05	-8.838043E-05	-7.733288E-05	-6.186630E-05	-4.198070E-05	-1.767609E-05	+1.104755E-05	+4.419021E-05	+8.175190E-05	+1.237326E-04	+1.701323E-04	+1.890359E-04	+1.374807E-04	+9.083544E-05	+4.910024E-05	+1.227506E-05	-1.964010E-05	-4.664523E-05	-6.874033E-05	-8.592542E-05	-9.820048E-05	-1.055655E-04	-1.080205E-04	-1.055655E-04	-9.820048E-05	-8.592542E-05	-6.874033E-05	-4.664523E-05	-1.964010E-05	+1.227506E-05	+4.910024E-05	+9.083544E-05	+1.374807E-04	+1.890359E-04	+2.025385E-04	+1.473007E-04	+9.732369E-05	+5.260740E-05	+1.315185E-05	-2.104296E-05	-4.997703E-05	-7.365036E-05	-9.206295E-05	-1.052148E-04	-1.131059E-04	-1.157363E-04	-1.131059E-04	-1.052148E-04	-9.206295E-05	-7.365036E-05	-4.997703E-05	-2.104296E-05	+1.315185E-05	+5.260740E-05	+9.732369E-05	+1.473007E-04	+2.025385E-04	+2.106400E-04	+1.531927E-04	+1.012166E-04	+5.471169E-05	+1.367792E-05	-2.188468E-05	-5.197611E-05	-7.659637E-05	-9.574546E-05	-1.094234E-04	-1.176301E-04	-1.203657E-04	-1.176301E-04	-1.094234E-04	-9.574546E-05	-7.659637E-05	-5.197611E-05	-2.188468E-05	+1.367792E-05	+5.471169E-05	+1.012166E-04	+1.531927E-04	+2.106400E-04	+2.133405E-04	+1.551568E-04	+1.025143E-04	+5.541313E-05	+1.385328E-05	-2.216525E-05	-5.264247E-05	-7.757838E-05	-9.697297E-05	-1.108263E-04	-1.191382E-04	-1.219089E-04
	A	+2.035771E-05	+9.253506E-06	+7.931577E-07	-5.287718E-06	-9.253506E-06	-1.136859E-05	-1.189737E-05	-1.110421E-05	-9.253506E-06	-6.609647E-06	-3.437017E-06	+0.000000E+00	+3.437017E-06	+6.609647E-06	+9.253506E-06	+1.110421E-05	+1.189737E-05	+1.136859E-05	+9.253506E-06	+5.287718E-06	-7.931577E-07	-9.253506E-06	-2.035771E-05	+1.017886E-05	+4.626753E-06	+3.965788E-07	-2.643859E-06	-4.626753E-06	-5.684297E-06	-5.948683E-06	-5.552104E-06	-4.626753E-06	-3.304824E-06	-1.718508E-06	+0.000000E+00	+1.718508E-06	+3.304824E-06	+4.626753E-06	+5.552104E-06	+5.948683E-06	+5.684297E-06	+4.626753E-06	+2.643859E-06	-3.965788E-07	-4.626753E-06	-1.017886E-05	+9.694150E-07	+4.406432E-07	+3.776941E-08	-2.517961E-07	-4.406432E-07	-5.413616E-07	-5.665412E-07	-5.287718E-07	-4.406432E-07	-3.147451E-07	-1.636675E-07	+0.000000E+00	+1.636675E-07	+3.147451E-07	+4.406432E-07	+5.287718E-07	+5.665412E-07	+5.413616E-07	+4.406432E-07	+2.517961E-07	-3.776941E-08	-4.406432E-07	-9.694150E-07	-7.270612E-06	-3.304824E-06	-2.832706E-07	+1.888471E-06	+3.304824E-06	+4.060212E-06	+4.249059E-06	+3.965788E-06	+3.304824E-06	+2.360588E-06	+1.227506E-06	+0.000000E+00	-1.227506E-06	-2.360588E-06	-3.304824E-06	-3.965788E-06	-4.249059E-06	-4.060212E-06	-3.304824E-06	-1.888471E-06	+2.832706E-07	+3.304824E-06	+7.270612E-06	-1.454122E-05	-6.609647E-06	-5.665412E-07	+3.776941E-06	+6.609647E-06	+8.120424E-06	+8.498118E-06	+7.931577E-06	+6.609647E-06	+4.721177E-06	+2.455012E-06	+0.000000E+00	-2.455012E-06	-4.721177E-06	-6.609647E-06	-7.931577E-06	-8.498118E-06	-8.120424E-06	-6.609647E-06	-3.776941E-06	+5.665412E-07	+6.609647E-06	+1.454122E-05	-2.084242E-05	-9.473828E-06	-8.120424E-07	+5.413616E-06	+9.473828E-06	+1.163927E-05	+1.218064E-05	+1.136859E-05	+9.473828E-06	+6.767020E-06	+3.518850E-06	+0.000000E+00	-3.518850E-06	-6.767020E-06	-9.473828E-06	-1.136859E-05	-1.218064E-05	-1.163927E-05	-9.473828E-06	-5.413616E-06	+8.120424E-07	+9.473828E-06	+2.084242E-05	-2.617420E-05	-1.189737E-05	-1.019774E-06	+6.798495E-06	+1.189737E-05	+1.461676E-05	+1.529661E-05	+1.427684E-05	+1.189737E-05	+8.498118E-06	+4.419021E-06	+0.000000E+00	-4.419021E-06	-8.498118E-06	-1.189737E-05	-1.427684E-05	-1.529661E-05	-1.461676E-05	-1.189737E-05	-6.798495E-06	+1.019774E-06	+1.189737E-05	+2.617420E-05	-3.053657E-05	-1.388026E-05	-1.189737E-06	+7.931577E-06	+1.388026E-05	+1.705289E-05	+1.784605E-05	+1.665631E-05	+1.388026E-05	+9.914471E-06	+5.155525E-06	+0.000000E+00	-5.155525E-06	-9.914471E-06	-1.388026E-05	-1.665631E-05	-1.784605E-05	-1.705289E-05	-1.388026E-05	-7.931577E-06	+1.189737E-06	+1.388026E-05	+3.053657E-05	-3.392952E-05	-1.542251E-05	-1.321929E-06	+8.812863E-06	+1.542251E-05	+1.894766E-05	+1.982894E-05	+1.850701E-05	+1.542251E-05	+1.101608E-05	+5.728361E-06	+0.000000E+00	-5.728361E-06	-1.101608E-05	-1.542251E-05	-1.850701E-05	-1.982894E-05	-1.894766E-05	-1.542251E-05	-8.812863E-06	+1.321929E-06	+1.542251E-05	+3.392952E-05	-3.635306E-05	-1.652412E-05	-1.416353E-06	+9.442353E-06	+1.652412E-05	+2.030106E-05	+2.124530E-05	+1.982894E-05	+1.652412E-05	+1.180294E-05	+6.137530E-06	+0.000000E+00	-6.137530E-06	-1.180294E-05	-1.652412E-05	-1.982894E-05	-2.124530E-05	-2.030106E-05	-1.652412E-05	-9.442353E-06	+1.416353E-06	+1.652412E-05	+3.635306E-05	-3.780718E-05	-1.718508E-05	-1.473007E-06	+9.820048E-06	+1.718508E-05	+2.111310E-05	+2.209511E-05	+2.062210E-05	+1.718508E-05	+1.227506E-05	+6.383031E-06	+0.000000E+00	-6.383031E-06	-1.227506E-05	-1.718508E-05	-2.062210E-05	-2.209511E-05	-2.111310E-05	-1.718508E-05	-9.820048E-06	+1.473007E-06	+1.718508E-05	+3.780718E-05	-3.829189E-05	-1.740540E-05	-1.491892E-06	+9.945946E-06	+1.740540E-05	+2.138378E-05	+2.237838E-05	+2.088649E-05	+1.740540E-05	+1.243243E-05	+6.464865E-06	+0.000000E+00
	A	-1.041152E-03	-5.205758E-04	-4.957865E-05	+3.718399E-04	+7.436798E-04	+1.065941E-03	+1.338624E-03	+1.561727E-03	+1.735253E-03	+1.859199E-03	+1.933567E-03	+1.958357E-03	+1.933567E-03	+1.859199E-03	+1.735253E-03	+1.561727E-03	+1.338624E-03	+1.065941E-03	+7.436798E-04	+3.718399E-04	-4.957865E-05	-5.205758E-04	-1.041152E-03	-2.154745E-04	-1.077373E-04	-1.026069E-05	+7.695518E-05	+1.539104E-04	+2.206049E-04	+2.770387E-04	+3.232118E-04	+3.591242E-04	+3.847759E-04	+4.001669E-04	+4.052973E-04	+4.001669E-04	+3.847759E-04	+3.591242E-04	+3.232118E-04	+2.770387E-04	+2.206049E-04	+1.539104E-04	+7.695518E-05	-1.026069E-05	-1.077373E-04	-2.154745E-04	+4.013378E-04	+2.006689E-04	+1.911132E-05	-1.433349E-04	-2.866699E-04	-4.108935E-04	-5.160057E-04	-6.020067E-04	-6.688963E-04	-7.166746E-04	-7.453416E-04	-7.548973E-04	-7.453416E-04	-7.166746E-04	-6.688963E-04	-6.020067E-04	-5.160057E-04	-4.108935E-04	-2.866699E-04	-1.433349E-04	+1.911132E-05	+2.006689E-04	+4.013378E-04	+8.301717E-04	+4.150859E-04	+3.953199E-05	-2.964899E-04	-5.929798E-04	-8.499377E-04	-1.067364E-03	-1.245258E-03	-1.383620E-03	-1.482449E-03	-1.541747E-03	-1.561513E-03	-1.541747E-03	-1.482449E-03	-1.383620E-03	-1.245258E-03	-1.067364E-03	-8.499377E-04	-5.929798E-04	-2.964899E-04	+3.953199E-05	+4.150859E-04	+8.301717E-04	+1.091914E-03	+5.459569E-04	+5.199589E-05	-3.899692E-04	-7.799384E-04	-1.117912E-03	-1.403889E-03	-1.637871E-03	-1.819856E-03	-1.949846E-03	-2.027840E-03	-2.053838E-03	-2.027840E-03	-1.949846E-03	-1.819856E-03	-1.637871E-03	-1.403889E-03	-1.117912E-03	-7.799384E-04	-3.899692E-04	+5.199589E-05	+5.459569E-04	+1.091914E-03	+1.207450E-03	+6.037252E-04	+5.749764E-05	-4.312323E-04	-8.624646E-04	-1.236199E-03	-1.552436E-03	-1.811176E-03	-2.012417E-03	-2.156161E-03	-2.242408E-03	-2.271157E-03	-2.242408E-03	-2.156161E-03	-2.012417E-03	-1.811176E-03	-1.552436E-03	-1.236199E-03	-8.624646E-04	-4.312323E-04	+5.749764E-05	+6.037252E-04	+1.207450E-03	+1.197668E-03	+5.988341E-04	+5.703182E-05	-4.277386E-04	-8.554772E-04	-1.226184E-03	-1.539859E-03	-1.796502E-03	-1.996114E-03	-2.138693E-03	-2.224241E-03	-2.252757E-03	-2.224241E-03	-2.138693E-03	-1.996114E-03	-1.796502E-03	-1.539859E-03	-1.226184E-03	-8.554772E-04	-4.277386E-04	+5.703182E-05	+5.988341E-04	+1.197668E-03	+1.083453E-03	+5.417267E-04	+5.159302E-05	-3.869476E-04	-7.738953E-04	-1.109250E-03	-1.393012E-03	-1.625180E-03	-1.805756E-03	-1.934738E-03	-2.012128E-03	-2.037924E-03	-2.012128E-03	-1.934738E-03	-1.805756E-03	-1.625180E-03	-1.393012E-03	-1.109250E-03	-7.738953E-04	-3.869476E-04	+5.159302E-05	+5.417267E-04	+1.083453E-03	+8.856928E-04	+4.428464E-04	+4.217585E-05	-3.163188E-04	-6.326377E-04	-9.067807E-04	-1.138748E-03	-1.328539E-03	-1.476155E-03	-1.581594E-03	-1.644858E-03	-1.665946E-03	-1.644858E-03	-1.581594E-03	-1.476155E-03	-1.328539E-03	-1.138748E-03	-9.067807E-04	-6.326377E-04	-3.163188E-04	+4.217585E-05	+4.428464E-04	+8.856928E-04	+6.252726E-04	+3.126363E-04	+2.977489E-05	-2.233117E-04	-4.466233E-04	-6.401601E-04	-8.039220E-04	-9.379090E-04	-1.042121E-03	-1.116558E-03	-1.161221E-03	-1.176108E-03	-1.161221E-03	-1.116558E-03	-1.042121E-03	-9.379090E-04	-8.039220E-04	-6.401601E-04	-4.466233E-04	-2.233117E-04	+2.977489E-05	+3.126363E-04	+6.252726E-04	+3.230796E-04	+1.615398E-04	+1.538474E-05	-1.153856E-04	-2.307711E-04	-3.307719E-04	-4.153880E-04	-4.846194E-04	-5.384659E-04	-5.769278E-04	-6.000049E-04	-6.076973E-04	-6.000049E-04	-5.769278E-04	-5.384659E-04	-4.846194E-04	-4.153880E-04	-3.307719E-04	-2.307711E-04	-1.153856E-04	+1.538474E-05	+1.615398E-04	+3.230796E-04	+0.000000E+00	+0.000000E+00	+0.000000E+00	+0.000000E+00	+0.000000E+00	+0.000000E+00	+0.000000E+00	+0.000000E+00	+0.000000E+00	+0.000000E+00	+0.000000E+00	+0.000000E+00
	S	+3.982183E-04	+8.241439E-05	-1.535031E-04	-3.175229E-04	-4.176337E-04	-4.618240E-04	-4.580825E-04	-4.143978E-04	-3.387586E-04	-2.391534E-04	-1.235710E-04	+0.000000E+00	+1.235710E-04	+2.391534E-04	+3.387586E-04	+4.143978E-04	+4.580825E-04	+4.618240E-04	+4.176337E-04	+3.175229E-04	+1.535031E-04	-8.241439E-05	-3.982183E-04	+8.241439E-05	+1.705631E-05	-3.176868E-05	-6.571386E-05	-8.643257E-05	-9.557810E-05	-9.480376E-05	-8.576287E-05	-7.010874E-05	-4.949468E-05	-2.557399E-05	+0.000000E+00	+2.557399E-05	+4.949468E-05	+7.010874E-05	+8.576287E-05	+9.480376E-05	+9.557810E-05	+8.643257E-05	+6.571386E-05	+3.176868E-05	-1.705631E-05	-8.241439E-05	-1.535031E-04	-3.176868E-05	+5.917160E-05	+1.223971E-04	+1.609873E-04	+1.780215E-04	+1.765793E-04	+1.597399E-04	+1.305829E-04	+9.218763E-05	+4.763353E-05	+0.000000E+00	-4.763353E-05	-9.218763E-05	-1.305829E-04	-1.597399E-04	-1.765793E-04	-1.780215E-04	-1.609873E-04	-1.223971E-04	-5.917160E-05	+3.176868E-05	+1.535031E-04	-3.175229E-04	-6.571386E-05	+1.223971E-04	+2.531798E-04	+3.330040E-04	+3.682395E-04	+3.652562E-04	+3.304238E-04	+2.701122E-04	+1.906912E-04	+9.853048E-05	+0.000000E+00	-9.853048E-05	-1.906912E-04	-2.701122E-04	-3.304238E-04	-3.652562E-04	-3.682395E-04	-3.330040E-04	-2.531798E-04	-1.223971E-04	+6.571386E-05	+3.175229E-04	-4.176337E-04	-8.643257E-05	+1.609873E-04	+3.330040E-04	+4.379957E-04	+4.843405E-04	+4.804166E-04	+4.346020E-04	+3.552750E-04	+2.508135E-04	+1.295958E-04	+0.000000E+00	-1.295958E-04	-2.508135E-04	-3.552750E-04	-4.346020E-04	-4.804166E-04	-4.843405E-04	-4.379957E-04	-3.330040E-04	-1.609873E-04	+8.643257E-05	+4.176337E-04	-4.618240E-04	-9.557810E-05	+1.780215E-04	+3.682395E-04	+4.843405E-04	+5.355892E-04	+5.312500E-04	+4.805878E-04	+3.928670E-04	+2.773524E-04	+1.433085E-04	+0.000000E+00	-1.433085E-04	-2.773524E-04	-3.928670E-04	-4.805878E-04	-5.312500E-04	-5.355892E-04	-4.843405E-04	-3.682395E-04	-1.780215E-04	+9.557810E-05	+4.618240E-04	-4.580825E-04	-9.480376E-05	+1.765793E-04	+3.652562E-04	+4.804166E-04	+5.312500E-04	+5.269461E-04	+4.766942E-04	+3.896842E-04	+2.751054E-04	+1.421475E-04	+0.000000E+00	-1.421475E-04	-2.751054E-04	-3.896842E-04	-4.766942E-04	-5.269461E-04	-5.312500E-04	-4.804166E-04	-3.652562E-04	-1.765793E-04	+9.480376E-05	+4.580825E-04	-4.143978E-04	-8.576287E-05	+1.597399E-04	+3.304238E-04	+4.346020E-04	+4.805878E-04	+4.766942E-04	+4.312347E-04	+3.525222E-04	+2.488702E-04	+1.285917E-04	+0.000000E+00	-1.285917E-04	-2.488702E-04	-3.525222E-04	-4.312347E-04	-4.766942E-04	-4.805878E-04	-4.346020E-04	-3.304238E-04	-1.597399E-04	+8.576287E-05	+4.143978E-04	-3.387586E-04	-7.010874E-05	+1.305829E-04	+2.701122E-04	+3.552750E-04	+3.928670E-04	+3.896842E-04	+3.525222E-04	+2.881770E-04	+2.034444E-04	+1.051201E-04	+0.000000E+00	-1.051201E-04	-2.034444E-04	-2.881770E-04	-3.525222E-04	-3.896842E-04	-3.928670E-04	-3.552750E-04	-2.701122E-04	-1.305829E-04	+7.010874E-05	+3.387586E-04	-2.391534E-04	-4.949468E-05	+9.218763E-05	+1.906912E-04	+2.508135E-04	+2.773524E-04	+2.751054E-04	+2.488702E-04	+2.034444E-04	+1.436257E-04	+7.421165E-05	+0.000000E+00	-7.421165E-05	-1.436257E-04	-2.034444E-04	-2.488702E-04	-2.751054E-04	-2.773524E-04	-2.508135E-04	-1.906912E-04	-9.218763E-05	+4.949468E-05	+2.391534E-04	-1.235710E-04	-2.557399E-05	+4.763353E-05	+9.853048E-05	+1.295958E-04	+1.433085E-04	+1.421475E-04	+1.285917E-04	+1.051201E-04	+7.421165E-05	+3.834530E-05	+0.000000E+00	-3.834530E-05	-7.421165E-05	-1.051201E-04	-1.285917E-04	-1.421475E-04	-1.433085E-04	-1.295958E-04	-9.853048E-05	-4.763353E-05	+2.557399E-05	+1.235710E-04	+0.000000E+00	+0.000000E+00	+0.000000E+00	+0.000000E+00	+0.000000E+00	+0.000000E+00	+0.000000E+00	+0.000000E+00	+0.000000E+00	+0.000000E+00	+0.000000E+00	+0.000000E+00
	A	+4.338132E-05	+3.155005E-05	+2.084557E-05	+1.126788E-05	+2.816969E-06	-4.507150E-06	-1.070448E-05	-1.577503E-05	-1.971878E-05	-2.253575E-05	-2.422593E-05	-2.478933E-05	-2.422593E-05	-2.253575E-05	-1.971878E-05	-1.577503E-05	-1.070448E-05	-4.507150E-06	+2.816969E-06	+1.126788E-05	+2.084557E-05	+3.155005E-05	+4.338132E-05	+8.978104E-06	+6.529531E-06	+4.314154E-06	+2.331975E-06	+5.829938E-07	-9.327901E-07	-2.215376E-06	-3.264765E-06	-4.080957E-06	-4.663950E-06	-5.013747E-06	-5.130345E-06	-5.013747E-06	-4.663950E-06	-4.080957E-06	-3.264765E-06	-2.215376E-06	-9.327901E-07	+5.829938E-07	+2.331975E-06	+4.314154E-06	+6.529531E-06	+8.978104E-06	-1.672241E-05	-1.216175E-05	-8.035443E-06	-4.343483E-06	-1.085871E-06	+1.737393E-06	+4.126308E-06	+6.080876E-06	+7.601095E-06	+8.686965E-06	+9.338488E-06	+9.555662E-06	+9.338488E-06	+8.686965E-06	+7.601095E-06	+6.080876E-06	+4.126308E-06	+1.737393E-06	-1.085871E-06	-4.343483E-06	-8.035443E-06	-1.216175E-05	-1.672241E-05	-3.459049E-05	-2.515672E-05	-1.662140E-05	-8.984542E-06	-2.246136E-06	+3.593817E-06	+8.535315E-06	+1.257836E-05	+1.572295E-05	+1.796908E-05	+1.931677E-05	+1.976599E-05	+1.931677E-05	+1.796908E-05	+1.572295E-05	+1.257836E-05	+8.535315E-06	+3.593817E-06	-2.246136E-06	-8.984542E-06	-1.662140E-05	-2.515672E-05	-3.459049E-05	-4.549641E-05	-3.308830E-05	-2.186191E-05	-1.181725E-05	-2.954312E-06	+4.726899E-06	+1.122639E-05	+1.654415E-05	+2.068018E-05	+2.363450E-05	+2.540708E-05	+2.599795E-05	+2.540708E-05	+2.363450E-05	+2.068018E-05	+1.654415E-05	+1.122639E-05	+4.726899E-06	-2.954312E-06	-1.181725E-05	-2.186191E-05	-3.308830E-05	-4.549641E-05	-5.031043E-05	-3.658941E-05	-2.417514E-05	-1.306764E-05	-3.266911E-06	+5.227058E-06	+1.241426E-05	+1.829470E-05	+2.286838E-05	+2.613529E-05	+2.809544E-05	+2.874882E-05	+2.809544E-05	+2.613529E-05	+2.286838E-05	+1.829470E-05	+1.241426E-05	+5.227058E-06	-3.266911E-06	-1.306764E-05	-2.417514E-05	-3.658941E-05	-5.031043E-05	-4.990284E-05	-3.629297E-05	-2.397929E-05	-1.296178E-05	-3.240444E-06	+5.184710E-06	+1.231369E-05	+1.814649E-05	+2.268311E-05	+2.592355E-05	+2.786782E-05	+2.851591E-05	+2.786782E-05	+2.592355E-05	+2.268311E-05	+1.814649E-05	+1.231369E-05	+5.184710E-06	-3.240444E-06	-1.296178E-05	-2.397929E-05	-3.629297E-05	-4.990284E-05	-4.514389E-05	-3.283192E-05	-2.169252E-05	-1.172569E-05	-2.931422E-06	+4.690274E-06	+1.113940E-05	+1.641596E-05	+2.051995E-05	+2.345137E-05	+2.521023E-05	+2.579651E-05	+2.521023E-05	+2.345137E-05	+2.051995E-05	+1.641596E-05	+1.113940E-05	+4.690274E-06	-2.931422E-06	-1.172569E-05	-2.169252E-05	-3.283192E-05	-4.514389E-05	-3.690386E-05	-2.683917E-05	-1.773303E-05	-9.585419E-06	-2.396355E-06	+3.834168E-06	+9.106148E-06	+1.341959E-05	+1.677448E-05	+1.917084E-05	+2.060865E-05	+2.108792E-05	+2.060865E-05	+1.917084E-05	+1.677448E-05	+1.341959E-05	+9.106148E-06	+3.834168E-06	-2.396355E-06	-9.585419E-06	-1.773303E-05	-2.683917E-05	-3.690386E-05	-2.605303E-05	-1.894766E-05	-1.251899E-05	-6.767020E-06	-1.691755E-06	+2.706808E-06	+6.428669E-06	+9.473828E-06	+1.184228E-05	+1.353404E-05	+1.454909E-05	+1.488744E-05	+1.454909E-05	+1.353404E-05	+1.184228E-05	+9.473828E-06	+6.428669E-06	+2.706808E-06	-1.691755E-06	-6.767020E-06	-1.251899E-05	-1.894766E-05	-2.605303E-05	-1.346165E-05	-9.790290E-06	-6.468584E-06	-3.496532E-06	-8.741330E-07	+1.398613E-06	+3.321706E-06	+4.895145E-06	+6.118931E-06	+6.993064E-06	+7.517544E-06	+7.692371E-06	+7.517544E-06	+6.993064E-06	+6.118931E-06	+4.895145E-06	+3.321706E-06	+1.398613E-06	-8.741330E-07	-3.496532E-06	-6.468584E-06	-9.790290E-06	-1.346165E-05	+0.000000E+00	+0.000000E+00	+0.000000E+00	+0.000000E+00	+0.000000E+00	+0.000000E+00	+0.000000E+00	+0.000000E+00	+0.000000E+00	+0.000000E+00	+0.000000E+00	+0.000000E+00
	S	-7.786391E-06	-3.539268E-06	-3.033659E-07	+2.022439E-06	+3.539268E-06	+4.348244E-06	+4.550488E-06	+4.247122E-06	+3.539268E-06	+2.528049E-06	+1.314585E-06	+0.000000E+00	-1.314585E-06	-2.528049E-06	-3.539268E-06	-4.247122E-06	-4.550488E-06	-4.348244E-06	-3.539268E-06	-2.022439E-06	+3.033659E-07	+3.539268E-06	+7.786391E-06	-1.611455E-06	-7.324794E-07	-6.278395E-08	+4.185596E-07	+7.324794E-07	+8.999032E-07	+9.417592E-07	+8.789753E-07	+7.324794E-07	+5.231996E-07	+2.720638E-07	+0.000000E+00	-2.720638E-07	-5.231996E-07	-7.324794E-07	-8.789753E-07	-9.417592E-07	-8.999032E-07	-7.324794E-07	-4.185596E-07	+6.278395E-08	+7.324794E-07	+1.611455E-06	+3.001458E-06	+1.364299E-06	+1.169399E-07	-7.795994E-07	-1.364299E-06	-1.676139E-06	-1.754099E-06	-1.637159E-06	-1.364299E-06	-9.744993E-07	-5.067396E-07	+0.000000E+00	+5.067396E-07	+9.744993E-07	+1.364299E-06	+1.637159E-06	+1.754099E-06	+1.676139E-06	+1.364299E-06	+7.795994E-07	-1.169399E-07	-1.364299E-06	-3.001458E-06	+6.208549E-06	+2.822068E-06	+2.418915E-07	-1.612610E-06	-2.822068E-06	-3.467112E-06	-3.628373E-06	-3.386481E-06	-2.822068E-06	-2.015763E-06	-1.048197E-06	+0.000000E+00	+1.048197E-06	+2.015763E-06	+2.822068E-06	+3.386481E-06	+3.628373E-06	+3.467112E-06	+2.822068E-06	+1.612610E-06	-2.418915E-07	-2.822068E-06	-6.208549E-06	+8.166022E-06	+3.711828E-06	+3.181567E-07	-2.121045E-06	-3.711828E-06	-4.560246E-06	-4.772350E-06	-4.454194E-06	-3.711828E-06	-2.651306E-06	-1.378679E-06	+0.000000E+00	+1.378679E-06	+2.651306E-06	+3.711828E-06	+4.454194E-06	+4.772350E-06	+4.560246E-06	+3.711828E-06	+2.121045E-06	-3.181567E-07	-3.711828E-06	-8.166022E-06	+9.030078E-06	+4.104581E-06	+3.518212E-07	-2.345475E-06	-4.104581E-06	-5.042771E-06	-5.277318E-06	-4.925497E-06	-4.104581E-06	-2.931843E-06	-1.524559E-06	+0.000000E+00	+1.524559E-06	+2.931843E-06	+4.104581E-06	+4.925497E-06	+5.277318E-06	+5.042771E-06	+4.104581E-06	+2.345475E-06	-3.518212E-07	-4.104581E-06	-9.030078E-06	+8.956920E-06	+4.071327E-06	+3.489709E-07	-2.326473E-06	-4.071327E-06	-5.001916E-06	-5.234563E-06	-4.885593E-06	-4.071327E-06	-2.908091E-06	-1.512207E-06	+0.000000E+00	+1.512207E-06	+2.908091E-06	+4.071327E-06	+4.885593E-06	+5.234563E-06	+5.001916E-06	+4.071327E-06	+2.326473E-06	-3.489709E-07	-4.071327E-06	-8.956920E-06	+8.102750E-06	+3.683068E-06	+3.156916E-07	-2.104610E-06	-3.683068E-06	-4.524912E-06	-4.735373E-06	-4.419682E-06	-3.683068E-06	-2.630763E-06	-1.367997E-06	+0.000000E+00	+1.367997E-06	+2.630763E-06	+3.683068E-06	+4.419682E-06	+4.735373E-06	+4.524912E-06	+3.683068E-06	+2.104610E-06	-3.156916E-07	-3.683068E-06	-8.102750E-06	+6.623771E-06	+3.010805E-06	+2.580690E-07	-1.720460E-06	-3.010805E-06	-3.698989E-06	-3.871035E-06	-3.612966E-06	-3.010805E-06	-2.150575E-06	-1.118299E-06	+0.000000E+00	+1.118299E-06	+2.150575E-06	+3.010805E-06	+3.612966E-06	+3.871035E-06	+3.698989E-06	+3.010805E-06	+1.720460E-06	-2.580690E-07	-3.010805E-06	-6.623771E-06	+4.676184E-06	+2.125538E-06	+1.821890E-07	-1.214593E-06	-2.125538E-06	-2.611376E-06	-2.732835E-06	-2.550646E-06	-2.125538E-06	-1.518242E-06	-7.894857E-07	+0.000000E+00	+7.894857E-07	+1.518242E-06	+2.125538E-06	+2.550646E-06	+2.732835E-06	+2.611376E-06	+2.125538E-06	+1.214593E-06	-1.821890E-07	-2.125538E-06	-4.676184E-06	+2.416193E-06	+1.098270E-06	+9.413740E-08	-6.275827E-07	-1.098270E-06	-1.349303E-06	-1.412061E-06	-1.317924E-06	-1.098270E-06	-7.844784E-07	-4.079287E-07	+0.000000E+00	+4.079287E-07	+7.844784E-07	+1.098270E-06	+1.317924E-06	+1.412061E-06	+1.349303E-06	+1.098270E-06	+6.275827E-07	-9.413740E-08	-1.098270E-06	-2.416193E-06	+0.000000E+00	+0.000000E+00	+0.000000E+00	+0.000000E+00	+0.000000E+00	+0.000000E+00	+0.000000E+00	+0.000000E+00	+0.000000E+00	+0.000000E+00	+0.000000E+00	+0.000000E+00
	S	-1.134216E-04	-5.671078E-05	-5.401026E-06	+4.050770E-05	+8.101539E-05	+1.161221E-04	+1.458277E-04	+1.701323E-04	+1.890359E-04	+2.025385E-04	+2.106400E-04	+2.133405E-04	+2.106400E-04	+2.025385E-04	+1.890359E-04	+1.701323E-04	+1.458277E-04	+1.161221E-04	+8.101539E-05	+4.050770E-05	-5.401026E-06	-5.671078E-05	-1.134216E-04	-8.248840E-05	-4.124420E-05	-3.928019E-06	+2.946014E-05	+5.892029E-05	+8.445241E-05	+1.060565E-04	+1.237326E-04	+1.374807E-04	+1.473007E-04	+1.531927E-04	+1.551568E-04	+1.531927E-04	+1.473007E-04	+1.374807E-04	+1.237326E-04	+1.060565E-04	+8.445241E-05	+5.892029E-05	+2.946014E-05	-3.928019E-06	-4.124420E-05	-8.248840E-05	-5.450126E-05	-2.725063E-05	-2.595298E-06	+1.946474E-05	+3.892947E-05	+5.579891E-05	+7.007305E-05	+8.175190E-05	+9.083544E-05	+9.732369E-05	+1.012166E-04	+1.025143E-04	+1.012166E-04	+9.732369E-05	+9.083544E-05	+8.175190E-05	+7.007305E-05	+5.579891E-05	+3.892947E-05	+1.946474E-05	-2.595298E-06	-2.725063E-05	-5.450126E-05	-2.946014E-05	-1.473007E-05	-1.402864E-06	+1.052148E-05	+2.104296E-05	+3.016157E-05	+3.787733E-05	+4.419021E-05	+4.910024E-05	+5.260740E-05	+5.471169E-05	+5.541313E-05	+5.471169E-05	+5.260740E-05	+4.910024E-05	+4.419021E-05	+3.787733E-05	+3.016157E-05	+2.104296E-05	+1.052148E-05	-1.402864E-06	-1.473007E-05	-2.946014E-05	-7.365036E-06	-3.682518E-06	-3.507160E-07	+2.630370E-06	+5.260740E-06	+7.540394E-06	+9.469332E-06	+1.104755E-05	+1.227506E-05	+1.315185E-05	+1.367792E-05	+1.385328E-05	+1.367792E-05	+1.315185E-05	+1.227506E-05	+1.104755E-05	+9.469332E-06	+7.540394E-06	+5.260740E-06	+2.630370E-06	-3.507160E-07	-3.682518E-06	-7.365036E-06	+1.178406E-05	+5.892029E-06	+5.611456E-07	-4.208592E-06	-8.417184E-06	-1.206463E-05	-1.515093E-05	-1.767609E-05	-1.964010E-05	-2.104296E-05	-2.188468E-05	-2.216525E-05	-2.188468E-05	-2.104296E-05	-1.964010E-05	-1.767609E-05	-1.515093E-05	-1.206463E-05	-8.417184E-06	-4.208592E-06	+5.611456E-07	+5.892029E-06	+1.178406E-05	+2.798714E-05	+1.399357E-05	+1.332721E-06	-9.995406E-06	-1.999081E-05	-2.865350E-05	-3.598346E-05	-4.198070E-05	-4.664523E-05	-4.997703E-05	-5.197611E-05	-5.264247E-05	-5.197611E-05	-4.997703E-05	-4.664523E-05	-4.198070E-05	-3.598346E-05	-2.865350E-05	-1.999081E-05	-9.995406E-06	+1.332721E-06	+1.399357E-05	+2.798714E-05	+4.124420E-05	+2.062210E-05	+1.964010E-06	-1.473007E-05	-2.946014E-05	-4.222620E-05	-5.302826E-05	-6.186630E-05	-6.874033E-05	-7.365036E-05	-7.659637E-05	-7.757838E-05	-7.659637E-05	-7.365036E-05	-6.874033E-05	-6.186630E-05	-5.302826E-05	-4.222620E-05	-2.946014E-05	-1.473007E-05	+1.964010E-06	+2.062210E-05	+4.124420E-05	+5.155525E-05	+2.577763E-05	+2.455012E-06	-1.841259E-05	-3.682518E-05	-5.278276E-05	-6.628532E-05	-7.733288E-05	-8.592542E-05	-9.206295E-05	-9.574546E-05	-9.697297E-05	-9.574546E-05	-9.206295E-05	-8.592542E-05	-7.733288E-05	-6.628532E-05	-5.278276E-05	-3.682518E-05	-1.841259E-05	+2.455012E-06	+2.577763E-05	+5.155525E-05	+5.892029E-05	+2.946014E-05	+2.805728E-06	-2.104296E-05	-4.208592E-05	-6.032315E-05	-7.575465E-05	-8.838043E-05	-9.820048E-05	-1.052148E-04	-1.094234E-04	-1.108263E-04	-1.094234E-04	-1.052148E-04	-9.820048E-05	-8.838043E-05	-7.575465E-05	-6.032315E-05	-4.208592E-05	-2.104296E-05	+2.805728E-06	+2.946014E-05	+5.892029E-05	+6.333931E-05	+3.166965E-05	+3.016157E-06	-2.262118E-05	-4.524236E-05	-6.484739E-05	-8.143625E-05	-9.500896E-05	-1.055655E-04	-1.131059E-04	-1.176301E-04	-1.191382E-04	-1.176301E-04	-1.131059E-04	-1.055655E-04	-9.500896E-05	-8.143625E-05	-6.484739E-05	-4.524236E-05	-2.262118E-05	+3.016157E-06	+3.166965E-05	+6.333931E-05	+6.481231E-05	+3.240616E-05	+3.086301E-06	-2.314726E-05	-4.629451E-05	-6.635546E-05	-8.333012E-05	-9.721847E-05	-1.080205E-04	-1.157363E-04	-1.203657E-04	-1.219089E-04
	A	+4.338132E-05	+8.978104E-06	-1.672241E-05	-3.459049E-05	-4.549641E-05	-5.031043E-05	-4.990284E-05	-4.514389E-05	-3.690386E-05	-2.605303E-05	-1.346165E-05	+0.000000E+00	+1.346165E-05	+2.605303E-05	+3.690386E-05	+4.514389E-05	+4.990284E-05	+5.031043E-05	+4.549641E-05	+3.459049E-05	+1.672241E-05	-8.978104E-06	-4.338132E-05	+3.155005E-05	+6.529531E-06	-1.216175E-05	-2.515672E-05	-3.308830E-05	-3.658941E-05	-3.629297E-05	-3.283192E-05	-2.683917E-05	-1.894766E-05	-9.790290E-06	+0.000000E+00	+9.790290E-06	+1.894766E-05	+2.683917E-05	+3.283192E-05	+3.629297E-05	+3.658941E-05	+3.308830E-05	+2.515672E-05	+1.216175E-05	-6.529531E-06	-3.155005E-05	+2.084557E-05	+4.314154E-06	-8.035443E-06	-1.662140E-05	-2.186191E-05	-2.417514E-05	-2.397929E-05	-2.169252E-05	-1.773303E-05	-1.251899E-05	-6.468584E-06	+0.000000E+00	+6.468584E-06	+1.251899E-05	+1.773303E-05	+2.169252E-05	+2.397929E-05	+2.417514E-05	+2.186191E-05	+1.662140E-05	+8.035443E-06	-4.314154E-06	-2.084557E-05	+1.126788E-05	+2.331975E-06	-4.343483E-06	-8.984542E-06	-1.181725E-05	-1.306764E-05	-1.296178E-05	-1.172569E-05	-9.585419E-06	-6.767020E-06	-3.496532E-06	+0.000000E+00	+3.496532E-06	+6.767020E-06	+9.585419E-06	+1.172569E-05	+1.296178E-05	+1.306764E-05	+1.181725E-05	+8.984542E-06	+4.343483E-06	-2.331975E-06	-1.126788E-05	+2.816969E-06	+5.829938E-07	-1.085871E-06	-2.246136E-06	-2.954312E-06	-3.266911E-06	-3.240444E-06	-2.931422E-06	-2.396355E-06	-1.691755E-06	-8.741330E-07	+0.000000E+00	+8.741330E-07	+1.691755E-06	+2.396355E-06	+2.931422E-06	+3.240444E-06	+3.266911E-06	+2.954312E-06	+2.246136E-06	+1.085871E-06	-5.829938E-07	-2.816969E-06	-4.507150E-06	-9.327901E-07	+1.737393E-06	+3.593817E-06	+4.726899E-06	+5.227058E-06	+5.184710E-06	+4.690274E-06	+3.834168E-06	+2.706808E-06	+1.398613E-06	+0.000000E+00	-1.398613E-06	-2.706808E-06	-3.834168E-06	-4.690274E-06	-5.184710E-06	-5.227058E-06	-4.726899E-06	-3.593817E-06	-1.737393E-06	+9.327901E-07	+4.507150E-06	-1.070448E-05	-2.215376E-06	+4.126308E-06	+8.535315E-06	+1.122639E-05	+1.241426E-05	+1.231369E-05	+1.113940E-05	+9.106148E-06	+6.428669E-06	+3.321706E-06	+0.000000E+00	-3.321706E-06	-6.428669E-06	-9.106148E-06	-1.113940E-05	-1.231369E-05	-1.241426E-05	-1.122639E-05	-8.535315E-06	-4.126308E-06	+2.215376E-06	+1.070448E-05	-1.577503E-05	-3.264765E-06	+6.080876E-06	+1.257836E-05	+1.654415E-05	+1.829470E-05	+1.814649E-05	+1.641596E-05	+1.341959E-05	+9.473828E-06	+4.895145E-06	+0.000000E+00	-4.895145E-06	-9.473828E-06	-1.341959E-05	-1.641596E-05	-1.814649E-05	-1.829470E-05	-1.654415E-05	-1.257836E-05	-6.080876E-06	+3.264765E-06	+1.577503E-05	-1.971878E-05	-4.080957E-06	+7.601095E-06	+1.572295E-05	+2.068018E-05	+2.286838E-05	+2.268311E-05	+2.051995E-05	+1.677448E-05	+1.184228E-05	+6.118931E-06	+0.000000E+00	-6.118931E-06	-1.184228E-05	-1.677448E-05	-2.051995E-05	-2.268311E-05	-2.286838E-05	-2.068018E-05	-1.572295E-05	-7.601095E-06	+4.080957E-06	+1.971878E-05	-2.253575E-05	-4.663950E-06	+8.686965E-06	+1.796908E-05	+2.363450E-05	+2.613529E-05	+2.592355E-05	+2.345137E-05	+1.917084E-05	+1.353404E-05	+6.993064E-06	+0.000000E+00	-6.993064E-06	-1.353404E-05	-1.917084E-05	-2.345137E-05	-2.592355E-05	-2.613529E-05	-2.363450E-05	-1.796908E-05	-8.686965E-06	+4.663950E-06	+2.253575E-05	-2.422593E-05	-5.013747E-06	+9.338488E-06	+1.931677E-05	+2.540708E-05	+2.809544E-05	+2.786782E-05	+2.521023E-05	+2.060865E-05	+1.454909E-05	+7.517544E-06	+0.000000E+00	-7.517544E-06	-1.454909E-05	-2.060865E-05	-2.521023E-05	-2.786782E-05	-2.809544E-05	-2.540708E-05	-1.931677E-05	-9.338488E-06	+5.013747E-06	+2.422593E-05	-2.478933E-05	-5.130345E-06	+9.555662E-06	+1.976599E-05	+2.599795E-05	+2.874882E-05	+2.851591E-05	+2.579651E-05	+2.108792E-05	+1.488744E-05	+7.692371E-06	+0.000000E+00
	S	+4.725898E-06	+3.437017E-06	+2.270886E-06	+1.227506E-06	+3.068765E-07	-4.910024E-07	-1.166131E-06	-1.718508E-06	-2.148135E-06	-2.455012E-06	-2.639138E-06	-2.700513E-06	-2.639138E-06	-2.455012E-06	-2.148135E-06	-1.718508E-06	-1.166131E-06	-4.910024E-07	+3.068765E-07	+1.227506E-06	+2.270886E-06	+3.437017E-06	+4.725898E-06	+3.437017E-06	+2.499648E-06	+1.651553E-06	+8.927316E-07	+2.231829E-07	-3.570926E-07	-8.480950E-07	-1.249824E-06	-1.562280E-06	-1.785463E-06	-1.919373E-06	-1.964010E-06	-1.919373E-06	-1.785463E-06	-1.562280E-06	-1.249824E-06	-8.480950E-07	-3.570926E-07	+2.231829E-07	+8.927316E-07	+1.651553E-06	+2.499648E-06	+3.437017E-06	+2.270886E-06	+1.651553E-06	+1.091205E-06	+5.898405E-07	+1.474601E-07	-2.359362E-07	-5.603485E-07	-8.257767E-07	-1.032221E-06	-1.179681E-06	-1.268157E-06	-1.297649E-06	-1.268157E-06	-1.179681E-06	-1.032221E-06	-8.257767E-07	-5.603485E-07	-2.359362E-07	+1.474601E-07	+5.898405E-07	+1.091205E-06	+1.651553E-06	+2.270886E-06	+1.227506E-06	+8.927316E-07	+5.898405E-07	+3.188327E-07	+7.970818E-08	-1.275331E-07	-3.028911E-07	-4.463658E-07	-5.579573E-07	-6.376654E-07	-6.854903E-07	-7.014320E-07	-6.854903E-07	-6.376654E-07	-5.579573E-07	-4.463658E-07	-3.028911E-07	-1.275331E-07	+7.970818E-08	+3.188327E-07	+5.898405E-07	+8.927316E-07	+1.227506E-06	+3.068765E-07	+2.231829E-07	+1.474601E-07	+7.970818E-08	+1.992704E-08	-3.188327E-08	-7.572277E-08	-1.115915E-07	-1.394893E-07	-1.594164E-07	-1.713726E-07	-1.753580E-07	-1.713726E-07	-1.594164E-07	-1.394893E-07	-1.115915E-07	-7.572277E-08	-3.188327E-08	+1.992704E-08	+7.970818E-08	+1.474601E-07	+2.231829E-07	+3.068765E-07	-4.910024E-07	-3.570926E-07	-2.359362E-07	-1.275331E-07	-3.188327E-08	+5.101323E-08	+1.211564E-07	+1.785463E-07	+2.231829E-07	+2.550662E-07	+2.741961E-07	+2.805728E-07	+2.741961E-07	+2.550662E-07	+2.231829E-07	+1.785463E-07	+1.211564E-07	+5.101323E-08	-3.188327E-08	-1.275331E-07	-2.359362E-07	-3.570926E-07	-4.910024E-07	-1.166131E-06	-8.480950E-07	-5.603485E-07	-3.028911E-07	-7.572277E-08	+1.211564E-07	+2.877465E-07	+4.240475E-07	+5.300594E-07	+6.057822E-07	+6.512158E-07	+6.663604E-07	+6.512158E-07	+6.057822E-07	+5.300594E-07	+4.240475E-07	+2.877465E-07	+1.211564E-07	-7.572277E-08	-3.028911E-07	-5.603485E-07	-8.480950E-07	-1.166131E-06	-1.718508E-06	-1.249824E-06	-8.257767E-07	-4.463658E-07	-1.115915E-07	+1.785463E-07	+4.240475E-07	+6.249121E-07	+7.811402E-07	+8.927316E-07	+9.596865E-07	+9.820048E-07	+9.596865E-07	+8.927316E-07	+7.811402E-07	+6.249121E-07	+4.240475E-07	+1.785463E-07	-1.115915E-07	-4.463658E-07	-8.257767E-07	-1.249824E-06	-1.718508E-06	-2.148135E-06	-1.562280E-06	-1.032221E-06	-5.579573E-07	-1.394893E-07	+2.231829E-07	+5.300594E-07	+7.811402E-07	+9.764252E-07	+1.115915E-06	+1.199608E-06	+1.227506E-06	+1.199608E-06	+1.115915E-06	+9.764252E-07	+7.811402E-07	+5.300594E-07	+2.231829E-07	-1.394893E-07	-5.579573E-07	-1.032221E-06	-1.562280E-06	-2.148135E-06	-2.455012E-06	-1.785463E-06	-1.179681E-06	-6.376654E-07	-1.594164E-07	+2.550662E-07	+6.057822E-07	+8.927316E-07	+1.115915E-06	+1.275331E-06	+1.370981E-06	+1.402864E-06	+1.370981E-06	+1.275331E-06	+1.115915E-06	+8.927316E-07	+6.057822E-07	+2.550662E-07	-1.594164E-07	-6.376654E-07	-1.179681E-06	-1.785463E-06	-2.455012E-06	-2.639138E-06	-1.919373E-06	-1.268157E-06	-6.854903E-07	-1.713726E-07	+2.741961E-07	+6.512158E-07	+9.596865E-07	+1.199608E-06	+1.370981E-06	+1.473804E-06	+1.508079E-06	+1.473804E-06	+1.370981E-06	+1.199608E-06	+9.596865E-07	+6.512158E-07	+2.741961E-07	-1.713726E-07	-6.854903E-07	-1.268157E-06	-1.919373E-06	-2.639138E-06	-2.700513E-06	-1.964010E-06	-1.297649E-06	-7.014320E-07	-1.753580E-07	+2.805728E-07	+6.663604E-07	+9.820048E-07	+1.227506E-06	+1.402864E-06	+1.508079E-06	+1.543150E-06
	A	-8.482381E-07	-3.855628E-07	-3.304824E-08	+2.203216E-07	+3.855628E-07	+4.736914E-07	+4.957236E-07	+4.626753E-07	+3.855628E-07	+2.754020E-07	+1.432090E-07	+0.000000E+00	-1.432090E-07	-2.754020E-07	-3.855628E-07	-4.626753E-07	-4.957236E-07	-4.736914E-07	-3.855628E-07	-2.203216E-07	+3.304824E-08	+3.855628E-07	+8.482381E-07	-6.169004E-07	-2.804093E-07	-2.403508E-08	+1.602339E-07	+2.804093E-07	+3.445028E-07	+3.605262E-07	+3.364911E-07	+2.804093E-07	+2.002923E-07	+1.041520E-07	+0.000000E+00	-1.041520E-07	-2.002923E-07	-2.804093E-07	-3.364911E-07	-3.605262E-07	-3.445028E-07	-2.804093E-07	-1.602339E-07	+2.403508E-08	+2.804093E-07	+6.169004E-07	-4.075949E-07	-1.852704E-07	-1.588032E-08	+1.058688E-07	+1.852704E-07	+2.276179E-07	+2.382048E-07	+2.223245E-07	+1.852704E-07	+1.323360E-07	+6.881473E-08	+0.000000E+00	-6.881473E-08	-1.323360E-07	-1.852704E-07	-2.223245E-07	-2.382048E-07	-2.276179E-07	-1.852704E-07	-1.058688E-07	+1.588032E-08	+1.852704E-07	+4.075949E-07	-2.203216E-07	-1.001462E-07	-8.583958E-09	+5.722638E-08	+1.001462E-07	+1.230367E-07	+1.287594E-07	+1.201754E-07	+1.001462E-07	+7.153298E-08	+3.719715E-08	+0.000000E+00	-3.719715E-08	-7.153298E-08	-1.001462E-07	-1.201754E-07	-1.287594E-07	-1.230367E-07	-1.001462E-07	-5.722638E-08	+8.583958E-09	+1.001462E-07	+2.203216E-07	-5.508040E-08	-2.503654E-08	-2.145989E-09	+1.430660E-08	+2.503654E-08	+3.075918E-08	+3.218984E-08	+3.004385E-08	+2.503654E-08	+1.788325E-08	+9.299288E-09	+0.000000E+00	-9.299288E-09	-1.788325E-08	-2.503654E-08	-3.004385E-08	-3.218984E-08	-3.075918E-08	-2.503654E-08	-1.430660E-08	+2.145989E-09	+2.503654E-08	+5.508040E-08	+8.812863E-08	+4.005847E-08	+3.433583E-09	-2.289055E-08	-4.005847E-08	-4.921469E-08	-5.150375E-08	-4.807016E-08	-4.005847E-08	-2.861319E-08	-1.487886E-08	+0.000000E+00	+1.487886E-08	+2.861319E-08	+4.005847E-08	+4.807016E-08	+5.150375E-08	+4.921469E-08	+4.005847E-08	+2.289055E-08	-3.433583E-09	-4.005847E-08	-8.812863E-08	+2.093055E-07	+9.513886E-08	+8.154760E-09	-5.436507E-08	-9.513886E-08	-1.168849E-07	-1.223214E-07	-1.141666E-07	-9.513886E-08	-6.795633E-08	-3.533729E-08	+0.000000E+00	+3.533729E-08	+6.795633E-08	+9.513886E-08	+1.141666E-07	+1.223214E-07	+1.168849E-07	+9.513886E-08	+5.436507E-08	-8.154760E-09	-9.513886E-08	-2.093055E-07	+3.084502E-07	+1.402046E-07	+1.201754E-08	-8.011694E-08	-1.402046E-07	-1.722514E-07	-1.802631E-07	-1.682456E-07	-1.402046E-07	-1.001462E-07	-5.207601E-08	+0.000000E+00	+5.207601E-08	+1.001462E-07	+1.402046E-07	+1.682456E-07	+1.802631E-07	+1.722514E-07	+1.402046E-07	+8.011694E-08	-1.201754E-08	-1.402046E-07	-3.084502E-07	+3.855628E-07	+1.752558E-07	+1.502193E-08	-1.001462E-07	-1.752558E-07	-2.153143E-07	-2.253289E-07	-2.103070E-07	-1.752558E-07	-1.251827E-07	-6.509501E-08	+0.000000E+00	+6.509501E-08	+1.251827E-07	+1.752558E-07	+2.103070E-07	+2.253289E-07	+2.153143E-07	+1.752558E-07	+1.001462E-07	-1.502193E-08	-1.752558E-07	-3.855628E-07	+4.406432E-07	+2.002923E-07	+1.716792E-08	-1.144528E-07	-2.002923E-07	-2.460735E-07	-2.575187E-07	-2.403508E-07	-2.002923E-07	-1.430660E-07	-7.439430E-08	+0.000000E+00	+7.439430E-08	+1.430660E-07	+2.002923E-07	+2.403508E-07	+2.575187E-07	+2.460735E-07	+2.002923E-07	+1.144528E-07	-1.716792E-08	-2.002923E-07	-4.406432E-07	+4.736914E-07	+2.153143E-07	+1.845551E-08	-1.230367E-07	-2.153143E-07	-2.645290E-07	-2.768326E-07	-2.583771E-07	-2.153143E-07	-1.537959E-07	-7.997387E-08	+0.000000E+00	+7.997387E-08	+1.537959E-07	+2.153143E-07	+2.583771E-07	+2.768326E-07	+2.645290E-07	+2.153143E-07	+1.230367E-07	-1.845551E-08	-2.153143E-07	-4.736914E-07	+4.847075E-07	+2.203216E-07	+1.888471E-08	-1.258980E-07	-2.203216E-07	-2.706808E-07	-2.832706E-07	-2.643859E-07	-2.203216E-07	-1.573726E-07	-8.183373E-08	+0.000000E+00
	A	+2.035771E-05	+1.017886E-05	+9.694150E-07	-7.270612E-06	-1.454122E-05	-2.084242E-05	-2.617420E-05	-3.053657E-05	-3.392952E-05	-3.635306E-05	-3.780718E-05	-3.829189E-05	-3.780718E-05	-3.635306E-05	-3.392952E-05	-3.053657E-05	-2.617420E-05	-2.084242E-05	-1.454122E-05	-7.270612E-06	+9.694150E-07	+1.017886E-05	+2.035771E-05	+9.253506E-06	+4.626753E-06	+4.406432E-07	-3.304824E-06	-6.609647E-06	-9.473828E-06	-1.189737E-05	-1.388026E-05	-1.542251E-05	-1.652412E-05	-1.718508E-05	-1.740540E-05	-1.718508E-05	-1.652412E-05	-1.542251E-05	-1.388026E-05	-1.189737E-05	-9.473828E-06	-6.609647E-06	-3.304824E-06	+4.406432E-07	+4.626753E-06	+9.253506E-06	+7.931577E-07	+3.965788E-07	+3.776941E-08	-2.832706E-07	-5.665412E-07	-8.120424E-07	-1.019774E-06	-1.189737E-06	-1.321929E-06	-1.416353E-06	-1.473007E-06	-1.491892E-06	-1.473007E-06	-1.416353E-06	-1.321929E-06	-1.189737E-06	-1.019774E-06	-8.120424E-07	-5.665412E-07	-2.832706E-07	+3.776941E-08	+3.965788E-07	+7.931577E-07	-5.287718E-06	-2.643859E-06	-2.517961E-07	+1.888471E-06	+3.776941E-06	+5.413616E-06	+6.798495E-06	+7.931577E-06	+8.812863E-06	+9.442353E-06	+9.820048E-06	+9.945946E-06	+9.820048E-06	+9.442353E-06	+8.812863E-06	+7.931577E-06	+6.798495E-06	+5.413616E-06	+3.776941E-06	+1.888471E-06	-2.517961E-07	-2.643859E-06	-5.287718E-06	-9.253506E-06	-4.626753E-06	-4.406432E-07	+3.304824E-06	+6.609647E-06	+9.473828E-06	+1.189737E-05	+1.388026E-05	+1.542251E-05	+1.652412E-05	+1.718508E-05	+1.740540E-05	+1.718508E-05	+1.652412E-05	+1.542251E-05	+1.388026E-05	+1.189737E-05	+9.473828E-06	+6.609647E-06	+3.304824E-06	-4.406432E-07	-4.626753E-06	-9.253506E-06	-1.136859E-05	-5.684297E-06	-5.413616E-07	+4.060212E-06	+8.120424E-06	+1.163927E-05	+1.461676E-05	+1.705289E-05	+1.894766E-05	+2.030106E-05	+2.111310E-05	+2.138378E-05	+2.111310E-05	+2.030106E-05	+1.894766E-05	+1.705289E-05	+1.461676E-05	+1.163927E-05	+8.120424E-06	+4.060212E-06	-5.413616E-07	-5.684297E-06	-1.136859E-05	-1.189737E-05	-5.948683E-06	-5.665412E-07	+4.249059E-06	+8.498118E-06	+1.218064E-05	+1.529661E-05	+1.784605E-05	+1.982894E-05	+2.124530E-05	+2.209511E-05	+2.237838E-05	+2.209511E-05	+2.124530E-05	+1.982894E-05	+1.784605E-05	+1.529661E-05	+1.218064E-05	+8.498118E-06	+4.249059E-06	-5.665412E-07	-5.948683E-06	-1.189737E-05	-1.110421E-05	-5.552104E-06	-5.287718E-07	+3.965788E-06	+7.931577E-06	+1.136859E-05	+1.427684E-05	+1.665631E-05	+1.850701E-05	+1.982894E-05	+2.062210E-05	+2.088649E-05	+2.062210E-05	+1.982894E-05	+1.850701E-05	+1.665631E-05	+1.427684E-05	+1.136859E-05	+7.931577E-06	+3.965788E-06	-5.287718E-07	-5.552104E-06	-1.110421E-05	-9.253506E-06	-4.626753E-06	-4.406432E-07	+3.304824E-06	+6.609647E-06	+9.473828E-06	+1.189737E-05	+1.388026E-05	+1.542251E-05	+1.652412E-05	+1.718508E-05	+1.740540E-05	+1.718508E-05	+1.652412E-05	+1.542251E-05	+1.388026E-05	+1.189737E-05	+9.473828E-06	+6.609647E-06	+3.304824E-06	-4.406432E-07	-4.626753E-06	-9.253506E-06	-6.609647E-06	-3.304824E-06	-3.147451E-07	+2.360588E-06	+4.721177E-06	+6.767020E-06	+8.498118E-06	+9.914471E-06	+1.101608E-05	+1.180294E-05	+1.227506E-05	+1.243243E-05	+1.227506E-05	+1.180294E-05	+1.101608E-05	+9.914471E-06	+8.498118E-06	+6.767020E-06	+4.721177E-06	+2.360588E-06	-3.147451E-07	-3.304824E-06	-6.609647E-06	-3.437017E-06	-1.718508E-06	-1.636675E-07	+1.227506E-06	+2.455012E-06	+3.518850E-06	+4.419021E-06	+5.155525E-06	+5.728361E-06	+6.137530E-06	+6.383031E-06	+6.464865E-06	+6.383031E-06	+6.137530E-06	+5.728361E-06	+5.155525E-06	+4.419021E-06	+3.518850E-06	+2.455012E-06	+1.227506E-06	-1.636675E-07	-1.718508E-06	-3.437017E-06	+0.000000E+00	+0.000000E+00	+0.000000E+00	+0.000000E+00	+0.000000E+00	+0.000000E+00	+0.000000E+00	+0.000000E+00	+0.000000E+00	+0.000000E+00	+0.000000E+00	+0.000000E+00
	S	-7.786391E-06	-1.611455E-06	+3.001458E-06	+6.208549E-06	+8.166022E-06	+9.030078E-06	+8.956920E-06	+8.102750E-06	+6.623771E-06	+4.676184E-06	+2.416193E-06	+0.000000E+00	-2.416193E-06	-4.676184E-06	-6.623771E-06	-8.102750E-06	-8.956920E-06	-9.030078E-06	-8.166022E-06	-6.208549E-06	-3.001458E-06	+1.611455E-06	+7.786391E-06	-3.539268E-06	-7.324794E-07	+1.364299E-06	+2.822068E-06	+3.711828E-06	+4.104581E-06	+4.071327E-06	+3.683068E-06	+3.010805E-06	+2.125538E-06	+1.098270E-06	+0.000000E+00	-1.098270E-06	-2.125538E-06	-3.010805E-06	-3.683068E-06	-4.071327E-06	-4.104581E-06	-3.711828E-06	-2.822068E-06	-1.364299E-06	+7.324794E-07	+3.539268E-06	-3.033659E-07	-6.278395E-08	+1.169399E-07	+2.418915E-07	+3.181567E-07	+3.518212E-07	+3.489709E-07	+3.156916E-07	+2.580690E-07	+1.821890E-07	+9.413740E-08	+0.000000E+00	-9.413740E-08	-1.821890E-07	-2.580690E-07	-3.156916E-07	-3.489709E-07	-3.518212E-07	-3.181567E-07	-2.418915E-07	-1.169399E-07	+6.278395E-08	+3.033659E-07	+2.022439E-06	+4.185596E-07	-7.795994E-07	-1.612610E-06	-2.121045E-06	-2.345475E-06	-2.326473E-06	-2.104610E-06	-1.720460E-06	-1.214593E-06	-6.275827E-07	+0.000000E+00	+6.275827E-07	+1.214593E-06	+1.720460E-06	+2.104610E-06	+2.326473E-06	+2.345475E-06	+2.121045E-06	+1.612610E-06	+7.795994E-07	-4.185596E-07	-2.022439E-06	+3.539268E-06	+7.324794E-07	-1.364299E-06	-2.822068E-06	-3.711828E-06	-4.104581E-06	-4.071327E-06	-3.683068E-06	-3.010805E-06	-2.125538E-06	-1.098270E-06	+0.000000E+00	+1.098270E-06	+2.125538E-06	+3.010805E-06	+3.683068E-06	+4.071327E-06	+4.104581E-06	+3.711828E-06	+2.822068E-06	+1.364299E-06	-7.324794E-07	-3.539268E-06	+4.348244E-06	+8.999032E-07	-1.676139E-06	-3.467112E-06	-4.560246E-06	-5.042771E-06	-5.001916E-06	-4.524912E-06	-3.698989E-06	-2.611376E-06	-1.349303E-06	+0.000000E+00	+1.349303E-06	+2.611376E-06	+3.698989E-06	+4.524912E-06	+5.001916E-06	+5.042771E-06	+4.560246E-06	+3.467112E-06	+1.676139E-06	-8.999032E-07	-4.348244E-06	+4.550488E-06	+9.417592E-07	-1.754099E-06	-3.628373E-06	-4.772350E-06	-5.277318E-06	-5.234563E-06	-4.735373E-06	-3.871035E-06	-2.732835E-06	-1.412061E-06	+0.000000E+00	+1.412061E-06	+2.732835E-06	+3.871035E-06	+4.735373E-06	+5.234563E-06	+5.277318E-06	+4.772350E-06	+3.628373E-06	+1.754099E-06	-9.417592E-07	-4.550488E-06	+4.247122E-06	+8.789753E-07	-1.637159E-06	-3.386481E-06	-4.454194E-06	-4.925497E-06	-4.885593E-06	-4.419682E-06	-3.612966E-06	-2.550646E-06	-1.317924E-06	+0.000000E+00	+1.317924E-06	+2.550646E-06	+3.612966E-06	+4.419682E-06	+4.885593E-06	+4.925497E-06	+4.454194E-06	+3.386481E-06	+1.637159E-06	-8.789753E-07	-4.247122E-06	+3.539268E-06	+7.324794E-07	-1.364299E-06	-2.822068E-06	-3.711828E-06	-4.104581E-06	-4.071327E-06	-3.683068E-06	-3.010805E-06	-2.125538E-06	-1.098270E-06	+0.000000E+00	+1.098270E-06	+2.125538E-06	+3.010805E-06	+3.683068E-06	+4.071327E-06	+4.104581E-06	+3.711828E-06	+2.822068E-06	+1.364299E-06	-7.324794E-07	-3.539268E-06	+2.528049E-06	+5.231996E-07	-9.744993E-07	-2.015763E-06	-2.651306E-06	-2.931843E-06	-2.908091E-06	-2.630763E-06	-2.150575E-06	-1.518242E-06	-7.844784E-07	+0.000000E+00	+7.844784E-07	+1.518242E-06	+2.150575E-06	+2.630763E-06	+2.908091E-06	+2.931843E-06	+2.651306E-06	+2.015763E-06	+9.744993E-07	-5.231996E-07	-2.528049E-06	+1.314585E-06	+2.720638E-07	-5.067396E-07	-1.048197E-06	-1.378679E-06	-1.524559E-06	-1.512207E-06	-1.367997E-06	-1.118299E-06	-7.894857E-07	-4.079287E-07	+0.000000E+00	+4.079287E-07	+7.894857E-07	+1.118299E-06	+1.367997E-06	+1.512207E-06	+1.524559E-06	+1.378679E-06	+1.048197E-06	+5.067396E-07	-2.720638E-07	-1.314585E-06	+0.000000E+00	+0.000000E+00	+0.000000E+00	+0.000000E+00	+0.000000E+00	+0.000000E+00	+0.000000E+00	+0.000000E+00	+0.000000E+00	+0.000000E+00	+0.000000E+00	+0.000000E+00
	A	-8.482381E-07	-6.169004E-07	-4.075949E-07	-2.203216E-07	-5.508040E-08	+8.812863E-08	+2.093055E-07	+3.084502E-07	+3.855628E-07	+4.406432E-07	+4.736914E-07	+4.847075E-07	+4.736914E-07	+4.406432E-07	+3.855628E-07	+3.084502E-07	+2.093055E-07	+8.812863E-08	-5.508040E-08	-2.203216E-07	-4.075949E-07	-6.169004E-07	-8.482381E-07	-3.855628E-07	-2.804093E-07	-1.852704E-07	-1.001462E-07	-2.503654E-08	+4.005847E-08	+9.513886E-08	+1.402046E-07	+1.752558E-07	+2.002923E-07	+2.153143E-07	+2.203216E-07	+2.153143E-07	+2.002923E-07	+1.752558E-07	+1.402046E-07	+9.513886E-08	+4.005847E-08	-2.503654E-08	-1.001462E-07	-1.852704E-07	-2.804093E-07	-3.855628E-07	-3.304824E-08	-2.403508E-08	-1.588032E-08	-8.583958E-09	-2.145989E-09	+3.433583E-09	+8.154760E-09	+1.201754E-08	+1.502193E-08	+1.716792E-08	+1.845551E-08	+1.888471E-08	+1.845551E-08	+1.716792E-08	+1.502193E-08	+1.201754E-08	+8.154760E-09	+3.433583E-09	-2.145989E-09	-8.583958E-09	-1.588032E-08	-2.403508E-08	-3.304824E-08	+2.203216E-07	+1.602339E-07	+1.058688E-07	+5.722638E-08	+1.430660E-08	-2.289055E-08	-5.436507E-08	-8.011694E-08	-1.001462E-07	-1.144528E-07	-1.230367E-07	-1.258980E-07	-1.230367E-07	-1.144528E-07	-1.001462E-07	-8.011694E-08	-5.436507E-08	-2.289055E-08	+1.430660E-08	+5.722638E-08	+1.058688E-07	+1.602339E-07	+2.203216E-07	+3.855628E-07	+2.804093E-07	+1.852704E-07	+1.001462E-07	+2.503654E-08	-4.005847E-08	-9.513886E-08	-1.402046E-07	-1.752558E-07	-2.002923E-07	-2.153143E-07	-2.203216E-07	-2.153143E-07	-2.002923E-07	-1.752558E-07	-1.402046E-07	-9.513886E-08	-4.005847E-08	+2.503654E-08	+1.001462E-07	+1.852704E-07	+2.804093E-07	+3.855628E-07	+4.736914E-07	+3.445028E-07	+2.276179E-07	+1.230367E-07	+3.075918E-08	-4.921469E-08	-1.168849E-07	-1.722514E-07	-2.153143E-07	-2.460735E-07	-2.645290E-07	-2.706808E-07	-2.645290E-07	-2.460735E-07	-2.153143E-07	-1.722514E-07	-1.168849E-07	-4.921469E-08	+3.075918E-08	+1.230367E-07	+2.276179E-07	+3.445028E-07	+4.736914E-07	+4.957236E-07	+3.605262E-07	+2.382048E-07	+1.287594E-07	+3.218984E-08	-5.150375E-08	-1.223214E-07	-1.802631E-07	-2.253289E-07	-2.575187E-07	-2.768326E-07	-2.832706E-07	-2.768326E-07	-2.575187E-07	-2.253289E-07	-1.802631E-07	-1.223214E-07	-5.150375E-08	+3.218984E-08	+1.287594E-07	+2.382048E-07	+3.605262E-07	+4.957236E-07	+4.626753E-07	+3.364911E-07	+2.223245E-07	+1.201754E-07	+3.004385E-08	-4.807016E-08	-1.141666E-07	-1.682456E-07	-2.103070E-07	-2.403508E-07	-2.583771E-07	-2.643859E-07	-2.583771E-07	-2.403508E-07	-2.103070E-07	-1.682456E-07	-1.141666E-07	-4.807016E-08	+3.004385E-08	+1.201754E-07	+2.223245E-07	+3.364911E-07	+4.626753E-07	+3.855628E-07	+2.804093E-07	+1.852704E-07	+1.001462E-07	+2.503654E-08	-4.005847E-08	-9.513886E-08	-1.402046E-07	-1.752558E-07	-2.002923E-07	-2.153143E-07	-2.203216E-07	-2.153143E-07	-2.002923E-07	-1.752558E-07	-1.402046E-07	-9.513886E-08	-4.005847E-08	+2.503654E-08	+1.001462E-07	+1.852704E-07	+2.804093E-07	+3.855628E-07	+2.754020E-07	+2.002923E-07	+1.323360E-07	+7.153298E-08	+1.788325E-08	-2.861319E-08	-6.795633E-08	-1.001462E-07	-1.251827E-07	-1.430660E-07	-1.537959E-07	-1.573726E-07	-1.537959E-07	-1.430660E-07	-1.251827E-07	-1.001462E-07	-6.795633E-08	-2.861319E-08	+1.788325E-08	+7.153298E-08	+1.323360E-07	+2.002923E-07	+2.754020E-07	+1.432090E-07	+1.041520E-07	+6.881473E-08	+3.719715E-08	+9.299288E-09	-1.487886E-08	-3.533729E-08	-5.207601E-08	-6.509501E-08	-7.439430E-08	-7.997387E-08	-8.183373E-08	-7.997387E-08	-7.439430E-08	-6.509501E-08	-5.207601E-08	-3.533729E-08	-1.487886E-08	+9.299288E-09	+3.719715E-08	+6.881473E-08	+1.041520E-07	+1.432090E-07	+0.000000E+00	+0.000000E+00	+0.000000E+00	+0.000000E+00	+0.000000E+00	+0.000000E+00	+0.000000E+00	+0.000000E+00	+0.000000E+00	+0.000000E+00	+0.000000E+00	+0.000000E+00
	S	+1.522479E-07	+6.920357E-08	+5.931735E-09	-3.954490E-08	-6.920357E-08	-8.502153E-08	-8.897602E-08	-8.304429E-08	-6.920357E-08	-4.943112E-08	-2.570418E-08	+0.000000E+00	+2.570418E-08	+4.943112E-08	+6.920357E-08	+8.304429E-08	+8.897602E-08	+8.502153E-08	+6.920357E-08	+3.954490E-08	-5.931735E-09	-6.920357E-08	-1.522479E-07	+6.920357E-08	+3.145617E-08	+2.696243E-09	-1.797495E-08	-3.145617E-08	-3.864615E-08	-4.044365E-08	-3.774740E-08	-3.145617E-08	-2.246869E-08	-1.168372E-08	+0.000000E+00	+1.168372E-08	+2.246869E-08	+3.145617E-08	+3.774740E-08	+4.044365E-08	+3.864615E-08	+3.145617E-08	+1.797495E-08	-2.696243E-09	-3.145617E-08	-6.920357E-08	+5.931735E-09	+2.696243E-09	+2.311066E-10	-1.540710E-09	-2.696243E-09	-3.312527E-09	-3.466598E-09	-3.235492E-09	-2.696243E-09	-1.925888E-09	-1.001462E-09	+0.000000E+00	+1.001462E-09	+1.925888E-09	+2.696243E-09	+3.235492E-09	+3.466598E-09	+3.312527E-09	+2.696243E-09	+1.540710E-09	-2.311066E-10	-2.696243E-09	-5.931735E-09	-3.954490E-08	-1.797495E-08	-1.540710E-09	+1.027140E-08	+1.797495E-08	+2.208352E-08	+2.311066E-08	+2.156995E-08	+1.797495E-08	+1.283925E-08	+6.676412E-09	+0.000000E+00	-6.676412E-09	-1.283925E-08	-1.797495E-08	-2.156995E-08	-2.311066E-08	-2.208352E-08	-1.797495E-08	-1.027140E-08	+1.540710E-09	+1.797495E-08	+3.954490E-08	-6.920357E-08	-3.145617E-08	-2.696243E-09	+1.797495E-08	+3.145617E-08	+3.864615E-08	+4.044365E-08	+3.774740E-08	+3.145617E-08	+2.246869E-08	+1.168372E-08	+0.000000E+00	-1.168372E-08	-2.246869E-08	-3.145617E-08	-3.774740E-08	-4.044365E-08	-3.864615E-08	-3.145617E-08	-1.797495E-08	+2.696243E-09	+3.145617E-08	+6.920357E-08	-8.502153E-08	-3.864615E-08	-3.312527E-09	+2.208352E-08	+3.864615E-08	+4.747956E-08	+4.968791E-08	+4.637538E-08	+3.864615E-08	+2.760439E-08	+1.435428E-08	+0.000000E+00	-1.435428E-08	-2.760439E-08	-3.864615E-08	-4.637538E-08	-4.968791E-08	-4.747956E-08	-3.864615E-08	-2.208352E-08	+3.312527E-09	+3.864615E-08	+8.502153E-08	-8.897602E-08	-4.044365E-08	-3.466598E-09	+2.311066E-08	+4.044365E-08	+4.968791E-08	+5.199897E-08	+4.853238E-08	+4.044365E-08	+2.888832E-08	+1.502193E-08	+0.000000E+00	-1.502193E-08	-2.888832E-08	-4.044365E-08	-4.853238E-08	-5.199897E-08	-4.968791E-08	-4.044365E-08	-2.311066E-08	+3.466598E-09	+4.044365E-08	+8.897602E-08	-8.304429E-08	-3.774740E-08	-3.235492E-09	+2.156995E-08	+3.774740E-08	+4.637538E-08	+4.853238E-08	+4.529688E-08	+3.774740E-08	+2.696243E-08	+1.402046E-08	+0.000000E+00	-1.402046E-08	-2.696243E-08	-3.774740E-08	-4.529688E-08	-4.853238E-08	-4.637538E-08	-3.774740E-08	-2.156995E-08	+3.235492E-09	+3.774740E-08	+8.304429E-08	-6.920357E-08	-3.145617E-08	-2.696243E-09	+1.797495E-08	+3.145617E-08	+3.864615E-08	+4.044365E-08	+3.774740E-08	+3.145617E-08	+2.246869E-08	+1.168372E-08	+0.000000E+00	-1.168372E-08	-2.246869E-08	-3.145617E-08	-3.774740E-08	-4.044365E-08	-3.864615E-08	-3.145617E-08	-1.797495E-08	+2.696243E-09	+3.145617E-08	+6.920357E-08	-4.943112E-08	-2.246869E-08	-1.925888E-09	+1.283925E-08	+2.246869E-08	+2.760439E-08	+2.888832E-08	+2.696243E-08	+2.246869E-08	+1.604907E-08	+8.345514E-09	+0.000000E+00	-8.345514E-09	-1.604907E-08	-2.246869E-08	-2.696243E-08	-2.888832E-08	-2.760439E-08	-2.246869E-08	-1.283925E-08	+1.925888E-09	+2.246869E-08	+4.943112E-08	-2.570418E-08	-1.168372E-08	-1.001462E-09	+6.676412E-09	+1.168372E-08	+1.435428E-08	+1.502193E-08	+1.402046E-08	+1.168372E-08	+8.345514E-09	+4.339668E-09	+0.000000E+00	-4.339668E-09	-8.345514E-09	-1.168372E-08	-1.402046E-08	-1.502193E-08	-1.435428E-08	-1.168372E-08	-6.676412E-09	+1.001462E-09	+1.168372E-08	+2.570418E-08	+0.000000E+00	+0.000000E+00	+0.000000E+00	+0.000000E+00	+0.000000E+00	+0.000000E+00	+0.000000E+00	+0.000000E+00	+0.000000E+00	+0.000000E+00	+0.000000E+00	+0.000000E+00
# Matrix ends.
#
#
# ---------------------------------- LICENSE NOTICE -----------------------------------
# THIS DATA IS RELEASED UNDER THE CREATIVE COMMONS LICENSE "CC BY-NC-SA 4.0".
#   This license lets you remix, tweak, and build upon this work non-commercially,
#   as long as you credit me and license your new creations under the terms identical
#   to the current license.
# SEE "https://creativecommons.org/licenses/by-nc-sa/4.0" FOR DETAILS.
#
# RELEASED BY: Chandra Shekhar
#      E-mail: chandraiitk[AT]yahoo[DOT]co[DOT]in
#    Homepage: https://sites.google.com/site/chandraacads
# FOR ANY QUESTION OR COMMENT, OR FOR A COMMERCIAL LICENSE, PLEASE EMAIL ME.
#
# For additional details, please visit my homepage.
#
# ==================================== End of File ====================================
