# ================================== Start of File ====================================
# Spatial dimensions = 2
# Kernel size = 23x23
# Polynomial order = 1x3
# Size of the convolution coefficient matrix = 8x529
#
# Column# 1:
#    S/A => The left and the right halves of the row are symmetric(S)/anti-symmetric(A) about the middle column.
#           If symmetric elements on the right half, their signs are same as the corresponding elements on the left side.
#           If anti-symmetric elements, the signs are opposite.
# Column# 2~265 = the left-half columns of the row.
# Column# 266 = the middle column of the row.
# Column# 267~530, which are the right-half columns, are not stored, because they are symmetric/anti-symmetric
#           of the elements in the column# 265~2, respectively.
# Matrix starts:
	S	-2.268431E-03	-1.134216E-03	-1.080205E-04	+8.101539E-04	+1.620308E-03	+2.322441E-03	+2.916554E-03	+3.402647E-03	+3.780718E-03	+4.050770E-03	+4.212800E-03	+4.266811E-03	+4.212800E-03	+4.050770E-03	+3.780718E-03	+3.402647E-03	+2.916554E-03	+2.322441E-03	+1.620308E-03	+8.101539E-04	-1.080205E-04	-1.134216E-03	-2.268431E-03	-2.268431E-03	-1.134216E-03	-1.080205E-04	+8.101539E-04	+1.620308E-03	+2.322441E-03	+2.916554E-03	+3.402647E-03	+3.780718E-03	+4.050770E-03	+4.212800E-03	+4.266811E-03	+4.212800E-03	+4.050770E-03	+3.780718E-03	+3.402647E-03	+2.916554E-03	+2.322441E-03	+1.620308E-03	+8.101539E-04	-1.080205E-04	-1.134216E-03	-2.268431E-03	-2.268431E-03	-1.134216E-03	-1.080205E-04	+8.101539E-04	+1.620308E-03	+2.322441E-03	+2.916554E-03	+3.402647E-03	+3.780718E-03	+4.050770E-03	+4.212800E-03	+4.266811E-03	+4.212800E-03	+4.050770E-03	+3.780718E-03	+3.402647E-03	+2.916554E-03	+2.322441E-03	+1.620308E-03	+8.101539E-04	-1.080205E-04	-1.134216E-03	-2.268431E-03	-2.268431E-03	-1.134216E-03	-1.080205E-04	+8.101539E-04	+1.620308E-03	+2.322441E-03	+2.916554E-03	+3.402647E-03	+3.780718E-03	+4.050770E-03	+4.212800E-03	+4.266811E-03	+4.212800E-03	+4.050770E-03	+3.780718E-03	+3.402647E-03	+2.916554E-03	+2.322441E-03	+1.620308E-03	+8.101539E-04	-1.080205E-04	-1.134216E-03	-2.268431E-03	-2.268431E-03	-1.134216E-03	-1.080205E-04	+8.101539E-04	+1.620308E-03	+2.322441E-03	+2.916554E-03	+3.402647E-03	+3.780718E-03	+4.050770E-03	+4.212800E-03	+4.266811E-03	+4.212800E-03	+4.050770E-03	+3.780718E-03	+3.402647E-03	+2.916554E-03	+2.322441E-03	+1.620308E-03	+8.101539E-04	-1.080205E-04	-1.134216E-03	-2.268431E-03	-2.268431E-03	-1.134216E-03	-1.080205E-04	+8.101539E-04	+1.620308E-03	+2.322441E-03	+2.916554E-03	+3.402647E-03	+3.780718E-03	+4.050770E-03	+4.212800E-03	+4.266811E-03	+4.212800E-03	+4.050770E-03	+3.780718E-03	+3.402647E-03	+2.916554E-03	+2.322441E-03	+1.620308E-03	+8.101539E-04	-1.080205E-04	-1.134216E-03	-2.268431E-03	-2.268431E-03	-1.134216E-03	-1.080205E-04	+8.101539E-04	+1.620308E-03	+2.322441E-03	+2.916554E-03	+3.402647E-03	+3.780718E-03	+4.050770E-03	+4.212800E-03	+4.266811E-03	+4.212800E-03	+4.050770E-03	+3.780718E-03	+3.402647E-03	+2.916554E-03	+2.322441E-03	+1.620308E-03	+8.101539E-04	-1.080205E-04	-1.134216E-03	-2.268431E-03	-2.268431E-03	-1.134216E-03	-1.080205E-04	+8.101539E-04	+1.620308E-03	+2.322441E-03	+2.916554E-03	+3.402647E-03	+3.780718E-03	+4.050770E-03	+4.212800E-03	+4.266811E-03	+4.212800E-03	+4.050770E-03	+3.780718E-03	+3.402647E-03	+2.916554E-03	+2.322441E-03	+1.620308E-03	+8.101539E-04	-1.080205E-04	-1.134216E-03	-2.268431E-03	-2.268431E-03	-1.134216E-03	-1.080205E-04	+8.101539E-04	+1.620308E-03	+2.322441E-03	+2.916554E-03	+3.402647E-03	+3.780718E-03	+4.050770E-03	+4.212800E-03	+4.266811E-03	+4.212800E-03	+4.050770E-03	+3.780718E-03	+3.402647E-03	+2.916554E-03	+2.322441E-03	+1.620308E-03	+8.101539E-04	-1.080205E-04	-1.134216E-03	-2.268431E-03	-2.268431E-03	-1.134216E-03	-1.080205E-04	+8.101539E-04	+1.620308E-03	+2.322441E-03	+2.916554E-03	+3.402647E-03	+3.780718E-03	+4.050770E-03	+4.212800E-03	+4.266811E-03	+4.212800E-03	+4.050770E-03	+3.780718E-03	+3.402647E-03	+2.916554E-03	+2.322441E-03	+1.620308E-03	+8.101539E-04	-1.080205E-04	-1.134216E-03	-2.268431E-03	-2.268431E-03	-1.134216E-03	-1.080205E-04	+8.101539E-04	+1.620308E-03	+2.322441E-03	+2.916554E-03	+3.402647E-03	+3.780718E-03	+4.050770E-03	+4.212800E-03	+4.266811E-03	+4.212800E-03	+4.050770E-03	+3.780718E-03	+3.402647E-03	+2.916554E-03	+2.322441E-03	+1.620308E-03	+8.101539E-04	-1.080205E-04	-1.134216E-03	-2.268431E-03	-2.268431E-03	-1.134216E-03	-1.080205E-04	+8.101539E-04	+1.620308E-03	+2.322441E-03	+2.916554E-03	+3.402647E-03	+3.780718E-03	+4.050770E-03	+4.212800E-03	+4.266811E-03
	A	+8.676264E-04	+1.795621E-04	-3.344482E-04	-6.918098E-04	-9.099281E-04	-1.006209E-03	-9.980568E-04	-9.028778E-04	-7.380773E-04	-5.210605E-04	-2.692330E-04	+0.000000E+00	+2.692330E-04	+5.210605E-04	+7.380773E-04	+9.028778E-04	+9.980568E-04	+1.006209E-03	+9.099281E-04	+6.918098E-04	+3.344482E-04	-1.795621E-04	-8.676264E-04	+8.676264E-04	+1.795621E-04	-3.344482E-04	-6.918098E-04	-9.099281E-04	-1.006209E-03	-9.980568E-04	-9.028778E-04	-7.380773E-04	-5.210605E-04	-2.692330E-04	+0.000000E+00	+2.692330E-04	+5.210605E-04	+7.380773E-04	+9.028778E-04	+9.980568E-04	+1.006209E-03	+9.099281E-04	+6.918098E-04	+3.344482E-04	-1.795621E-04	-8.676264E-04	+8.676264E-04	+1.795621E-04	-3.344482E-04	-6.918098E-04	-9.099281E-04	-1.006209E-03	-9.980568E-04	-9.028778E-04	-7.380773E-04	-5.210605E-04	-2.692330E-04	+0.000000E+00	+2.692330E-04	+5.210605E-04	+7.380773E-04	+9.028778E-04	+9.980568E-04	+1.006209E-03	+9.099281E-04	+6.918098E-04	+3.344482E-04	-1.795621E-04	-8.676264E-04	+8.676264E-04	+1.795621E-04	-3.344482E-04	-6.918098E-04	-9.099281E-04	-1.006209E-03	-9.980568E-04	-9.028778E-04	-7.380773E-04	-5.210605E-04	-2.692330E-04	+0.000000E+00	+2.692330E-04	+5.210605E-04	+7.380773E-04	+9.028778E-04	+9.980568E-04	+1.006209E-03	+9.099281E-04	+6.918098E-04	+3.344482E-04	-1.795621E-04	-8.676264E-04	+8.676264E-04	+1.795621E-04	-3.344482E-04	-6.918098E-04	-9.099281E-04	-1.006209E-03	-9.980568E-04	-9.028778E-04	-7.380773E-04	-5.210605E-04	-2.692330E-04	+0.000000E+00	+2.692330E-04	+5.210605E-04	+7.380773E-04	+9.028778E-04	+9.980568E-04	+1.006209E-03	+9.099281E-04	+6.918098E-04	+3.344482E-04	-1.795621E-04	-8.676264E-04	+8.676264E-04	+1.795621E-04	-3.344482E-04	-6.918098E-04	-9.099281E-04	-1.006209E-03	-9.980568E-04	-9.028778E-04	-7.380773E-04	-5.210605E-04	-2.692330E-04	+0.000000E+00	+2.692330E-04	+5.210605E-04	+7.380773E-04	+9.028778E-04	+9.980568E-04	+1.006209E-03	+9.099281E-04	+6.918098E-04	+3.344482E-04	-1.795621E-04	-8.676264E-04	+8.676264E-04	+1.795621E-04	-3.344482E-04	-6.918098E-04	-9.099281E-04	-1.006209E-03	-9.980568E-04	-9.028778E-04	-7.380773E-04	-5.210605E-04	-2.692330E-04	+0.000000E+00	+2.692330E-04	+5.210605E-04	+7.380773E-04	+9.028778E-04	+9.980568E-04	+1.006209E-03	+9.099281E-04	+6.918098E-04	+3.344482E-04	-1.795621E-04	-8.676264E-04	+8.676264E-04	+1.795621E-04	-3.344482E-04	-6.918098E-04	-9.099281E-04	-1.006209E-03	-9.980568E-04	-9.028778E-04	-7.380773E-04	-5.210605E-04	-2.692330E-04	+0.000000E+00	+2.692330E-04	+5.210605E-04	+7.380773E-04	+9.028778E-04	+9.980568E-04	+1.006209E-03	+9.099281E-04	+6.918098E-04	+3.344482E-04	-1.795621E-04	-8.676264E-04	+8.676264E-04	+1.795621E-04	-3.344482E-04	-6.918098E-04	-9.099281E-04	-1.006209E-03	-9.980568E-04	-9.028778E-04	-7.380773E-04	-5.210605E-04	-2.692330E-04	+0.000000E+00	+2.692330E-04	+5.210605E-04	+7.380773E-04	+9.028778E-04	+9.980568E-04	+1.006209E-03	+9.099281E-04	+6.918098E-04	+3.344482E-04	-1.795621E-04	-8.676264E-04	+8.676264E-04	+1.795621E-04	-3.344482E-04	-6.918098E-04	-9.099281E-04	-1.006209E-03	-9.980568E-04	-9.028778E-04	-7.380773E-04	-5.210605E-04	-2.692330E-04	+0.000000E+00	+2.692330E-04	+5.210605E-04	+7.380773E-04	+9.028778E-04	+9.980568E-04	+1.006209E-03	+9.099281E-04	+6.918098E-04	+3.344482E-04	-1.795621E-04	-8.676264E-04	+8.676264E-04	+1.795621E-04	-3.344482E-04	-6.918098E-04	-9.099281E-04	-1.006209E-03	-9.980568E-04	-9.028778E-04	-7.380773E-04	-5.210605E-04	-2.692330E-04	+0.000000E+00	+2.692330E-04	+5.210605E-04	+7.380773E-04	+9.028778E-04	+9.980568E-04	+1.006209E-03	+9.099281E-04	+6.918098E-04	+3.344482E-04	-1.795621E-04	-8.676264E-04	+8.676264E-04	+1.795621E-04	-3.344482E-04	-6.918098E-04	-9.099281E-04	-1.006209E-03	-9.980568E-04	-9.028778E-04	-7.380773E-04	-5.210605E-04	-2.692330E-04	+0.000000E+00
	S	+9.451796E-05	+6.874033E-05	+4.541772E-05	+2.455012E-05	+6.137530E-06	-9.820048E-06	-2.332261E-05	-3.437017E-05	-4.296271E-05	-4.910024E-05	-5.278276E-05	-5.401026E-05	-5.278276E-05	-4.910024E-05	-4.296271E-05	-3.437017E-05	-2.332261E-05	-9.820048E-06	+6.137530E-06	+2.455012E-05	+4.541772E-05	+6.874033E-05	+9.451796E-05	+9.451796E-05	+6.874033E-05	+4.541772E-05	+2.455012E-05	+6.137530E-06	-9.820048E-06	-2.332261E-05	-3.437017E-05	-4.296271E-05	-4.910024E-05	-5.278276E-05	-5.401026E-05	-5.278276E-05	-4.910024E-05	-4.296271E-05	-3.437017E-05	-2.332261E-05	-9.820048E-06	+6.137530E-06	+2.455012E-05	+4.541772E-05	+6.874033E-05	+9.451796E-05	+9.451796E-05	+6.874033E-05	+4.541772E-05	+2.455012E-05	+6.137530E-06	-9.820048E-06	-2.332261E-05	-3.437017E-05	-4.296271E-05	-4.910024E-05	-5.278276E-05	-5.401026E-05	-5.278276E-05	-4.910024E-05	-4.296271E-05	-3.437017E-05	-2.332261E-05	-9.820048E-06	+6.137530E-06	+2.455012E-05	+4.541772E-05	+6.874033E-05	+9.451796E-05	+9.451796E-05	+6.874033E-05	+4.541772E-05	+2.455012E-05	+6.137530E-06	-9.820048E-06	-2.332261E-05	-3.437017E-05	-4.296271E-05	-4.910024E-05	-5.278276E-05	-5.401026E-05	-5.278276E-05	-4.910024E-05	-4.296271E-05	-3.437017E-05	-2.332261E-05	-9.820048E-06	+6.137530E-06	+2.455012E-05	+4.541772E-05	+6.874033E-05	+9.451796E-05	+9.451796E-05	+6.874033E-05	+4.541772E-05	+2.455012E-05	+6.137530E-06	-9.820048E-06	-2.332261E-05	-3.437017E-05	-4.296271E-05	-4.910024E-05	-5.278276E-05	-5.401026E-05	-5.278276E-05	-4.910024E-05	-4.296271E-05	-3.437017E-05	-2.332261E-05	-9.820048E-06	+6.137530E-06	+2.455012E-05	+4.541772E-05	+6.874033E-05	+9.451796E-05	+9.451796E-05	+6.874033E-05	+4.541772E-05	+2.455012E-05	+6.137530E-06	-9.820048E-06	-2.332261E-05	-3.437017E-05	-4.296271E-05	-4.910024E-05	-5.278276E-05	-5.401026E-05	-5.278276E-05	-4.910024E-05	-4.296271E-05	-3.437017E-05	-2.332261E-05	-9.820048E-06	+6.137530E-06	+2.455012E-05	+4.541772E-05	+6.874033E-05	+9.451796E-05	+9.451796E-05	+6.874033E-05	+4.541772E-05	+2.455012E-05	+6.137530E-06	-9.820048E-06	-2.332261E-05	-3.437017E-05	-4.296271E-05	-4.910024E-05	-5.278276E-05	-5.401026E-05	-5.278276E-05	-4.910024E-05	-4.296271E-05	-3.437017E-05	-2.332261E-05	-9.820048E-06	+6.137530E-06	+2.455012E-05	+4.541772E-05	+6.874033E-05	+9.451796E-05	+9.451796E-05	+6.874033E-05	+4.541772E-05	+2.455012E-05	+6.137530E-06	-9.820048E-06	-2.332261E-05	-3.437017E-05	-4.296271E-05	-4.910024E-05	-5.278276E-05	-5.401026E-05	-5.278276E-05	-4.910024E-05	-4.296271E-05	-3.437017E-05	-2.332261E-05	-9.820048E-06	+6.137530E-06	+2.455012E-05	+4.541772E-05	+6.874033E-05	+9.451796E-05	+9.451796E-05	+6.874033E-05	+4.541772E-05	+2.455012E-05	+6.137530E-06	-9.820048E-06	-2.332261E-05	-3.437017E-05	-4.296271E-05	-4.910024E-05	-5.278276E-05	-5.401026E-05	-5.278276E-05	-4.910024E-05	-4.296271E-05	-3.437017E-05	-2.332261E-05	-9.820048E-06	+6.137530E-06	+2.455012E-05	+4.541772E-05	+6.874033E-05	+9.451796E-05	+9.451796E-05	+6.874033E-05	+4.541772E-05	+2.455012E-05	+6.137530E-06	-9.820048E-06	-2.332261E-05	-3.437017E-05	-4.296271E-05	-4.910024E-05	-5.278276E-05	-5.401026E-05	-5.278276E-05	-4.910024E-05	-4.296271E-05	-3.437017E-05	-2.332261E-05	-9.820048E-06	+6.137530E-06	+2.455012E-05	+4.541772E-05	+6.874033E-05	+9.451796E-05	+9.451796E-05	+6.874033E-05	+4.541772E-05	+2.455012E-05	+6.137530E-06	-9.820048E-06	-2.332261E-05	-3.437017E-05	-4.296271E-05	-4.910024E-05	-5.278276E-05	-5.401026E-05	-5.278276E-05	-4.910024E-05	-4.296271E-05	-3.437017E-05	-2.332261E-05	-9.820048E-06	+6.137530E-06	+2.455012E-05	+4.541772E-05	+6.874033E-05	+9.451796E-05	+9.451796E-05	+6.874033E-05	+4.541772E-05	+2.455012E-05	+6.137530E-06	-9.820048E-06	-2.332261E-05	-3.437017E-05	-4.296271E-05	-4.910024E-05	-5.278276E-05	-5.401026E-05
	A	-1.696476E-05	-7.711255E-06	-6.609647E-07	+4.406432E-06	+7.711255E-06	+9.473828E-06	+9.914471E-06	+9.253506E-06	+7.711255E-06	+5.508040E-06	+2.864181E-06	+0.000000E+00	-2.864181E-06	-5.508040E-06	-7.711255E-06	-9.253506E-06	-9.914471E-06	-9.473828E-06	-7.711255E-06	-4.406432E-06	+6.609647E-07	+7.711255E-06	+1.696476E-05	-1.696476E-05	-7.711255E-06	-6.609647E-07	+4.406432E-06	+7.711255E-06	+9.473828E-06	+9.914471E-06	+9.253506E-06	+7.711255E-06	+5.508040E-06	+2.864181E-06	+0.000000E+00	-2.864181E-06	-5.508040E-06	-7.711255E-06	-9.253506E-06	-9.914471E-06	-9.473828E-06	-7.711255E-06	-4.406432E-06	+6.609647E-07	+7.711255E-06	+1.696476E-05	-1.696476E-05	-7.711255E-06	-6.609647E-07	+4.406432E-06	+7.711255E-06	+9.473828E-06	+9.914471E-06	+9.253506E-06	+7.711255E-06	+5.508040E-06	+2.864181E-06	+0.000000E+00	-2.864181E-06	-5.508040E-06	-7.711255E-06	-9.253506E-06	-9.914471E-06	-9.473828E-06	-7.711255E-06	-4.406432E-06	+6.609647E-07	+7.711255E-06	+1.696476E-05	-1.696476E-05	-7.711255E-06	-6.609647E-07	+4.406432E-06	+7.711255E-06	+9.473828E-06	+9.914471E-06	+9.253506E-06	+7.711255E-06	+5.508040E-06	+2.864181E-06	+0.000000E+00	-2.864181E-06	-5.508040E-06	-7.711255E-06	-9.253506E-06	-9.914471E-06	-9.473828E-06	-7.711255E-06	-4.406432E-06	+6.609647E-07	+7.711255E-06	+1.696476E-05	-1.696476E-05	-7.711255E-06	-6.609647E-07	+4.406432E-06	+7.711255E-06	+9.473828E-06	+9.914471E-06	+9.253506E-06	+7.711255E-06	+5.508040E-06	+2.864181E-06	+0.000000E+00	-2.864181E-06	-5.508040E-06	-7.711255E-06	-9.253506E-06	-9.914471E-06	-9.473828E-06	-7.711255E-06	-4.406432E-06	+6.609647E-07	+7.711255E-06	+1.696476E-05	-1.696476E-05	-7.711255E-06	-6.609647E-07	+4.406432E-06	+7.711255E-06	+9.473828E-06	+9.914471E-06	+9.253506E-06	+7.711255E-06	+5.508040E-06	+2.864181E-06	+0.000000E+00	-2.864181E-06	-5.508040E-06	-7.711255E-06	-9.253506E-06	-9.914471E-06	-9.473828E-06	-7.711255E-06	-4.406432E-06	+6.609647E-07	+7.711255E-06	+1.696476E-05	-1.696476E-05	-7.711255E-06	-6.609647E-07	+4.406432E-06	+7.711255E-06	+9.473828E-06	+9.914471E-06	+9.253506E-06	+7.711255E-06	+5.508040E-06	+2.864181E-06	+0.000000E+00	-2.864181E-06	-5.508040E-06	-7.711255E-06	-9.253506E-06	-9.914471E-06	-9.473828E-06	-7.711255E-06	-4.406432E-06	+6.609647E-07	+7.711255E-06	+1.696476E-05	-1.696476E-05	-7.711255E-06	-6.609647E-07	+4.406432E-06	+7.711255E-06	+9.473828E-06	+9.914471E-06	+9.253506E-06	+7.711255E-06	+5.508040E-06	+2.864181E-06	+0.000000E+00	-2.864181E-06	-5.508040E-06	-7.711255E-06	-9.253506E-06	-9.914471E-06	-9.473828E-06	-7.711255E-06	-4.406432E-06	+6.609647E-07	+7.711255E-06	+1.696476E-05	-1.696476E-05	-7.711255E-06	-6.609647E-07	+4.406432E-06	+7.711255E-06	+9.473828E-06	+9.914471E-06	+9.253506E-06	+7.711255E-06	+5.508040E-06	+2.864181E-06	+0.000000E+00	-2.864181E-06	-5.508040E-06	-7.711255E-06	-9.253506E-06	-9.914471E-06	-9.473828E-06	-7.711255E-06	-4.406432E-06	+6.609647E-07	+7.711255E-06	+1.696476E-05	-1.696476E-05	-7.711255E-06	-6.609647E-07	+4.406432E-06	+7.711255E-06	+9.473828E-06	+9.914471E-06	+9.253506E-06	+7.711255E-06	+5.508040E-06	+2.864181E-06	+0.000000E+00	-2.864181E-06	-5.508040E-06	-7.711255E-06	-9.253506E-06	-9.914471E-06	-9.473828E-06	-7.711255E-06	-4.406432E-06	+6.609647E-07	+7.711255E-06	+1.696476E-05	-1.696476E-05	-7.711255E-06	-6.609647E-07	+4.406432E-06	+7.711255E-06	+9.473828E-06	+9.914471E-06	+9.253506E-06	+7.711255E-06	+5.508040E-06	+2.864181E-06	+0.000000E+00	-2.864181E-06	-5.508040E-06	-7.711255E-06	-9.253506E-06	-9.914471E-06	-9.473828E-06	-7.711255E-06	-4.406432E-06	+6.609647E-07	+7.711255E-06	+1.696476E-05	-1.696476E-05	-7.711255E-06	-6.609647E-07	+4.406432E-06	+7.711255E-06	+9.473828E-06	+9.914471E-06	+9.253506E-06	+7.711255E-06	+5.508040E-06	+2.864181E-06	+0.000000E+00
	A	+5.671078E-04	+2.835539E-04	+2.700513E-05	-2.025385E-04	-4.050770E-04	-5.806103E-04	-7.291385E-04	-8.506616E-04	-9.451796E-04	-1.012692E-03	-1.053200E-03	-1.066703E-03	-1.053200E-03	-1.012692E-03	-9.451796E-04	-8.506616E-04	-7.291385E-04	-5.806103E-04	-4.050770E-04	-2.025385E-04	+2.700513E-05	+2.835539E-04	+5.671078E-04	+5.155525E-04	+2.577763E-04	+2.455012E-05	-1.841259E-04	-3.682518E-04	-5.278276E-04	-6.628532E-04	-7.733288E-04	-8.592542E-04	-9.206295E-04	-9.574546E-04	-9.697297E-04	-9.574546E-04	-9.206295E-04	-8.592542E-04	-7.733288E-04	-6.628532E-04	-5.278276E-04	-3.682518E-04	-1.841259E-04	+2.455012E-05	+2.577763E-04	+5.155525E-04	+4.639973E-04	+2.319986E-04	+2.209511E-05	-1.657133E-04	-3.314266E-04	-4.750448E-04	-5.965679E-04	-6.959959E-04	-7.733288E-04	-8.285665E-04	-8.617092E-04	-8.727567E-04	-8.617092E-04	-8.285665E-04	-7.733288E-04	-6.959959E-04	-5.965679E-04	-4.750448E-04	-3.314266E-04	-1.657133E-04	+2.209511E-05	+2.319986E-04	+4.639973E-04	+4.124420E-04	+2.062210E-04	+1.964010E-05	-1.473007E-04	-2.946014E-04	-4.222620E-04	-5.302826E-04	-6.186630E-04	-6.874033E-04	-7.365036E-04	-7.659637E-04	-7.757838E-04	-7.659637E-04	-7.365036E-04	-6.874033E-04	-6.186630E-04	-5.302826E-04	-4.222620E-04	-2.946014E-04	-1.473007E-04	+1.964010E-05	+2.062210E-04	+4.124420E-04	+3.608868E-04	+1.804434E-04	+1.718508E-05	-1.288881E-04	-2.577763E-04	-3.694793E-04	-4.639973E-04	-5.413301E-04	-6.014779E-04	-6.444406E-04	-6.702183E-04	-6.788108E-04	-6.702183E-04	-6.444406E-04	-6.014779E-04	-5.413301E-04	-4.639973E-04	-3.694793E-04	-2.577763E-04	-1.288881E-04	+1.718508E-05	+1.804434E-04	+3.608868E-04	+3.093315E-04	+1.546658E-04	+1.473007E-05	-1.104755E-04	-2.209511E-04	-3.166965E-04	-3.977119E-04	-4.639973E-04	-5.155525E-04	-5.523777E-04	-5.744728E-04	-5.818378E-04	-5.744728E-04	-5.523777E-04	-5.155525E-04	-4.639973E-04	-3.977119E-04	-3.166965E-04	-2.209511E-04	-1.104755E-04	+1.473007E-05	+1.546658E-04	+3.093315E-04	+2.577763E-04	+1.288881E-04	+1.227506E-05	-9.206295E-05	-1.841259E-04	-2.639138E-04	-3.314266E-04	-3.866644E-04	-4.296271E-04	-4.603147E-04	-4.787273E-04	-4.848649E-04	-4.787273E-04	-4.603147E-04	-4.296271E-04	-3.866644E-04	-3.314266E-04	-2.639138E-04	-1.841259E-04	-9.206295E-05	+1.227506E-05	+1.288881E-04	+2.577763E-04	+2.062210E-04	+1.031105E-04	+9.820048E-06	-7.365036E-05	-1.473007E-04	-2.111310E-04	-2.651413E-04	-3.093315E-04	-3.437017E-04	-3.682518E-04	-3.829819E-04	-3.878919E-04	-3.829819E-04	-3.682518E-04	-3.437017E-04	-3.093315E-04	-2.651413E-04	-2.111310E-04	-1.473007E-04	-7.365036E-05	+9.820048E-06	+1.031105E-04	+2.062210E-04	+1.546658E-04	+7.733288E-05	+7.365036E-06	-5.523777E-05	-1.104755E-04	-1.583483E-04	-1.988560E-04	-2.319986E-04	-2.577763E-04	-2.761888E-04	-2.872364E-04	-2.909189E-04	-2.872364E-04	-2.761888E-04	-2.577763E-04	-2.319986E-04	-1.988560E-04	-1.583483E-04	-1.104755E-04	-5.523777E-05	+7.365036E-06	+7.733288E-05	+1.546658E-04	+1.031105E-04	+5.155525E-05	+4.910024E-06	-3.682518E-05	-7.365036E-05	-1.055655E-04	-1.325706E-04	-1.546658E-04	-1.718508E-04	-1.841259E-04	-1.914909E-04	-1.939459E-04	-1.914909E-04	-1.841259E-04	-1.718508E-04	-1.546658E-04	-1.325706E-04	-1.055655E-04	-7.365036E-05	-3.682518E-05	+4.910024E-06	+5.155525E-05	+1.031105E-04	+5.155525E-05	+2.577763E-05	+2.455012E-06	-1.841259E-05	-3.682518E-05	-5.278276E-05	-6.628532E-05	-7.733288E-05	-8.592542E-05	-9.206295E-05	-9.574546E-05	-9.697297E-05	-9.574546E-05	-9.206295E-05	-8.592542E-05	-7.733288E-05	-6.628532E-05	-5.278276E-05	-3.682518E-05	-1.841259E-05	+2.455012E-06	+2.577763E-05	+5.155525E-05	+0.000000E+00	+0.000000E+00	+0.000000E+00	+0.000000E+00	+0.000000E+00	+0.000000E+00	+0.000000E+00	+0.000000E+00	+0.000000E+00	+0.000000E+00	+0.000000E+00	+0.000000E+00
	S	-2.169066E-04	-4.489052E-05	+8.361204E-05	+1.729524E-04	+2.274820E-04	+2.515522E-04	+2.495142E-04	+2.257195E-04	+1.845193E-04	+1.302651E-04	+6.730824E-05	+0.000000E+00	-6.730824E-05	-1.302651E-04	-1.845193E-04	-2.257195E-04	-2.495142E-04	-2.515522E-04	-2.274820E-04	-1.729524E-04	-8.361204E-05	+4.489052E-05	+2.169066E-04	-1.971878E-04	-4.080957E-05	+7.601095E-05	+1.572295E-04	+2.068018E-04	+2.286838E-04	+2.268311E-04	+2.051995E-04	+1.677448E-04	+1.184228E-04	+6.118931E-05	+0.000000E+00	-6.118931E-05	-1.184228E-04	-1.677448E-04	-2.051995E-04	-2.268311E-04	-2.286838E-04	-2.068018E-04	-1.572295E-04	-7.601095E-05	+4.080957E-05	+1.971878E-04	-1.774690E-04	-3.672861E-05	+6.840985E-05	+1.415065E-04	+1.861217E-04	+2.058154E-04	+2.041480E-04	+1.846796E-04	+1.509704E-04	+1.065806E-04	+5.507038E-05	+0.000000E+00	-5.507038E-05	-1.065806E-04	-1.509704E-04	-1.846796E-04	-2.041480E-04	-2.058154E-04	-1.861217E-04	-1.415065E-04	-6.840985E-05	+3.672861E-05	+1.774690E-04	-1.577503E-04	-3.264765E-05	+6.080876E-05	+1.257836E-04	+1.654415E-04	+1.829470E-04	+1.814649E-04	+1.641596E-04	+1.341959E-04	+9.473828E-05	+4.895145E-05	+0.000000E+00	-4.895145E-05	-9.473828E-05	-1.341959E-04	-1.641596E-04	-1.814649E-04	-1.829470E-04	-1.654415E-04	-1.257836E-04	-6.080876E-05	+3.264765E-05	+1.577503E-04	-1.380315E-04	-2.856670E-05	+5.320766E-05	+1.100606E-04	+1.447613E-04	+1.600787E-04	+1.587818E-04	+1.436397E-04	+1.174214E-04	+8.289599E-05	+4.283252E-05	+0.000000E+00	-4.283252E-05	-8.289599E-05	-1.174214E-04	-1.436397E-04	-1.587818E-04	-1.600787E-04	-1.447613E-04	-1.100606E-04	-5.320766E-05	+2.856670E-05	+1.380315E-04	-1.183127E-04	-2.448574E-05	+4.560657E-05	+9.433770E-05	+1.240811E-04	+1.372103E-04	+1.360986E-04	+1.231197E-04	+1.006469E-04	+7.105371E-05	+3.671359E-05	+0.000000E+00	-3.671359E-05	-7.105371E-05	-1.006469E-04	-1.231197E-04	-1.360986E-04	-1.372103E-04	-1.240811E-04	-9.433770E-05	-4.560657E-05	+2.448574E-05	+1.183127E-04	-9.859391E-05	-2.040478E-05	+3.800547E-05	+7.861475E-05	+1.034009E-04	+1.143419E-04	+1.134155E-04	+1.025998E-04	+8.387242E-05	+5.921142E-05	+3.059466E-05	+0.000000E+00	-3.059466E-05	-5.921142E-05	-8.387242E-05	-1.025998E-04	-1.134155E-04	-1.143419E-04	-1.034009E-04	-7.861475E-05	-3.800547E-05	+2.040478E-05	+9.859391E-05	-7.887513E-05	-1.632383E-05	+3.040438E-05	+6.289180E-05	+8.272074E-05	+9.147351E-05	+9.073243E-05	+8.207980E-05	+6.709794E-05	+4.736914E-05	+2.447572E-05	+0.000000E+00	-2.447572E-05	-4.736914E-05	-6.709794E-05	-8.207980E-05	-9.073243E-05	-9.147351E-05	-8.272074E-05	-6.289180E-05	-3.040438E-05	+1.632383E-05	+7.887513E-05	-5.915634E-05	-1.224287E-05	+2.280328E-05	+4.716885E-05	+6.204055E-05	+6.860514E-05	+6.804932E-05	+6.155985E-05	+5.032345E-05	+3.552685E-05	+1.835679E-05	+0.000000E+00	-1.835679E-05	-3.552685E-05	-5.032345E-05	-6.155985E-05	-6.804932E-05	-6.860514E-05	-6.204055E-05	-4.716885E-05	-2.280328E-05	+1.224287E-05	+5.915634E-05	-3.943756E-05	-8.161913E-06	+1.520219E-05	+3.144590E-05	+4.136037E-05	+4.573676E-05	+4.536622E-05	+4.103990E-05	+3.354897E-05	+2.368457E-05	+1.223786E-05	+0.000000E+00	-1.223786E-05	-2.368457E-05	-3.354897E-05	-4.103990E-05	-4.536622E-05	-4.573676E-05	-4.136037E-05	-3.144590E-05	-1.520219E-05	+8.161913E-06	+3.943756E-05	-1.971878E-05	-4.080957E-06	+7.601095E-06	+1.572295E-05	+2.068018E-05	+2.286838E-05	+2.268311E-05	+2.051995E-05	+1.677448E-05	+1.184228E-05	+6.118931E-06	+0.000000E+00	-6.118931E-06	-1.184228E-05	-1.677448E-05	-2.051995E-05	-2.268311E-05	-2.286838E-05	-2.068018E-05	-1.572295E-05	-7.601095E-06	+4.080957E-06	+1.971878E-05	+0.000000E+00	+0.000000E+00	+0.000000E+00	+0.000000E+00	+0.000000E+00	+0.000000E+00	+0.000000E+00	+0.000000E+00	+0.000000E+00	+0.000000E+00	+0.000000E+00	+0.000000E+00
	A	-2.362949E-05	-1.718508E-05	-1.135443E-05	-6.137530E-06	-1.534382E-06	+2.455012E-06	+5.830653E-06	+8.592542E-06	+1.074068E-05	+1.227506E-05	+1.319569E-05	+1.350257E-05	+1.319569E-05	+1.227506E-05	+1.074068E-05	+8.592542E-06	+5.830653E-06	+2.455012E-06	-1.534382E-06	-6.137530E-06	-1.135443E-05	-1.718508E-05	-2.362949E-05	-2.148135E-05	-1.562280E-05	-1.032221E-05	-5.579573E-06	-1.394893E-06	+2.231829E-06	+5.300594E-06	+7.811402E-06	+9.764252E-06	+1.115915E-05	+1.199608E-05	+1.227506E-05	+1.199608E-05	+1.115915E-05	+9.764252E-06	+7.811402E-06	+5.300594E-06	+2.231829E-06	-1.394893E-06	-5.579573E-06	-1.032221E-05	-1.562280E-05	-2.148135E-05	-1.933322E-05	-1.406052E-05	-9.289988E-06	-5.021615E-06	-1.255404E-06	+2.008646E-06	+4.770535E-06	+7.030261E-06	+8.787827E-06	+1.004323E-05	+1.079647E-05	+1.104755E-05	+1.079647E-05	+1.004323E-05	+8.787827E-06	+7.030261E-06	+4.770535E-06	+2.008646E-06	-1.255404E-06	-5.021615E-06	-9.289988E-06	-1.406052E-05	-1.933322E-05	-1.718508E-05	-1.249824E-05	-8.257767E-06	-4.463658E-06	-1.115915E-06	+1.785463E-06	+4.240475E-06	+6.249121E-06	+7.811402E-06	+8.927316E-06	+9.596865E-06	+9.820048E-06	+9.596865E-06	+8.927316E-06	+7.811402E-06	+6.249121E-06	+4.240475E-06	+1.785463E-06	-1.115915E-06	-4.463658E-06	-8.257767E-06	-1.249824E-05	-1.718508E-05	-1.503695E-05	-1.093596E-05	-7.225546E-06	-3.905701E-06	-9.764252E-07	+1.562280E-06	+3.710416E-06	+5.467981E-06	+6.834976E-06	+7.811402E-06	+8.397257E-06	+8.592542E-06	+8.397257E-06	+7.811402E-06	+6.834976E-06	+5.467981E-06	+3.710416E-06	+1.562280E-06	-9.764252E-07	-3.905701E-06	-7.225546E-06	-1.093596E-05	-1.503695E-05	-1.288881E-05	-9.373682E-06	-6.193325E-06	-3.347744E-06	-8.369359E-07	+1.339097E-06	+3.180356E-06	+4.686841E-06	+5.858551E-06	+6.695487E-06	+7.197649E-06	+7.365036E-06	+7.197649E-06	+6.695487E-06	+5.858551E-06	+4.686841E-06	+3.180356E-06	+1.339097E-06	-8.369359E-07	-3.347744E-06	-6.193325E-06	-9.373682E-06	-1.288881E-05	-1.074068E-05	-7.811402E-06	-5.161105E-06	-2.789786E-06	-6.974466E-07	+1.115915E-06	+2.650297E-06	+3.905701E-06	+4.882126E-06	+5.579573E-06	+5.998040E-06	+6.137530E-06	+5.998040E-06	+5.579573E-06	+4.882126E-06	+3.905701E-06	+2.650297E-06	+1.115915E-06	-6.974466E-07	-2.789786E-06	-5.161105E-06	-7.811402E-06	-1.074068E-05	-8.592542E-06	-6.249121E-06	-4.128884E-06	-2.231829E-06	-5.579573E-07	+8.927316E-07	+2.120238E-06	+3.124561E-06	+3.905701E-06	+4.463658E-06	+4.798432E-06	+4.910024E-06	+4.798432E-06	+4.463658E-06	+3.905701E-06	+3.124561E-06	+2.120238E-06	+8.927316E-07	-5.579573E-07	-2.231829E-06	-4.128884E-06	-6.249121E-06	-8.592542E-06	-6.444406E-06	-4.686841E-06	-3.096663E-06	-1.673872E-06	-4.184679E-07	+6.695487E-07	+1.590178E-06	+2.343420E-06	+2.929276E-06	+3.347744E-06	+3.598824E-06	+3.682518E-06	+3.598824E-06	+3.347744E-06	+2.929276E-06	+2.343420E-06	+1.590178E-06	+6.695487E-07	-4.184679E-07	-1.673872E-06	-3.096663E-06	-4.686841E-06	-6.444406E-06	-4.296271E-06	-3.124561E-06	-2.064442E-06	-1.115915E-06	-2.789786E-07	+4.463658E-07	+1.060119E-06	+1.562280E-06	+1.952850E-06	+2.231829E-06	+2.399216E-06	+2.455012E-06	+2.399216E-06	+2.231829E-06	+1.952850E-06	+1.562280E-06	+1.060119E-06	+4.463658E-07	-2.789786E-07	-1.115915E-06	-2.064442E-06	-3.124561E-06	-4.296271E-06	-2.148135E-06	-1.562280E-06	-1.032221E-06	-5.579573E-07	-1.394893E-07	+2.231829E-07	+5.300594E-07	+7.811402E-07	+9.764252E-07	+1.115915E-06	+1.199608E-06	+1.227506E-06	+1.199608E-06	+1.115915E-06	+9.764252E-07	+7.811402E-07	+5.300594E-07	+2.231829E-07	-1.394893E-07	-5.579573E-07	-1.032221E-06	-1.562280E-06	-2.148135E-06	+0.000000E+00	+0.000000E+00	+0.000000E+00	+0.000000E+00	+0.000000E+00	+0.000000E+00	+0.000000E+00	+0.000000E+00	+0.000000E+00	+0.000000E+00	+0.000000E+00	+0.000000E+00
	S	+4.241190E-06	+1.927814E-06	+1.652412E-07	-1.101608E-06	-1.927814E-06	-2.368457E-06	-2.478618E-06	-2.313377E-06	-1.927814E-06	-1.377010E-06	-7.160451E-07	+0.000000E+00	+7.160451E-07	+1.377010E-06	+1.927814E-06	+2.313377E-06	+2.478618E-06	+2.368457E-06	+1.927814E-06	+1.101608E-06	-1.652412E-07	-1.927814E-06	-4.241190E-06	+3.855628E-06	+1.752558E-06	+1.502193E-07	-1.001462E-06	-1.752558E-06	-2.153143E-06	-2.253289E-06	-2.103070E-06	-1.752558E-06	-1.251827E-06	-6.509501E-07	+0.000000E+00	+6.509501E-07	+1.251827E-06	+1.752558E-06	+2.103070E-06	+2.253289E-06	+2.153143E-06	+1.752558E-06	+1.001462E-06	-1.502193E-07	-1.752558E-06	-3.855628E-06	+3.470065E-06	+1.577302E-06	+1.351973E-07	-9.013156E-07	-1.577302E-06	-1.937828E-06	-2.027960E-06	-1.892763E-06	-1.577302E-06	-1.126644E-06	-5.858551E-07	+0.000000E+00	+5.858551E-07	+1.126644E-06	+1.577302E-06	+1.892763E-06	+2.027960E-06	+1.937828E-06	+1.577302E-06	+9.013156E-07	-1.351973E-07	-1.577302E-06	-3.470065E-06	+3.084502E-06	+1.402046E-06	+1.201754E-07	-8.011694E-07	-1.402046E-06	-1.722514E-06	-1.802631E-06	-1.682456E-06	-1.402046E-06	-1.001462E-06	-5.207601E-07	+0.000000E+00	+5.207601E-07	+1.001462E-06	+1.402046E-06	+1.682456E-06	+1.802631E-06	+1.722514E-06	+1.402046E-06	+8.011694E-07	-1.201754E-07	-1.402046E-06	-3.084502E-06	+2.698939E-06	+1.226791E-06	+1.051535E-07	-7.010232E-07	-1.226791E-06	-1.507200E-06	-1.577302E-06	-1.472149E-06	-1.226791E-06	-8.762790E-07	-4.556651E-07	+0.000000E+00	+4.556651E-07	+8.762790E-07	+1.226791E-06	+1.472149E-06	+1.577302E-06	+1.507200E-06	+1.226791E-06	+7.010232E-07	-1.051535E-07	-1.226791E-06	-2.698939E-06	+2.313377E-06	+1.051535E-06	+9.013156E-08	-6.008770E-07	-1.051535E-06	-1.291886E-06	-1.351973E-06	-1.261842E-06	-1.051535E-06	-7.510963E-07	-3.905701E-07	+0.000000E+00	+3.905701E-07	+7.510963E-07	+1.051535E-06	+1.261842E-06	+1.351973E-06	+1.291886E-06	+1.051535E-06	+6.008770E-07	-9.013156E-08	-1.051535E-06	-2.313377E-06	+1.927814E-06	+8.762790E-07	+7.510963E-08	-5.007309E-07	-8.762790E-07	-1.076571E-06	-1.126644E-06	-1.051535E-06	-8.762790E-07	-6.259136E-07	-3.254751E-07	+0.000000E+00	+3.254751E-07	+6.259136E-07	+8.762790E-07	+1.051535E-06	+1.126644E-06	+1.076571E-06	+8.762790E-07	+5.007309E-07	-7.510963E-08	-8.762790E-07	-1.927814E-06	+1.542251E-06	+7.010232E-07	+6.008770E-08	-4.005847E-07	-7.010232E-07	-8.612571E-07	-9.013156E-07	-8.412279E-07	-7.010232E-07	-5.007309E-07	-2.603801E-07	+0.000000E+00	+2.603801E-07	+5.007309E-07	+7.010232E-07	+8.412279E-07	+9.013156E-07	+8.612571E-07	+7.010232E-07	+4.005847E-07	-6.008770E-08	-7.010232E-07	-1.542251E-06	+1.156688E-06	+5.257674E-07	+4.506578E-08	-3.004385E-07	-5.257674E-07	-6.459428E-07	-6.759867E-07	-6.309209E-07	-5.257674E-07	-3.755482E-07	-1.952850E-07	+0.000000E+00	+1.952850E-07	+3.755482E-07	+5.257674E-07	+6.309209E-07	+6.759867E-07	+6.459428E-07	+5.257674E-07	+3.004385E-07	-4.506578E-08	-5.257674E-07	-1.156688E-06	+7.711255E-07	+3.505116E-07	+3.004385E-08	-2.002923E-07	-3.505116E-07	-4.306285E-07	-4.506578E-07	-4.206139E-07	-3.505116E-07	-2.503654E-07	-1.301900E-07	+0.000000E+00	+1.301900E-07	+2.503654E-07	+3.505116E-07	+4.206139E-07	+4.506578E-07	+4.306285E-07	+3.505116E-07	+2.002923E-07	-3.004385E-08	-3.505116E-07	-7.711255E-07	+3.855628E-07	+1.752558E-07	+1.502193E-08	-1.001462E-07	-1.752558E-07	-2.153143E-07	-2.253289E-07	-2.103070E-07	-1.752558E-07	-1.251827E-07	-6.509501E-08	+0.000000E+00	+6.509501E-08	+1.251827E-07	+1.752558E-07	+2.103070E-07	+2.253289E-07	+2.153143E-07	+1.752558E-07	+1.001462E-07	-1.502193E-08	-1.752558E-07	-3.855628E-07	+0.000000E+00	+0.000000E+00	+0.000000E+00	+0.000000E+00	+0.000000E+00	+0.000000E+00	+0.000000E+00	+0.000000E+00	+0.000000E+00	+0.000000E+00	+0.000000E+00	+0.000000E+00
# Matrix ends.
#
#
# ---------------------------------- LICENSE NOTICE -----------------------------------
# THIS DATA IS RELEASED UNDER THE CREATIVE COMMONS LICENSE "CC BY-NC-SA 4.0".
#   This license lets you remix, tweak, and build upon this work non-commercially,
#   as long as you credit me and license your new creations under the terms identical
#   to the current license.
# SEE "https://creativecommons.org/licenses/by-nc-sa/4.0" FOR DETAILS.
#
# RELEASED BY: Chandra Shekhar
#      E-mail: chandraiitk[AT]yahoo[DOT]co[DOT]in
#    Homepage: https://sites.google.com/site/chandraacads
# FOR ANY QUESTION OR COMMENT, OR FOR A COMMERCIAL LICENSE, PLEASE EMAIL ME.
#
# For additional details, please visit my homepage.
#
# ==================================== End of File ====================================
