# ================================== Start of File ====================================
# Spatial dimensions = 2
# Kernel size = 31x31
# Polynomial order = 1x3
# Size of the convolution coefficient matrix = 8x961
#
# Column# 1:
#    S/A => The left and the right halves of the row are symmetric(S)/anti-symmetric(A) about the middle column.
#           If symmetric elements on the right half, their signs are same as the corresponding elements on the left side.
#           If anti-symmetric elements, the signs are opposite.
# Column# 2~481 = the left-half columns of the row.
# Column# 482 = the middle column of the row.
# Column# 483~962, which are the right-half columns, are not stored, because they are symmetric/anti-symmetric
#           of the elements in the column# 481~2, respectively.
# Matrix starts:
	S	-1.324378E-03	-8.513859E-04	-4.110139E-04	-3.262015E-06	+3.718697E-04	+7.143812E-04	+1.024273E-03	+1.301544E-03	+1.546195E-03	+1.758226E-03	+1.937637E-03	+2.084427E-03	+2.198598E-03	+2.280148E-03	+2.329079E-03	+2.345389E-03	+2.329079E-03	+2.280148E-03	+2.198598E-03	+2.084427E-03	+1.937637E-03	+1.758226E-03	+1.546195E-03	+1.301544E-03	+1.024273E-03	+7.143812E-04	+3.718697E-04	-3.262015E-06	-4.110139E-04	-8.513859E-04	-1.324378E-03	-1.324378E-03	-8.513859E-04	-4.110139E-04	-3.262015E-06	+3.718697E-04	+7.143812E-04	+1.024273E-03	+1.301544E-03	+1.546195E-03	+1.758226E-03	+1.937637E-03	+2.084427E-03	+2.198598E-03	+2.280148E-03	+2.329079E-03	+2.345389E-03	+2.329079E-03	+2.280148E-03	+2.198598E-03	+2.084427E-03	+1.937637E-03	+1.758226E-03	+1.546195E-03	+1.301544E-03	+1.024273E-03	+7.143812E-04	+3.718697E-04	-3.262015E-06	-4.110139E-04	-8.513859E-04	-1.324378E-03	-1.324378E-03	-8.513859E-04	-4.110139E-04	-3.262015E-06	+3.718697E-04	+7.143812E-04	+1.024273E-03	+1.301544E-03	+1.546195E-03	+1.758226E-03	+1.937637E-03	+2.084427E-03	+2.198598E-03	+2.280148E-03	+2.329079E-03	+2.345389E-03	+2.329079E-03	+2.280148E-03	+2.198598E-03	+2.084427E-03	+1.937637E-03	+1.758226E-03	+1.546195E-03	+1.301544E-03	+1.024273E-03	+7.143812E-04	+3.718697E-04	-3.262015E-06	-4.110139E-04	-8.513859E-04	-1.324378E-03	-1.324378E-03	-8.513859E-04	-4.110139E-04	-3.262015E-06	+3.718697E-04	+7.143812E-04	+1.024273E-03	+1.301544E-03	+1.546195E-03	+1.758226E-03	+1.937637E-03	+2.084427E-03	+2.198598E-03	+2.280148E-03	+2.329079E-03	+2.345389E-03	+2.329079E-03	+2.280148E-03	+2.198598E-03	+2.084427E-03	+1.937637E-03	+1.758226E-03	+1.546195E-03	+1.301544E-03	+1.024273E-03	+7.143812E-04	+3.718697E-04	-3.262015E-06	-4.110139E-04	-8.513859E-04	-1.324378E-03	-1.324378E-03	-8.513859E-04	-4.110139E-04	-3.262015E-06	+3.718697E-04	+7.143812E-04	+1.024273E-03	+1.301544E-03	+1.546195E-03	+1.758226E-03	+1.937637E-03	+2.084427E-03	+2.198598E-03	+2.280148E-03	+2.329079E-03	+2.345389E-03	+2.329079E-03	+2.280148E-03	+2.198598E-03	+2.084427E-03	+1.937637E-03	+1.758226E-03	+1.546195E-03	+1.301544E-03	+1.024273E-03	+7.143812E-04	+3.718697E-04	-3.262015E-06	-4.110139E-04	-8.513859E-04	-1.324378E-03	-1.324378E-03	-8.513859E-04	-4.110139E-04	-3.262015E-06	+3.718697E-04	+7.143812E-04	+1.024273E-03	+1.301544E-03	+1.546195E-03	+1.758226E-03	+1.937637E-03	+2.084427E-03	+2.198598E-03	+2.280148E-03	+2.329079E-03	+2.345389E-03	+2.329079E-03	+2.280148E-03	+2.198598E-03	+2.084427E-03	+1.937637E-03	+1.758226E-03	+1.546195E-03	+1.301544E-03	+1.024273E-03	+7.143812E-04	+3.718697E-04	-3.262015E-06	-4.110139E-04	-8.513859E-04	-1.324378E-03	-1.324378E-03	-8.513859E-04	-4.110139E-04	-3.262015E-06	+3.718697E-04	+7.143812E-04	+1.024273E-03	+1.301544E-03	+1.546195E-03	+1.758226E-03	+1.937637E-03	+2.084427E-03	+2.198598E-03	+2.280148E-03	+2.329079E-03	+2.345389E-03	+2.329079E-03	+2.280148E-03	+2.198598E-03	+2.084427E-03	+1.937637E-03	+1.758226E-03	+1.546195E-03	+1.301544E-03	+1.024273E-03	+7.143812E-04	+3.718697E-04	-3.262015E-06	-4.110139E-04	-8.513859E-04	-1.324378E-03	-1.324378E-03	-8.513859E-04	-4.110139E-04	-3.262015E-06	+3.718697E-04	+7.143812E-04	+1.024273E-03	+1.301544E-03	+1.546195E-03	+1.758226E-03	+1.937637E-03	+2.084427E-03	+2.198598E-03	+2.280148E-03	+2.329079E-03	+2.345389E-03	+2.329079E-03	+2.280148E-03	+2.198598E-03	+2.084427E-03	+1.937637E-03	+1.758226E-03	+1.546195E-03	+1.301544E-03	+1.024273E-03	+7.143812E-04	+3.718697E-04	-3.262015E-06	-4.110139E-04	-8.513859E-04	-1.324378E-03	-1.324378E-03	-8.513859E-04	-4.110139E-04	-3.262015E-06	+3.718697E-04	+7.143812E-04	+1.024273E-03	+1.301544E-03	+1.546195E-03	+1.758226E-03	+1.937637E-03	+2.084427E-03	+2.198598E-03	+2.280148E-03	+2.329079E-03	+2.345389E-03	+2.329079E-03	+2.280148E-03	+2.198598E-03	+2.084427E-03	+1.937637E-03	+1.758226E-03	+1.546195E-03	+1.301544E-03	+1.024273E-03	+7.143812E-04	+3.718697E-04	-3.262015E-06	-4.110139E-04	-8.513859E-04	-1.324378E-03	-1.324378E-03	-8.513859E-04	-4.110139E-04	-3.262015E-06	+3.718697E-04	+7.143812E-04	+1.024273E-03	+1.301544E-03	+1.546195E-03	+1.758226E-03	+1.937637E-03	+2.084427E-03	+2.198598E-03	+2.280148E-03	+2.329079E-03	+2.345389E-03	+2.329079E-03	+2.280148E-03	+2.198598E-03	+2.084427E-03	+1.937637E-03	+1.758226E-03	+1.546195E-03	+1.301544E-03	+1.024273E-03	+7.143812E-04	+3.718697E-04	-3.262015E-06	-4.110139E-04	-8.513859E-04	-1.324378E-03	-1.324378E-03	-8.513859E-04	-4.110139E-04	-3.262015E-06	+3.718697E-04	+7.143812E-04	+1.024273E-03	+1.301544E-03	+1.546195E-03	+1.758226E-03	+1.937637E-03	+2.084427E-03	+2.198598E-03	+2.280148E-03	+2.329079E-03	+2.345389E-03	+2.329079E-03	+2.280148E-03	+2.198598E-03	+2.084427E-03	+1.937637E-03	+1.758226E-03	+1.546195E-03	+1.301544E-03	+1.024273E-03	+7.143812E-04	+3.718697E-04	-3.262015E-06	-4.110139E-04	-8.513859E-04	-1.324378E-03	-1.324378E-03	-8.513859E-04	-4.110139E-04	-3.262015E-06	+3.718697E-04	+7.143812E-04	+1.024273E-03	+1.301544E-03	+1.546195E-03	+1.758226E-03	+1.937637E-03	+2.084427E-03	+2.198598E-03	+2.280148E-03	+2.329079E-03	+2.345389E-03	+2.329079E-03	+2.280148E-03	+2.198598E-03	+2.084427E-03	+1.937637E-03	+1.758226E-03	+1.546195E-03	+1.301544E-03	+1.024273E-03	+7.143812E-04	+3.718697E-04	-3.262015E-06	-4.110139E-04	-8.513859E-04	-1.324378E-03	-1.324378E-03	-8.513859E-04	-4.110139E-04	-3.262015E-06	+3.718697E-04	+7.143812E-04	+1.024273E-03	+1.301544E-03	+1.546195E-03	+1.758226E-03	+1.937637E-03	+2.084427E-03	+2.198598E-03	+2.280148E-03	+2.329079E-03	+2.345389E-03	+2.329079E-03	+2.280148E-03	+2.198598E-03	+2.084427E-03	+1.937637E-03	+1.758226E-03	+1.546195E-03	+1.301544E-03	+1.024273E-03	+7.143812E-04	+3.718697E-04	-3.262015E-06	-4.110139E-04	-8.513859E-04	-1.324378E-03	-1.324378E-03	-8.513859E-04	-4.110139E-04	-3.262015E-06	+3.718697E-04	+7.143812E-04	+1.024273E-03	+1.301544E-03	+1.546195E-03	+1.758226E-03	+1.937637E-03	+2.084427E-03	+2.198598E-03	+2.280148E-03	+2.329079E-03	+2.345389E-03	+2.329079E-03	+2.280148E-03	+2.198598E-03	+2.084427E-03	+1.937637E-03	+1.758226E-03	+1.546195E-03	+1.301544E-03	+1.024273E-03	+7.143812E-04	+3.718697E-04	-3.262015E-06	-4.110139E-04	-8.513859E-04	-1.324378E-03	-1.324378E-03	-8.513859E-04	-4.110139E-04	-3.262015E-06	+3.718697E-04	+7.143812E-04	+1.024273E-03	+1.301544E-03	+1.546195E-03	+1.758226E-03	+1.937637E-03	+2.084427E-03	+2.198598E-03	+2.280148E-03	+2.329079E-03	+2.345389E-03	+2.329079E-03	+2.280148E-03	+2.198598E-03	+2.084427E-03	+1.937637E-03	+1.758226E-03	+1.546195E-03	+1.301544E-03	+1.024273E-03	+7.143812E-04	+3.718697E-04	-3.262015E-06	-4.110139E-04	-8.513859E-04	-1.324378E-03	-1.324378E-03	-8.513859E-04	-4.110139E-04	-3.262015E-06	+3.718697E-04	+7.143812E-04	+1.024273E-03	+1.301544E-03	+1.546195E-03	+1.758226E-03	+1.937637E-03	+2.084427E-03	+2.198598E-03	+2.280148E-03	+2.329079E-03	+2.345389E-03
	A	+3.883637E-04	+1.679818E-04	-1.216060E-05	-1.549377E-04	-2.632238E-04	-3.398931E-04	-3.878200E-04	-4.098786E-04	-4.089431E-04	-3.878879E-04	-3.495872E-04	-2.969153E-04	-2.327464E-04	-1.599547E-04	-8.141445E-05	+0.000000E+00	+8.141445E-05	+1.599547E-04	+2.327464E-04	+2.969153E-04	+3.495872E-04	+3.878879E-04	+4.089431E-04	+4.098786E-04	+3.878200E-04	+3.398931E-04	+2.632238E-04	+1.549377E-04	+1.216060E-05	-1.679818E-04	-3.883637E-04	+3.883637E-04	+1.679818E-04	-1.216060E-05	-1.549377E-04	-2.632238E-04	-3.398931E-04	-3.878200E-04	-4.098786E-04	-4.089431E-04	-3.878879E-04	-3.495872E-04	-2.969153E-04	-2.327464E-04	-1.599547E-04	-8.141445E-05	+0.000000E+00	+8.141445E-05	+1.599547E-04	+2.327464E-04	+2.969153E-04	+3.495872E-04	+3.878879E-04	+4.089431E-04	+4.098786E-04	+3.878200E-04	+3.398931E-04	+2.632238E-04	+1.549377E-04	+1.216060E-05	-1.679818E-04	-3.883637E-04	+3.883637E-04	+1.679818E-04	-1.216060E-05	-1.549377E-04	-2.632238E-04	-3.398931E-04	-3.878200E-04	-4.098786E-04	-4.089431E-04	-3.878879E-04	-3.495872E-04	-2.969153E-04	-2.327464E-04	-1.599547E-04	-8.141445E-05	+0.000000E+00	+8.141445E-05	+1.599547E-04	+2.327464E-04	+2.969153E-04	+3.495872E-04	+3.878879E-04	+4.089431E-04	+4.098786E-04	+3.878200E-04	+3.398931E-04	+2.632238E-04	+1.549377E-04	+1.216060E-05	-1.679818E-04	-3.883637E-04	+3.883637E-04	+1.679818E-04	-1.216060E-05	-1.549377E-04	-2.632238E-04	-3.398931E-04	-3.878200E-04	-4.098786E-04	-4.089431E-04	-3.878879E-04	-3.495872E-04	-2.969153E-04	-2.327464E-04	-1.599547E-04	-8.141445E-05	+0.000000E+00	+8.141445E-05	+1.599547E-04	+2.327464E-04	+2.969153E-04	+3.495872E-04	+3.878879E-04	+4.089431E-04	+4.098786E-04	+3.878200E-04	+3.398931E-04	+2.632238E-04	+1.549377E-04	+1.216060E-05	-1.679818E-04	-3.883637E-04	+3.883637E-04	+1.679818E-04	-1.216060E-05	-1.549377E-04	-2.632238E-04	-3.398931E-04	-3.878200E-04	-4.098786E-04	-4.089431E-04	-3.878879E-04	-3.495872E-04	-2.969153E-04	-2.327464E-04	-1.599547E-04	-8.141445E-05	+0.000000E+00	+8.141445E-05	+1.599547E-04	+2.327464E-04	+2.969153E-04	+3.495872E-04	+3.878879E-04	+4.089431E-04	+4.098786E-04	+3.878200E-04	+3.398931E-04	+2.632238E-04	+1.549377E-04	+1.216060E-05	-1.679818E-04	-3.883637E-04	+3.883637E-04	+1.679818E-04	-1.216060E-05	-1.549377E-04	-2.632238E-04	-3.398931E-04	-3.878200E-04	-4.098786E-04	-4.089431E-04	-3.878879E-04	-3.495872E-04	-2.969153E-04	-2.327464E-04	-1.599547E-04	-8.141445E-05	+0.000000E+00	+8.141445E-05	+1.599547E-04	+2.327464E-04	+2.969153E-04	+3.495872E-04	+3.878879E-04	+4.089431E-04	+4.098786E-04	+3.878200E-04	+3.398931E-04	+2.632238E-04	+1.549377E-04	+1.216060E-05	-1.679818E-04	-3.883637E-04	+3.883637E-04	+1.679818E-04	-1.216060E-05	-1.549377E-04	-2.632238E-04	-3.398931E-04	-3.878200E-04	-4.098786E-04	-4.089431E-04	-3.878879E-04	-3.495872E-04	-2.969153E-04	-2.327464E-04	-1.599547E-04	-8.141445E-05	+0.000000E+00	+8.141445E-05	+1.599547E-04	+2.327464E-04	+2.969153E-04	+3.495872E-04	+3.878879E-04	+4.089431E-04	+4.098786E-04	+3.878200E-04	+3.398931E-04	+2.632238E-04	+1.549377E-04	+1.216060E-05	-1.679818E-04	-3.883637E-04	+3.883637E-04	+1.679818E-04	-1.216060E-05	-1.549377E-04	-2.632238E-04	-3.398931E-04	-3.878200E-04	-4.098786E-04	-4.089431E-04	-3.878879E-04	-3.495872E-04	-2.969153E-04	-2.327464E-04	-1.599547E-04	-8.141445E-05	+0.000000E+00	+8.141445E-05	+1.599547E-04	+2.327464E-04	+2.969153E-04	+3.495872E-04	+3.878879E-04	+4.089431E-04	+4.098786E-04	+3.878200E-04	+3.398931E-04	+2.632238E-04	+1.549377E-04	+1.216060E-05	-1.679818E-04	-3.883637E-04	+3.883637E-04	+1.679818E-04	-1.216060E-05	-1.549377E-04	-2.632238E-04	-3.398931E-04	-3.878200E-04	-4.098786E-04	-4.089431E-04	-3.878879E-04	-3.495872E-04	-2.969153E-04	-2.327464E-04	-1.599547E-04	-8.141445E-05	+0.000000E+00	+8.141445E-05	+1.599547E-04	+2.327464E-04	+2.969153E-04	+3.495872E-04	+3.878879E-04	+4.089431E-04	+4.098786E-04	+3.878200E-04	+3.398931E-04	+2.632238E-04	+1.549377E-04	+1.216060E-05	-1.679818E-04	-3.883637E-04	+3.883637E-04	+1.679818E-04	-1.216060E-05	-1.549377E-04	-2.632238E-04	-3.398931E-04	-3.878200E-04	-4.098786E-04	-4.089431E-04	-3.878879E-04	-3.495872E-04	-2.969153E-04	-2.327464E-04	-1.599547E-04	-8.141445E-05	+0.000000E+00	+8.141445E-05	+1.599547E-04	+2.327464E-04	+2.969153E-04	+3.495872E-04	+3.878879E-04	+4.089431E-04	+4.098786E-04	+3.878200E-04	+3.398931E-04	+2.632238E-04	+1.549377E-04	+1.216060E-05	-1.679818E-04	-3.883637E-04	+3.883637E-04	+1.679818E-04	-1.216060E-05	-1.549377E-04	-2.632238E-04	-3.398931E-04	-3.878200E-04	-4.098786E-04	-4.089431E-04	-3.878879E-04	-3.495872E-04	-2.969153E-04	-2.327464E-04	-1.599547E-04	-8.141445E-05	+0.000000E+00	+8.141445E-05	+1.599547E-04	+2.327464E-04	+2.969153E-04	+3.495872E-04	+3.878879E-04	+4.089431E-04	+4.098786E-04	+3.878200E-04	+3.398931E-04	+2.632238E-04	+1.549377E-04	+1.216060E-05	-1.679818E-04	-3.883637E-04	+3.883637E-04	+1.679818E-04	-1.216060E-05	-1.549377E-04	-2.632238E-04	-3.398931E-04	-3.878200E-04	-4.098786E-04	-4.089431E-04	-3.878879E-04	-3.495872E-04	-2.969153E-04	-2.327464E-04	-1.599547E-04	-8.141445E-05	+0.000000E+00	+8.141445E-05	+1.599547E-04	+2.327464E-04	+2.969153E-04	+3.495872E-04	+3.878879E-04	+4.089431E-04	+4.098786E-04	+3.878200E-04	+3.398931E-04	+2.632238E-04	+1.549377E-04	+1.216060E-05	-1.679818E-04	-3.883637E-04	+3.883637E-04	+1.679818E-04	-1.216060E-05	-1.549377E-04	-2.632238E-04	-3.398931E-04	-3.878200E-04	-4.098786E-04	-4.089431E-04	-3.878879E-04	-3.495872E-04	-2.969153E-04	-2.327464E-04	-1.599547E-04	-8.141445E-05	+0.000000E+00	+8.141445E-05	+1.599547E-04	+2.327464E-04	+2.969153E-04	+3.495872E-04	+3.878879E-04	+4.089431E-04	+4.098786E-04	+3.878200E-04	+3.398931E-04	+2.632238E-04	+1.549377E-04	+1.216060E-05	-1.679818E-04	-3.883637E-04	+3.883637E-04	+1.679818E-04	-1.216060E-05	-1.549377E-04	-2.632238E-04	-3.398931E-04	-3.878200E-04	-4.098786E-04	-4.089431E-04	-3.878879E-04	-3.495872E-04	-2.969153E-04	-2.327464E-04	-1.599547E-04	-8.141445E-05	+0.000000E+00	+8.141445E-05	+1.599547E-04	+2.327464E-04	+2.969153E-04	+3.495872E-04	+3.878879E-04	+4.089431E-04	+4.098786E-04	+3.878200E-04	+3.398931E-04	+2.632238E-04	+1.549377E-04	+1.216060E-05	-1.679818E-04	-3.883637E-04	+3.883637E-04	+1.679818E-04	-1.216060E-05	-1.549377E-04	-2.632238E-04	-3.398931E-04	-3.878200E-04	-4.098786E-04	-4.089431E-04	-3.878879E-04	-3.495872E-04	-2.969153E-04	-2.327464E-04	-1.599547E-04	-8.141445E-05	+0.000000E+00	+8.141445E-05	+1.599547E-04	+2.327464E-04	+2.969153E-04	+3.495872E-04	+3.878879E-04	+4.089431E-04	+4.098786E-04	+3.878200E-04	+3.398931E-04	+2.632238E-04	+1.549377E-04	+1.216060E-05	-1.679818E-04	-3.883637E-04	+3.883637E-04	+1.679818E-04	-1.216060E-05	-1.549377E-04	-2.632238E-04	-3.398931E-04	-3.878200E-04	-4.098786E-04	-4.089431E-04	-3.878879E-04	-3.495872E-04	-2.969153E-04	-2.327464E-04	-1.599547E-04	-8.141445E-05	+0.000000E+00
	S	+2.956201E-05	+2.364961E-05	+1.814496E-05	+1.304806E-05	+8.358913E-06	+4.077519E-06	+2.038759E-07	-3.262015E-06	-6.320154E-06	-8.970541E-06	-1.121318E-05	-1.304806E-05	-1.447519E-05	-1.549457E-05	-1.610620E-05	-1.631007E-05	-1.610620E-05	-1.549457E-05	-1.447519E-05	-1.304806E-05	-1.121318E-05	-8.970541E-06	-6.320154E-06	-3.262015E-06	+2.038759E-07	+4.077519E-06	+8.358913E-06	+1.304806E-05	+1.814496E-05	+2.364961E-05	+2.956201E-05	+2.956201E-05	+2.364961E-05	+1.814496E-05	+1.304806E-05	+8.358913E-06	+4.077519E-06	+2.038759E-07	-3.262015E-06	-6.320154E-06	-8.970541E-06	-1.121318E-05	-1.304806E-05	-1.447519E-05	-1.549457E-05	-1.610620E-05	-1.631007E-05	-1.610620E-05	-1.549457E-05	-1.447519E-05	-1.304806E-05	-1.121318E-05	-8.970541E-06	-6.320154E-06	-3.262015E-06	+2.038759E-07	+4.077519E-06	+8.358913E-06	+1.304806E-05	+1.814496E-05	+2.364961E-05	+2.956201E-05	+2.956201E-05	+2.364961E-05	+1.814496E-05	+1.304806E-05	+8.358913E-06	+4.077519E-06	+2.038759E-07	-3.262015E-06	-6.320154E-06	-8.970541E-06	-1.121318E-05	-1.304806E-05	-1.447519E-05	-1.549457E-05	-1.610620E-05	-1.631007E-05	-1.610620E-05	-1.549457E-05	-1.447519E-05	-1.304806E-05	-1.121318E-05	-8.970541E-06	-6.320154E-06	-3.262015E-06	+2.038759E-07	+4.077519E-06	+8.358913E-06	+1.304806E-05	+1.814496E-05	+2.364961E-05	+2.956201E-05	+2.956201E-05	+2.364961E-05	+1.814496E-05	+1.304806E-05	+8.358913E-06	+4.077519E-06	+2.038759E-07	-3.262015E-06	-6.320154E-06	-8.970541E-06	-1.121318E-05	-1.304806E-05	-1.447519E-05	-1.549457E-05	-1.610620E-05	-1.631007E-05	-1.610620E-05	-1.549457E-05	-1.447519E-05	-1.304806E-05	-1.121318E-05	-8.970541E-06	-6.320154E-06	-3.262015E-06	+2.038759E-07	+4.077519E-06	+8.358913E-06	+1.304806E-05	+1.814496E-05	+2.364961E-05	+2.956201E-05	+2.956201E-05	+2.364961E-05	+1.814496E-05	+1.304806E-05	+8.358913E-06	+4.077519E-06	+2.038759E-07	-3.262015E-06	-6.320154E-06	-8.970541E-06	-1.121318E-05	-1.304806E-05	-1.447519E-05	-1.549457E-05	-1.610620E-05	-1.631007E-05	-1.610620E-05	-1.549457E-05	-1.447519E-05	-1.304806E-05	-1.121318E-05	-8.970541E-06	-6.320154E-06	-3.262015E-06	+2.038759E-07	+4.077519E-06	+8.358913E-06	+1.304806E-05	+1.814496E-05	+2.364961E-05	+2.956201E-05	+2.956201E-05	+2.364961E-05	+1.814496E-05	+1.304806E-05	+8.358913E-06	+4.077519E-06	+2.038759E-07	-3.262015E-06	-6.320154E-06	-8.970541E-06	-1.121318E-05	-1.304806E-05	-1.447519E-05	-1.549457E-05	-1.610620E-05	-1.631007E-05	-1.610620E-05	-1.549457E-05	-1.447519E-05	-1.304806E-05	-1.121318E-05	-8.970541E-06	-6.320154E-06	-3.262015E-06	+2.038759E-07	+4.077519E-06	+8.358913E-06	+1.304806E-05	+1.814496E-05	+2.364961E-05	+2.956201E-05	+2.956201E-05	+2.364961E-05	+1.814496E-05	+1.304806E-05	+8.358913E-06	+4.077519E-06	+2.038759E-07	-3.262015E-06	-6.320154E-06	-8.970541E-06	-1.121318E-05	-1.304806E-05	-1.447519E-05	-1.549457E-05	-1.610620E-05	-1.631007E-05	-1.610620E-05	-1.549457E-05	-1.447519E-05	-1.304806E-05	-1.121318E-05	-8.970541E-06	-6.320154E-06	-3.262015E-06	+2.038759E-07	+4.077519E-06	+8.358913E-06	+1.304806E-05	+1.814496E-05	+2.364961E-05	+2.956201E-05	+2.956201E-05	+2.364961E-05	+1.814496E-05	+1.304806E-05	+8.358913E-06	+4.077519E-06	+2.038759E-07	-3.262015E-06	-6.320154E-06	-8.970541E-06	-1.121318E-05	-1.304806E-05	-1.447519E-05	-1.549457E-05	-1.610620E-05	-1.631007E-05	-1.610620E-05	-1.549457E-05	-1.447519E-05	-1.304806E-05	-1.121318E-05	-8.970541E-06	-6.320154E-06	-3.262015E-06	+2.038759E-07	+4.077519E-06	+8.358913E-06	+1.304806E-05	+1.814496E-05	+2.364961E-05	+2.956201E-05	+2.956201E-05	+2.364961E-05	+1.814496E-05	+1.304806E-05	+8.358913E-06	+4.077519E-06	+2.038759E-07	-3.262015E-06	-6.320154E-06	-8.970541E-06	-1.121318E-05	-1.304806E-05	-1.447519E-05	-1.549457E-05	-1.610620E-05	-1.631007E-05	-1.610620E-05	-1.549457E-05	-1.447519E-05	-1.304806E-05	-1.121318E-05	-8.970541E-06	-6.320154E-06	-3.262015E-06	+2.038759E-07	+4.077519E-06	+8.358913E-06	+1.304806E-05	+1.814496E-05	+2.364961E-05	+2.956201E-05	+2.956201E-05	+2.364961E-05	+1.814496E-05	+1.304806E-05	+8.358913E-06	+4.077519E-06	+2.038759E-07	-3.262015E-06	-6.320154E-06	-8.970541E-06	-1.121318E-05	-1.304806E-05	-1.447519E-05	-1.549457E-05	-1.610620E-05	-1.631007E-05	-1.610620E-05	-1.549457E-05	-1.447519E-05	-1.304806E-05	-1.121318E-05	-8.970541E-06	-6.320154E-06	-3.262015E-06	+2.038759E-07	+4.077519E-06	+8.358913E-06	+1.304806E-05	+1.814496E-05	+2.364961E-05	+2.956201E-05	+2.956201E-05	+2.364961E-05	+1.814496E-05	+1.304806E-05	+8.358913E-06	+4.077519E-06	+2.038759E-07	-3.262015E-06	-6.320154E-06	-8.970541E-06	-1.121318E-05	-1.304806E-05	-1.447519E-05	-1.549457E-05	-1.610620E-05	-1.631007E-05	-1.610620E-05	-1.549457E-05	-1.447519E-05	-1.304806E-05	-1.121318E-05	-8.970541E-06	-6.320154E-06	-3.262015E-06	+2.038759E-07	+4.077519E-06	+8.358913E-06	+1.304806E-05	+1.814496E-05	+2.364961E-05	+2.956201E-05	+2.956201E-05	+2.364961E-05	+1.814496E-05	+1.304806E-05	+8.358913E-06	+4.077519E-06	+2.038759E-07	-3.262015E-06	-6.320154E-06	-8.970541E-06	-1.121318E-05	-1.304806E-05	-1.447519E-05	-1.549457E-05	-1.610620E-05	-1.631007E-05	-1.610620E-05	-1.549457E-05	-1.447519E-05	-1.304806E-05	-1.121318E-05	-8.970541E-06	-6.320154E-06	-3.262015E-06	+2.038759E-07	+4.077519E-06	+8.358913E-06	+1.304806E-05	+1.814496E-05	+2.364961E-05	+2.956201E-05	+2.956201E-05	+2.364961E-05	+1.814496E-05	+1.304806E-05	+8.358913E-06	+4.077519E-06	+2.038759E-07	-3.262015E-06	-6.320154E-06	-8.970541E-06	-1.121318E-05	-1.304806E-05	-1.447519E-05	-1.549457E-05	-1.610620E-05	-1.631007E-05	-1.610620E-05	-1.549457E-05	-1.447519E-05	-1.304806E-05	-1.121318E-05	-8.970541E-06	-6.320154E-06	-3.262015E-06	+2.038759E-07	+4.077519E-06	+8.358913E-06	+1.304806E-05	+1.814496E-05	+2.364961E-05	+2.956201E-05	+2.956201E-05	+2.364961E-05	+1.814496E-05	+1.304806E-05	+8.358913E-06	+4.077519E-06	+2.038759E-07	-3.262015E-06	-6.320154E-06	-8.970541E-06	-1.121318E-05	-1.304806E-05	-1.447519E-05	-1.549457E-05	-1.610620E-05	-1.631007E-05	-1.610620E-05	-1.549457E-05	-1.447519E-05	-1.304806E-05	-1.121318E-05	-8.970541E-06	-6.320154E-06	-3.262015E-06	+2.038759E-07	+4.077519E-06	+8.358913E-06	+1.304806E-05	+1.814496E-05	+2.364961E-05	+2.956201E-05	+2.956201E-05	+2.364961E-05	+1.814496E-05	+1.304806E-05	+8.358913E-06	+4.077519E-06	+2.038759E-07	-3.262015E-06	-6.320154E-06	-8.970541E-06	-1.121318E-05	-1.304806E-05	-1.447519E-05	-1.549457E-05	-1.610620E-05	-1.631007E-05	-1.610620E-05	-1.549457E-05	-1.447519E-05	-1.304806E-05	-1.121318E-05	-8.970541E-06	-6.320154E-06	-3.262015E-06	+2.038759E-07	+4.077519E-06	+8.358913E-06	+1.304806E-05	+1.814496E-05	+2.364961E-05	+2.956201E-05	+2.956201E-05	+2.364961E-05	+1.814496E-05	+1.304806E-05	+8.358913E-06	+4.077519E-06	+2.038759E-07	-3.262015E-06	-6.320154E-06	-8.970541E-06	-1.121318E-05	-1.304806E-05	-1.447519E-05	-1.549457E-05	-1.610620E-05	-1.631007E-05
	A	-4.057531E-06	-2.434518E-06	-1.091336E-06	-7.995134E-09	+8.354915E-07	+1.459112E-06	+1.882854E-06	+2.126706E-06	+2.210655E-06	+2.154689E-06	+1.978796E-06	+1.702964E-06	+1.347180E-06	+9.314332E-07	+4.757105E-07	+0.000000E+00	-4.757105E-07	-9.314332E-07	-1.347180E-06	-1.702964E-06	-1.978796E-06	-2.154689E-06	-2.210655E-06	-2.126706E-06	-1.882854E-06	-1.459112E-06	-8.354915E-07	+7.995134E-09	+1.091336E-06	+2.434518E-06	+4.057531E-06	-4.057531E-06	-2.434518E-06	-1.091336E-06	-7.995134E-09	+8.354915E-07	+1.459112E-06	+1.882854E-06	+2.126706E-06	+2.210655E-06	+2.154689E-06	+1.978796E-06	+1.702964E-06	+1.347180E-06	+9.314332E-07	+4.757105E-07	+0.000000E+00	-4.757105E-07	-9.314332E-07	-1.347180E-06	-1.702964E-06	-1.978796E-06	-2.154689E-06	-2.210655E-06	-2.126706E-06	-1.882854E-06	-1.459112E-06	-8.354915E-07	+7.995134E-09	+1.091336E-06	+2.434518E-06	+4.057531E-06	-4.057531E-06	-2.434518E-06	-1.091336E-06	-7.995134E-09	+8.354915E-07	+1.459112E-06	+1.882854E-06	+2.126706E-06	+2.210655E-06	+2.154689E-06	+1.978796E-06	+1.702964E-06	+1.347180E-06	+9.314332E-07	+4.757105E-07	+0.000000E+00	-4.757105E-07	-9.314332E-07	-1.347180E-06	-1.702964E-06	-1.978796E-06	-2.154689E-06	-2.210655E-06	-2.126706E-06	-1.882854E-06	-1.459112E-06	-8.354915E-07	+7.995134E-09	+1.091336E-06	+2.434518E-06	+4.057531E-06	-4.057531E-06	-2.434518E-06	-1.091336E-06	-7.995134E-09	+8.354915E-07	+1.459112E-06	+1.882854E-06	+2.126706E-06	+2.210655E-06	+2.154689E-06	+1.978796E-06	+1.702964E-06	+1.347180E-06	+9.314332E-07	+4.757105E-07	+0.000000E+00	-4.757105E-07	-9.314332E-07	-1.347180E-06	-1.702964E-06	-1.978796E-06	-2.154689E-06	-2.210655E-06	-2.126706E-06	-1.882854E-06	-1.459112E-06	-8.354915E-07	+7.995134E-09	+1.091336E-06	+2.434518E-06	+4.057531E-06	-4.057531E-06	-2.434518E-06	-1.091336E-06	-7.995134E-09	+8.354915E-07	+1.459112E-06	+1.882854E-06	+2.126706E-06	+2.210655E-06	+2.154689E-06	+1.978796E-06	+1.702964E-06	+1.347180E-06	+9.314332E-07	+4.757105E-07	+0.000000E+00	-4.757105E-07	-9.314332E-07	-1.347180E-06	-1.702964E-06	-1.978796E-06	-2.154689E-06	-2.210655E-06	-2.126706E-06	-1.882854E-06	-1.459112E-06	-8.354915E-07	+7.995134E-09	+1.091336E-06	+2.434518E-06	+4.057531E-06	-4.057531E-06	-2.434518E-06	-1.091336E-06	-7.995134E-09	+8.354915E-07	+1.459112E-06	+1.882854E-06	+2.126706E-06	+2.210655E-06	+2.154689E-06	+1.978796E-06	+1.702964E-06	+1.347180E-06	+9.314332E-07	+4.757105E-07	+0.000000E+00	-4.757105E-07	-9.314332E-07	-1.347180E-06	-1.702964E-06	-1.978796E-06	-2.154689E-06	-2.210655E-06	-2.126706E-06	-1.882854E-06	-1.459112E-06	-8.354915E-07	+7.995134E-09	+1.091336E-06	+2.434518E-06	+4.057531E-06	-4.057531E-06	-2.434518E-06	-1.091336E-06	-7.995134E-09	+8.354915E-07	+1.459112E-06	+1.882854E-06	+2.126706E-06	+2.210655E-06	+2.154689E-06	+1.978796E-06	+1.702964E-06	+1.347180E-06	+9.314332E-07	+4.757105E-07	+0.000000E+00	-4.757105E-07	-9.314332E-07	-1.347180E-06	-1.702964E-06	-1.978796E-06	-2.154689E-06	-2.210655E-06	-2.126706E-06	-1.882854E-06	-1.459112E-06	-8.354915E-07	+7.995134E-09	+1.091336E-06	+2.434518E-06	+4.057531E-06	-4.057531E-06	-2.434518E-06	-1.091336E-06	-7.995134E-09	+8.354915E-07	+1.459112E-06	+1.882854E-06	+2.126706E-06	+2.210655E-06	+2.154689E-06	+1.978796E-06	+1.702964E-06	+1.347180E-06	+9.314332E-07	+4.757105E-07	+0.000000E+00	-4.757105E-07	-9.314332E-07	-1.347180E-06	-1.702964E-06	-1.978796E-06	-2.154689E-06	-2.210655E-06	-2.126706E-06	-1.882854E-06	-1.459112E-06	-8.354915E-07	+7.995134E-09	+1.091336E-06	+2.434518E-06	+4.057531E-06	-4.057531E-06	-2.434518E-06	-1.091336E-06	-7.995134E-09	+8.354915E-07	+1.459112E-06	+1.882854E-06	+2.126706E-06	+2.210655E-06	+2.154689E-06	+1.978796E-06	+1.702964E-06	+1.347180E-06	+9.314332E-07	+4.757105E-07	+0.000000E+00	-4.757105E-07	-9.314332E-07	-1.347180E-06	-1.702964E-06	-1.978796E-06	-2.154689E-06	-2.210655E-06	-2.126706E-06	-1.882854E-06	-1.459112E-06	-8.354915E-07	+7.995134E-09	+1.091336E-06	+2.434518E-06	+4.057531E-06	-4.057531E-06	-2.434518E-06	-1.091336E-06	-7.995134E-09	+8.354915E-07	+1.459112E-06	+1.882854E-06	+2.126706E-06	+2.210655E-06	+2.154689E-06	+1.978796E-06	+1.702964E-06	+1.347180E-06	+9.314332E-07	+4.757105E-07	+0.000000E+00	-4.757105E-07	-9.314332E-07	-1.347180E-06	-1.702964E-06	-1.978796E-06	-2.154689E-06	-2.210655E-06	-2.126706E-06	-1.882854E-06	-1.459112E-06	-8.354915E-07	+7.995134E-09	+1.091336E-06	+2.434518E-06	+4.057531E-06	-4.057531E-06	-2.434518E-06	-1.091336E-06	-7.995134E-09	+8.354915E-07	+1.459112E-06	+1.882854E-06	+2.126706E-06	+2.210655E-06	+2.154689E-06	+1.978796E-06	+1.702964E-06	+1.347180E-06	+9.314332E-07	+4.757105E-07	+0.000000E+00	-4.757105E-07	-9.314332E-07	-1.347180E-06	-1.702964E-06	-1.978796E-06	-2.154689E-06	-2.210655E-06	-2.126706E-06	-1.882854E-06	-1.459112E-06	-8.354915E-07	+7.995134E-09	+1.091336E-06	+2.434518E-06	+4.057531E-06	-4.057531E-06	-2.434518E-06	-1.091336E-06	-7.995134E-09	+8.354915E-07	+1.459112E-06	+1.882854E-06	+2.126706E-06	+2.210655E-06	+2.154689E-06	+1.978796E-06	+1.702964E-06	+1.347180E-06	+9.314332E-07	+4.757105E-07	+0.000000E+00	-4.757105E-07	-9.314332E-07	-1.347180E-06	-1.702964E-06	-1.978796E-06	-2.154689E-06	-2.210655E-06	-2.126706E-06	-1.882854E-06	-1.459112E-06	-8.354915E-07	+7.995134E-09	+1.091336E-06	+2.434518E-06	+4.057531E-06	-4.057531E-06	-2.434518E-06	-1.091336E-06	-7.995134E-09	+8.354915E-07	+1.459112E-06	+1.882854E-06	+2.126706E-06	+2.210655E-06	+2.154689E-06	+1.978796E-06	+1.702964E-06	+1.347180E-06	+9.314332E-07	+4.757105E-07	+0.000000E+00	-4.757105E-07	-9.314332E-07	-1.347180E-06	-1.702964E-06	-1.978796E-06	-2.154689E-06	-2.210655E-06	-2.126706E-06	-1.882854E-06	-1.459112E-06	-8.354915E-07	+7.995134E-09	+1.091336E-06	+2.434518E-06	+4.057531E-06	-4.057531E-06	-2.434518E-06	-1.091336E-06	-7.995134E-09	+8.354915E-07	+1.459112E-06	+1.882854E-06	+2.126706E-06	+2.210655E-06	+2.154689E-06	+1.978796E-06	+1.702964E-06	+1.347180E-06	+9.314332E-07	+4.757105E-07	+0.000000E+00	-4.757105E-07	-9.314332E-07	-1.347180E-06	-1.702964E-06	-1.978796E-06	-2.154689E-06	-2.210655E-06	-2.126706E-06	-1.882854E-06	-1.459112E-06	-8.354915E-07	+7.995134E-09	+1.091336E-06	+2.434518E-06	+4.057531E-06	-4.057531E-06	-2.434518E-06	-1.091336E-06	-7.995134E-09	+8.354915E-07	+1.459112E-06	+1.882854E-06	+2.126706E-06	+2.210655E-06	+2.154689E-06	+1.978796E-06	+1.702964E-06	+1.347180E-06	+9.314332E-07	+4.757105E-07	+0.000000E+00	-4.757105E-07	-9.314332E-07	-1.347180E-06	-1.702964E-06	-1.978796E-06	-2.154689E-06	-2.210655E-06	-2.126706E-06	-1.882854E-06	-1.459112E-06	-8.354915E-07	+7.995134E-09	+1.091336E-06	+2.434518E-06	+4.057531E-06	-4.057531E-06	-2.434518E-06	-1.091336E-06	-7.995134E-09	+8.354915E-07	+1.459112E-06	+1.882854E-06	+2.126706E-06	+2.210655E-06	+2.154689E-06	+1.978796E-06	+1.702964E-06	+1.347180E-06	+9.314332E-07	+4.757105E-07	+0.000000E+00
	A	+2.483209E-04	+1.596349E-04	+7.706510E-05	+6.116278E-07	-6.972557E-05	-1.339465E-04	-1.920511E-04	-2.440395E-04	-2.899116E-04	-3.296674E-04	-3.633069E-04	-3.908302E-04	-4.122371E-04	-4.275278E-04	-4.367022E-04	-4.397604E-04	-4.367022E-04	-4.275278E-04	-4.122371E-04	-3.908302E-04	-3.633069E-04	-3.296674E-04	-2.899116E-04	-2.440395E-04	-1.920511E-04	-1.339465E-04	-6.972557E-05	+6.116278E-07	+7.706510E-05	+1.596349E-04	+2.483209E-04	+2.317662E-04	+1.489925E-04	+7.192743E-05	+5.708526E-07	-6.507720E-05	-1.250167E-04	-1.792477E-04	-2.277702E-04	-2.705841E-04	-3.076895E-04	-3.390864E-04	-3.647748E-04	-3.847546E-04	-3.990260E-04	-4.075888E-04	-4.104430E-04	-4.075888E-04	-3.990260E-04	-3.847546E-04	-3.647748E-04	-3.390864E-04	-3.076895E-04	-2.705841E-04	-2.277702E-04	-1.792477E-04	-1.250167E-04	-6.507720E-05	+5.708526E-07	+7.192743E-05	+1.489925E-04	+2.317662E-04	+2.152114E-04	+1.383502E-04	+6.678975E-05	+5.300774E-07	-6.042882E-05	-1.160870E-04	-1.664443E-04	-2.115009E-04	-2.512567E-04	-2.857117E-04	-3.148660E-04	-3.387195E-04	-3.572722E-04	-3.705241E-04	-3.784753E-04	-3.811257E-04	-3.784753E-04	-3.705241E-04	-3.572722E-04	-3.387195E-04	-3.148660E-04	-2.857117E-04	-2.512567E-04	-2.115009E-04	-1.664443E-04	-1.160870E-04	-6.042882E-05	+5.300774E-07	+6.678975E-05	+1.383502E-04	+2.152114E-04	+1.986567E-04	+1.277079E-04	+6.165208E-05	+4.893022E-07	-5.578045E-05	-1.071572E-04	-1.536409E-04	-1.952316E-04	-2.319293E-04	-2.637339E-04	-2.906455E-04	-3.126641E-04	-3.297897E-04	-3.420223E-04	-3.493618E-04	-3.518083E-04	-3.493618E-04	-3.420223E-04	-3.297897E-04	-3.126641E-04	-2.906455E-04	-2.637339E-04	-2.319293E-04	-1.952316E-04	-1.536409E-04	-1.071572E-04	-5.578045E-05	+4.893022E-07	+6.165208E-05	+1.277079E-04	+1.986567E-04	+1.821020E-04	+1.170656E-04	+5.651441E-05	+4.485270E-07	-5.113208E-05	-9.822742E-05	-1.408375E-04	-1.789623E-04	-2.126018E-04	-2.417561E-04	-2.664251E-04	-2.866088E-04	-3.023072E-04	-3.135204E-04	-3.202483E-04	-3.224909E-04	-3.202483E-04	-3.135204E-04	-3.023072E-04	-2.866088E-04	-2.664251E-04	-2.417561E-04	-2.126018E-04	-1.789623E-04	-1.408375E-04	-9.822742E-05	-5.113208E-05	+4.485270E-07	+5.651441E-05	+1.170656E-04	+1.821020E-04	+1.655473E-04	+1.064232E-04	+5.137673E-05	+4.077519E-07	-4.648371E-05	-8.929766E-05	-1.280341E-04	-1.626930E-04	-1.932744E-04	-2.197782E-04	-2.422046E-04	-2.605534E-04	-2.748247E-04	-2.850185E-04	-2.911348E-04	-2.931736E-04	-2.911348E-04	-2.850185E-04	-2.748247E-04	-2.605534E-04	-2.422046E-04	-2.197782E-04	-1.932744E-04	-1.626930E-04	-1.280341E-04	-8.929766E-05	-4.648371E-05	+4.077519E-07	+5.137673E-05	+1.064232E-04	+1.655473E-04	+1.489925E-04	+9.578091E-05	+4.623906E-05	+3.669767E-07	-4.183534E-05	-8.036789E-05	-1.152307E-04	-1.464237E-04	-1.739469E-04	-1.978004E-04	-2.179841E-04	-2.344981E-04	-2.473423E-04	-2.565167E-04	-2.620213E-04	-2.638562E-04	-2.620213E-04	-2.565167E-04	-2.473423E-04	-2.344981E-04	-2.179841E-04	-1.978004E-04	-1.739469E-04	-1.464237E-04	-1.152307E-04	-8.036789E-05	-4.183534E-05	+3.669767E-07	+4.623906E-05	+9.578091E-05	+1.489925E-04	+1.324378E-04	+8.513859E-05	+4.110139E-05	+3.262015E-07	-3.718697E-05	-7.143812E-05	-1.024273E-04	-1.301544E-04	-1.546195E-04	-1.758226E-04	-1.937637E-04	-2.084427E-04	-2.198598E-04	-2.280148E-04	-2.329079E-04	-2.345389E-04	-2.329079E-04	-2.280148E-04	-2.198598E-04	-2.084427E-04	-1.937637E-04	-1.758226E-04	-1.546195E-04	-1.301544E-04	-1.024273E-04	-7.143812E-05	-3.718697E-05	+3.262015E-07	+4.110139E-05	+8.513859E-05	+1.324378E-04	+1.158831E-04	+7.449626E-05	+3.596371E-05	+2.854263E-07	-3.253860E-05	-6.250836E-05	-8.962386E-05	-1.138851E-04	-1.352921E-04	-1.538448E-04	-1.695432E-04	-1.823874E-04	-1.923773E-04	-1.995130E-04	-2.037944E-04	-2.052215E-04	-2.037944E-04	-1.995130E-04	-1.923773E-04	-1.823874E-04	-1.695432E-04	-1.538448E-04	-1.352921E-04	-1.138851E-04	-8.962386E-05	-6.250836E-05	-3.253860E-05	+2.854263E-07	+3.596371E-05	+7.449626E-05	+1.158831E-04	+9.932835E-05	+6.385394E-05	+3.082604E-05	+2.446511E-07	-2.789023E-05	-5.357859E-05	-7.682045E-05	-9.761579E-05	-1.159646E-04	-1.318669E-04	-1.453228E-04	-1.563321E-04	-1.648948E-04	-1.710111E-04	-1.746809E-04	-1.759041E-04	-1.746809E-04	-1.710111E-04	-1.648948E-04	-1.563321E-04	-1.453228E-04	-1.318669E-04	-1.159646E-04	-9.761579E-05	-7.682045E-05	-5.357859E-05	-2.789023E-05	+2.446511E-07	+3.082604E-05	+6.385394E-05	+9.932835E-05	+8.277363E-05	+5.321162E-05	+2.568837E-05	+2.038759E-07	-2.324186E-05	-4.464883E-05	-6.401704E-05	-8.134649E-05	-9.663719E-05	-1.098891E-04	-1.211023E-04	-1.302767E-04	-1.374124E-04	-1.425093E-04	-1.455674E-04	-1.465868E-04	-1.455674E-04	-1.425093E-04	-1.374124E-04	-1.302767E-04	-1.211023E-04	-1.098891E-04	-9.663719E-05	-8.134649E-05	-6.401704E-05	-4.464883E-05	-2.324186E-05	+2.038759E-07	+2.568837E-05	+5.321162E-05	+8.277363E-05	+6.621890E-05	+4.256929E-05	+2.055069E-05	+1.631007E-07	-1.859348E-05	-3.571906E-05	-5.121363E-05	-6.507720E-05	-7.730975E-05	-8.791130E-05	-9.688184E-05	-1.042214E-04	-1.099299E-04	-1.140074E-04	-1.164539E-04	-1.172694E-04	-1.164539E-04	-1.140074E-04	-1.099299E-04	-1.042214E-04	-9.688184E-05	-8.791130E-05	-7.730975E-05	-6.507720E-05	-5.121363E-05	-3.571906E-05	-1.859348E-05	+1.631007E-07	+2.055069E-05	+4.256929E-05	+6.621890E-05	+4.966418E-05	+3.192697E-05	+1.541302E-05	+1.223256E-07	-1.394511E-05	-2.678930E-05	-3.841022E-05	-4.880790E-05	-5.798231E-05	-6.593347E-05	-7.266138E-05	-7.816603E-05	-8.244742E-05	-8.550556E-05	-8.734045E-05	-8.795207E-05	-8.734045E-05	-8.550556E-05	-8.244742E-05	-7.816603E-05	-7.266138E-05	-6.593347E-05	-5.798231E-05	-4.880790E-05	-3.841022E-05	-2.678930E-05	-1.394511E-05	+1.223256E-07	+1.541302E-05	+3.192697E-05	+4.966418E-05	+3.310945E-05	+2.128465E-05	+1.027535E-05	+8.155037E-08	-9.296742E-06	-1.785953E-05	-2.560682E-05	-3.253860E-05	-3.865488E-05	-4.395565E-05	-4.844092E-05	-5.211069E-05	-5.496495E-05	-5.700371E-05	-5.822696E-05	-5.863472E-05	-5.822696E-05	-5.700371E-05	-5.496495E-05	-5.211069E-05	-4.844092E-05	-4.395565E-05	-3.865488E-05	-3.253860E-05	-2.560682E-05	-1.785953E-05	-9.296742E-06	+8.155037E-08	+1.027535E-05	+2.128465E-05	+3.310945E-05	+1.655473E-05	+1.064232E-05	+5.137673E-06	+4.077519E-08	-4.648371E-06	-8.929766E-06	-1.280341E-05	-1.626930E-05	-1.932744E-05	-2.197782E-05	-2.422046E-05	-2.605534E-05	-2.748247E-05	-2.850185E-05	-2.911348E-05	-2.931736E-05	-2.911348E-05	-2.850185E-05	-2.748247E-05	-2.605534E-05	-2.422046E-05	-2.197782E-05	-1.932744E-05	-1.626930E-05	-1.280341E-05	-8.929766E-06	-4.648371E-06	+4.077519E-08	+5.137673E-06	+1.064232E-05	+1.655473E-05	+0.000000E+00	+0.000000E+00	+0.000000E+00	+0.000000E+00	+0.000000E+00	+0.000000E+00	+0.000000E+00	+0.000000E+00	+0.000000E+00	+0.000000E+00	+0.000000E+00	+0.000000E+00	+0.000000E+00	+0.000000E+00	+0.000000E+00	+0.000000E+00
	S	-7.281818E-05	-3.149658E-05	+2.280112E-06	+2.905082E-05	+4.935446E-05	+6.372997E-05	+7.271625E-05	+7.685223E-05	+7.667684E-05	+7.272899E-05	+6.554761E-05	+5.567162E-05	+4.363994E-05	+2.999150E-05	+1.526521E-05	+0.000000E+00	-1.526521E-05	-2.999150E-05	-4.363994E-05	-5.567162E-05	-6.554761E-05	-7.272899E-05	-7.667684E-05	-7.685223E-05	-7.271625E-05	-6.372997E-05	-4.935446E-05	-2.905082E-05	-2.280112E-06	+3.149658E-05	+7.281818E-05	-6.796364E-05	-2.939681E-05	+2.128105E-06	+2.711410E-05	+4.606417E-05	+5.948130E-05	+6.786850E-05	+7.172875E-05	+7.156505E-05	+6.788039E-05	+6.117777E-05	+5.196018E-05	+4.073061E-05	+2.799206E-05	+1.424753E-05	+0.000000E+00	-1.424753E-05	-2.799206E-05	-4.073061E-05	-5.196018E-05	-6.117777E-05	-6.788039E-05	-7.156505E-05	-7.172875E-05	-6.786850E-05	-5.948130E-05	-4.606417E-05	-2.711410E-05	-2.128105E-06	+2.939681E-05	+6.796364E-05	-6.310909E-05	-2.729704E-05	+1.976097E-06	+2.517738E-05	+4.277387E-05	+5.523264E-05	+6.302075E-05	+6.660527E-05	+6.645326E-05	+6.303179E-05	+5.680793E-05	+4.824874E-05	+3.782128E-05	+2.599263E-05	+1.322985E-05	+0.000000E+00	-1.322985E-05	-2.599263E-05	-3.782128E-05	-4.824874E-05	-5.680793E-05	-6.303179E-05	-6.645326E-05	-6.660527E-05	-6.302075E-05	-5.523264E-05	-4.277387E-05	-2.517738E-05	-1.976097E-06	+2.729704E-05	+6.310909E-05	-5.825455E-05	-2.519727E-05	+1.824090E-06	+2.324066E-05	+3.948357E-05	+5.098397E-05	+5.817300E-05	+6.148178E-05	+6.134147E-05	+5.818319E-05	+5.243809E-05	+4.453730E-05	+3.491195E-05	+2.399320E-05	+1.221217E-05	+0.000000E+00	-1.221217E-05	-2.399320E-05	-3.491195E-05	-4.453730E-05	-5.243809E-05	-5.818319E-05	-6.134147E-05	-6.148178E-05	-5.817300E-05	-5.098397E-05	-3.948357E-05	-2.324066E-05	-1.824090E-06	+2.519727E-05	+5.825455E-05	-5.340000E-05	-2.309749E-05	+1.672082E-06	+2.130393E-05	+3.619327E-05	+4.673531E-05	+5.332525E-05	+5.635830E-05	+5.622968E-05	+5.333459E-05	+4.806825E-05	+4.082585E-05	+3.200262E-05	+2.199377E-05	+1.119449E-05	+0.000000E+00	-1.119449E-05	-2.199377E-05	-3.200262E-05	-4.082585E-05	-4.806825E-05	-5.333459E-05	-5.622968E-05	-5.635830E-05	-5.332525E-05	-4.673531E-05	-3.619327E-05	-2.130393E-05	-1.672082E-06	+2.309749E-05	+5.340000E-05	-4.854546E-05	-2.099772E-05	+1.520075E-06	+1.936721E-05	+3.290298E-05	+4.248664E-05	+4.847750E-05	+5.123482E-05	+5.111789E-05	+4.848599E-05	+4.369841E-05	+3.711441E-05	+2.909329E-05	+1.999433E-05	+1.017681E-05	+0.000000E+00	-1.017681E-05	-1.999433E-05	-2.909329E-05	-3.711441E-05	-4.369841E-05	-4.848599E-05	-5.111789E-05	-5.123482E-05	-4.847750E-05	-4.248664E-05	-3.290298E-05	-1.936721E-05	-1.520075E-06	+2.099772E-05	+4.854546E-05	-4.369091E-05	-1.889795E-05	+1.368067E-06	+1.743049E-05	+2.961268E-05	+3.823798E-05	+4.362975E-05	+4.611134E-05	+4.600610E-05	+4.363739E-05	+3.932857E-05	+3.340297E-05	+2.618397E-05	+1.799490E-05	+9.159126E-06	+0.000000E+00	-9.159126E-06	-1.799490E-05	-2.618397E-05	-3.340297E-05	-3.932857E-05	-4.363739E-05	-4.600610E-05	-4.611134E-05	-4.362975E-05	-3.823798E-05	-2.961268E-05	-1.743049E-05	-1.368067E-06	+1.889795E-05	+4.369091E-05	-3.883637E-05	-1.679818E-05	+1.216060E-06	+1.549377E-05	+2.632238E-05	+3.398931E-05	+3.878200E-05	+4.098786E-05	+4.089431E-05	+3.878879E-05	+3.495872E-05	+2.969153E-05	+2.327464E-05	+1.599547E-05	+8.141445E-06	+0.000000E+00	-8.141445E-06	-1.599547E-05	-2.327464E-05	-2.969153E-05	-3.495872E-05	-3.878879E-05	-4.089431E-05	-4.098786E-05	-3.878200E-05	-3.398931E-05	-2.632238E-05	-1.549377E-05	-1.216060E-06	+1.679818E-05	+3.883637E-05	-3.398182E-05	-1.469840E-05	+1.064052E-06	+1.355705E-05	+2.303208E-05	+2.974065E-05	+3.393425E-05	+3.586437E-05	+3.578252E-05	+3.394019E-05	+3.058888E-05	+2.598009E-05	+2.036531E-05	+1.399603E-05	+7.123765E-06	+0.000000E+00	-7.123765E-06	-1.399603E-05	-2.036531E-05	-2.598009E-05	-3.058888E-05	-3.394019E-05	-3.578252E-05	-3.586437E-05	-3.393425E-05	-2.974065E-05	-2.303208E-05	-1.355705E-05	-1.064052E-06	+1.469840E-05	+3.398182E-05	-2.912727E-05	-1.259863E-05	+9.120450E-07	+1.162033E-05	+1.974179E-05	+2.549199E-05	+2.908650E-05	+3.074089E-05	+3.067073E-05	+2.909160E-05	+2.621904E-05	+2.226865E-05	+1.745598E-05	+1.199660E-05	+6.106084E-06	+0.000000E+00	-6.106084E-06	-1.199660E-05	-1.745598E-05	-2.226865E-05	-2.621904E-05	-2.909160E-05	-3.067073E-05	-3.074089E-05	-2.908650E-05	-2.549199E-05	-1.974179E-05	-1.162033E-05	-9.120450E-07	+1.259863E-05	+2.912727E-05	-2.427273E-05	-1.049886E-05	+7.600375E-07	+9.683607E-06	+1.645149E-05	+2.124332E-05	+2.423875E-05	+2.561741E-05	+2.555895E-05	+2.424300E-05	+2.184920E-05	+1.855721E-05	+1.454665E-05	+9.997166E-06	+5.088403E-06	+0.000000E+00	-5.088403E-06	-9.997166E-06	-1.454665E-05	-1.855721E-05	-2.184920E-05	-2.424300E-05	-2.555895E-05	-2.561741E-05	-2.423875E-05	-2.124332E-05	-1.645149E-05	-9.683607E-06	-7.600375E-07	+1.049886E-05	+2.427273E-05	-1.941818E-05	-8.399089E-06	+6.080300E-07	+7.746885E-06	+1.316119E-05	+1.699466E-05	+1.939100E-05	+2.049393E-05	+2.044716E-05	+1.939440E-05	+1.747936E-05	+1.484577E-05	+1.163732E-05	+7.997733E-06	+4.070723E-06	+0.000000E+00	-4.070723E-06	-7.997733E-06	-1.163732E-05	-1.484577E-05	-1.747936E-05	-1.939440E-05	-2.044716E-05	-2.049393E-05	-1.939100E-05	-1.699466E-05	-1.316119E-05	-7.746885E-06	-6.080300E-07	+8.399089E-06	+1.941818E-05	-1.456364E-05	-6.299316E-06	+4.560225E-07	+5.810164E-06	+9.870893E-06	+1.274599E-05	+1.454325E-05	+1.537045E-05	+1.533537E-05	+1.454580E-05	+1.310952E-05	+1.113432E-05	+8.727988E-06	+5.998300E-06	+3.053042E-06	+0.000000E+00	-3.053042E-06	-5.998300E-06	-8.727988E-06	-1.113432E-05	-1.310952E-05	-1.454580E-05	-1.533537E-05	-1.537045E-05	-1.454325E-05	-1.274599E-05	-9.870893E-06	-5.810164E-06	-4.560225E-07	+6.299316E-06	+1.456364E-05	-9.709091E-06	-4.199544E-06	+3.040150E-07	+3.873443E-06	+6.580595E-06	+8.497329E-06	+9.695500E-06	+1.024696E-05	+1.022358E-05	+9.697199E-06	+8.739681E-06	+7.422883E-06	+5.818659E-06	+3.998866E-06	+2.035361E-06	+0.000000E+00	-2.035361E-06	-3.998866E-06	-5.818659E-06	-7.422883E-06	-8.739681E-06	-9.697199E-06	-1.022358E-05	-1.024696E-05	-9.695500E-06	-8.497329E-06	-6.580595E-06	-3.873443E-06	-3.040150E-07	+4.199544E-06	+9.709091E-06	-4.854546E-06	-2.099772E-06	+1.520075E-07	+1.936721E-06	+3.290298E-06	+4.248664E-06	+4.847750E-06	+5.123482E-06	+5.111789E-06	+4.848599E-06	+4.369841E-06	+3.711441E-06	+2.909329E-06	+1.999433E-06	+1.017681E-06	+0.000000E+00	-1.017681E-06	-1.999433E-06	-2.909329E-06	-3.711441E-06	-4.369841E-06	-4.848599E-06	-5.111789E-06	-5.123482E-06	-4.847750E-06	-4.248664E-06	-3.290298E-06	-1.936721E-06	-1.520075E-07	+2.099772E-06	+4.854546E-06	+0.000000E+00	+0.000000E+00	+0.000000E+00	+0.000000E+00	+0.000000E+00	+0.000000E+00	+0.000000E+00	+0.000000E+00	+0.000000E+00	+0.000000E+00	+0.000000E+00	+0.000000E+00	+0.000000E+00	+0.000000E+00	+0.000000E+00	+0.000000E+00
	A	-5.542877E-06	-4.434301E-06	-3.402180E-06	-2.446511E-06	-1.567296E-06	-7.645347E-07	-3.822674E-08	+6.116278E-07	+1.185029E-06	+1.681976E-06	+2.102470E-06	+2.446511E-06	+2.714098E-06	+2.905232E-06	+3.019912E-06	+3.058139E-06	+3.019912E-06	+2.905232E-06	+2.714098E-06	+2.446511E-06	+2.102470E-06	+1.681976E-06	+1.185029E-06	+6.116278E-07	-3.822674E-08	-7.645347E-07	-1.567296E-06	-2.446511E-06	-3.402180E-06	-4.434301E-06	-5.542877E-06	-5.173352E-06	-4.138681E-06	-3.175368E-06	-2.283410E-06	-1.462810E-06	-7.135657E-07	-3.567829E-08	+5.708526E-07	+1.106027E-06	+1.569845E-06	+1.962306E-06	+2.283410E-06	+2.533158E-06	+2.711550E-06	+2.818585E-06	+2.854263E-06	+2.818585E-06	+2.711550E-06	+2.533158E-06	+2.283410E-06	+1.962306E-06	+1.569845E-06	+1.106027E-06	+5.708526E-07	-3.567829E-08	-7.135657E-07	-1.462810E-06	-2.283410E-06	-3.175368E-06	-4.138681E-06	-5.173352E-06	-4.803827E-06	-3.843061E-06	-2.948556E-06	-2.120310E-06	-1.358323E-06	-6.625968E-07	-3.312984E-08	+5.300774E-07	+1.027025E-06	+1.457713E-06	+1.822141E-06	+2.120310E-06	+2.352218E-06	+2.517868E-06	+2.617257E-06	+2.650387E-06	+2.617257E-06	+2.517868E-06	+2.352218E-06	+2.120310E-06	+1.822141E-06	+1.457713E-06	+1.027025E-06	+5.300774E-07	-3.312984E-08	-6.625968E-07	-1.358323E-06	-2.120310E-06	-2.948556E-06	-3.843061E-06	-4.803827E-06	-4.434301E-06	-3.547441E-06	-2.721744E-06	-1.957209E-06	-1.253837E-06	-6.116278E-07	-3.058139E-08	+4.893022E-07	+9.480231E-07	+1.345581E-06	+1.681976E-06	+1.957209E-06	+2.171279E-06	+2.324186E-06	+2.415930E-06	+2.446511E-06	+2.415930E-06	+2.324186E-06	+2.171279E-06	+1.957209E-06	+1.681976E-06	+1.345581E-06	+9.480231E-07	+4.893022E-07	-3.058139E-08	-6.116278E-07	-1.253837E-06	-1.957209E-06	-2.721744E-06	-3.547441E-06	-4.434301E-06	-4.064776E-06	-3.251821E-06	-2.494932E-06	-1.794108E-06	-1.149351E-06	-5.606588E-07	-2.803294E-08	+4.485270E-07	+8.690211E-07	+1.233449E-06	+1.541812E-06	+1.794108E-06	+1.990339E-06	+2.130503E-06	+2.214602E-06	+2.242635E-06	+2.214602E-06	+2.130503E-06	+1.990339E-06	+1.794108E-06	+1.541812E-06	+1.233449E-06	+8.690211E-07	+4.485270E-07	-2.803294E-08	-5.606588E-07	-1.149351E-06	-1.794108E-06	-2.494932E-06	-3.251821E-06	-4.064776E-06	-3.695251E-06	-2.956201E-06	-2.268120E-06	-1.631007E-06	-1.044864E-06	-5.096898E-07	-2.548449E-08	+4.077519E-07	+7.900192E-07	+1.121318E-06	+1.401647E-06	+1.631007E-06	+1.809399E-06	+1.936821E-06	+2.013275E-06	+2.038759E-06	+2.013275E-06	+1.936821E-06	+1.809399E-06	+1.631007E-06	+1.401647E-06	+1.121318E-06	+7.900192E-07	+4.077519E-07	-2.548449E-08	-5.096898E-07	-1.044864E-06	-1.631007E-06	-2.268120E-06	-2.956201E-06	-3.695251E-06	-3.325726E-06	-2.660581E-06	-2.041308E-06	-1.467907E-06	-9.403777E-07	-4.587208E-07	-2.293604E-08	+3.669767E-07	+7.110173E-07	+1.009186E-06	+1.261482E-06	+1.467907E-06	+1.628459E-06	+1.743139E-06	+1.811947E-06	+1.834883E-06	+1.811947E-06	+1.743139E-06	+1.628459E-06	+1.467907E-06	+1.261482E-06	+1.009186E-06	+7.110173E-07	+3.669767E-07	-2.293604E-08	-4.587208E-07	-9.403777E-07	-1.467907E-06	-2.041308E-06	-2.660581E-06	-3.325726E-06	-2.956201E-06	-2.364961E-06	-1.814496E-06	-1.304806E-06	-8.358913E-07	-4.077519E-07	-2.038759E-08	+3.262015E-07	+6.320154E-07	+8.970541E-07	+1.121318E-06	+1.304806E-06	+1.447519E-06	+1.549457E-06	+1.610620E-06	+1.631007E-06	+1.610620E-06	+1.549457E-06	+1.447519E-06	+1.304806E-06	+1.121318E-06	+8.970541E-07	+6.320154E-07	+3.262015E-07	-2.038759E-08	-4.077519E-07	-8.358913E-07	-1.304806E-06	-1.814496E-06	-2.364961E-06	-2.956201E-06	-2.586676E-06	-2.069341E-06	-1.587684E-06	-1.141705E-06	-7.314049E-07	-3.567829E-07	-1.783914E-08	+2.854263E-07	+5.530134E-07	+7.849223E-07	+9.811529E-07	+1.141705E-06	+1.266579E-06	+1.355775E-06	+1.409292E-06	+1.427131E-06	+1.409292E-06	+1.355775E-06	+1.266579E-06	+1.141705E-06	+9.811529E-07	+7.849223E-07	+5.530134E-07	+2.854263E-07	-1.783914E-08	-3.567829E-07	-7.314049E-07	-1.141705E-06	-1.587684E-06	-2.069341E-06	-2.586676E-06	-2.217151E-06	-1.773721E-06	-1.360872E-06	-9.786044E-07	-6.269185E-07	-3.058139E-07	-1.529069E-08	+2.446511E-07	+4.740115E-07	+6.727906E-07	+8.409882E-07	+9.786044E-07	+1.085639E-06	+1.162093E-06	+1.207965E-06	+1.223256E-06	+1.207965E-06	+1.162093E-06	+1.085639E-06	+9.786044E-07	+8.409882E-07	+6.727906E-07	+4.740115E-07	+2.446511E-07	-1.529069E-08	-3.058139E-07	-6.269185E-07	-9.786044E-07	-1.360872E-06	-1.773721E-06	-2.217151E-06	-1.847626E-06	-1.478100E-06	-1.134060E-06	-8.155037E-07	-5.224321E-07	-2.548449E-07	-1.274225E-08	+2.038759E-07	+3.950096E-07	+5.606588E-07	+7.008235E-07	+8.155037E-07	+9.046994E-07	+9.684106E-07	+1.006637E-06	+1.019380E-06	+1.006637E-06	+9.684106E-07	+9.046994E-07	+8.155037E-07	+7.008235E-07	+5.606588E-07	+3.950096E-07	+2.038759E-07	-1.274225E-08	-2.548449E-07	-5.224321E-07	-8.155037E-07	-1.134060E-06	-1.478100E-06	-1.847626E-06	-1.478100E-06	-1.182480E-06	-9.072479E-07	-6.524030E-07	-4.179456E-07	-2.038759E-07	-1.019380E-08	+1.631007E-07	+3.160077E-07	+4.485270E-07	+5.606588E-07	+6.524030E-07	+7.237595E-07	+7.747285E-07	+8.053099E-07	+8.155037E-07	+8.053099E-07	+7.747285E-07	+7.237595E-07	+6.524030E-07	+5.606588E-07	+4.485270E-07	+3.160077E-07	+1.631007E-07	-1.019380E-08	-2.038759E-07	-4.179456E-07	-6.524030E-07	-9.072479E-07	-1.182480E-06	-1.478100E-06	-1.108575E-06	-8.868603E-07	-6.804359E-07	-4.893022E-07	-3.134592E-07	-1.529069E-07	-7.645347E-09	+1.223256E-07	+2.370058E-07	+3.363953E-07	+4.204941E-07	+4.893022E-07	+5.428197E-07	+5.810464E-07	+6.039824E-07	+6.116278E-07	+6.039824E-07	+5.810464E-07	+5.428197E-07	+4.893022E-07	+4.204941E-07	+3.363953E-07	+2.370058E-07	+1.223256E-07	-7.645347E-09	-1.529069E-07	-3.134592E-07	-4.893022E-07	-6.804359E-07	-8.868603E-07	-1.108575E-06	-7.390502E-07	-5.912402E-07	-4.536239E-07	-3.262015E-07	-2.089728E-07	-1.019380E-07	-5.096898E-09	+8.155037E-08	+1.580038E-07	+2.242635E-07	+2.803294E-07	+3.262015E-07	+3.618798E-07	+3.873643E-07	+4.026550E-07	+4.077519E-07	+4.026550E-07	+3.873643E-07	+3.618798E-07	+3.262015E-07	+2.803294E-07	+2.242635E-07	+1.580038E-07	+8.155037E-08	-5.096898E-09	-1.019380E-07	-2.089728E-07	-3.262015E-07	-4.536239E-07	-5.912402E-07	-7.390502E-07	-3.695251E-07	-2.956201E-07	-2.268120E-07	-1.631007E-07	-1.044864E-07	-5.096898E-08	-2.548449E-09	+4.077519E-08	+7.900192E-08	+1.121318E-07	+1.401647E-07	+1.631007E-07	+1.809399E-07	+1.936821E-07	+2.013275E-07	+2.038759E-07	+2.013275E-07	+1.936821E-07	+1.809399E-07	+1.631007E-07	+1.401647E-07	+1.121318E-07	+7.900192E-08	+4.077519E-08	-2.548449E-09	-5.096898E-08	-1.044864E-07	-1.631007E-07	-2.268120E-07	-2.956201E-07	-3.695251E-07	+0.000000E+00	+0.000000E+00	+0.000000E+00	+0.000000E+00	+0.000000E+00	+0.000000E+00	+0.000000E+00	+0.000000E+00	+0.000000E+00	+0.000000E+00	+0.000000E+00	+0.000000E+00	+0.000000E+00	+0.000000E+00	+0.000000E+00	+0.000000E+00
	S	+7.607870E-07	+4.564722E-07	+2.046255E-07	+1.499088E-09	-1.566547E-07	-2.735835E-07	-3.530352E-07	-3.987573E-07	-4.144977E-07	-4.040041E-07	-3.710242E-07	-3.193057E-07	-2.525963E-07	-1.746437E-07	-8.919572E-08	+0.000000E+00	+8.919572E-08	+1.746437E-07	+2.525963E-07	+3.193057E-07	+3.710242E-07	+4.040041E-07	+4.144977E-07	+3.987573E-07	+3.530352E-07	+2.735835E-07	+1.566547E-07	-1.499088E-09	-2.046255E-07	-4.564722E-07	-7.607870E-07	+7.100679E-07	+4.260407E-07	+1.909838E-07	+1.399149E-09	-1.462110E-07	-2.553446E-07	-3.294995E-07	-3.721735E-07	-3.868646E-07	-3.770705E-07	-3.462893E-07	-2.980186E-07	-2.357565E-07	-1.630008E-07	-8.324934E-08	+0.000000E+00	+8.324934E-08	+1.630008E-07	+2.357565E-07	+2.980186E-07	+3.462893E-07	+3.770705E-07	+3.868646E-07	+3.721735E-07	+3.294995E-07	+2.553446E-07	+1.462110E-07	-1.399149E-09	-1.909838E-07	-4.260407E-07	-7.100679E-07	+6.593487E-07	+3.956092E-07	+1.773421E-07	+1.299209E-09	-1.357674E-07	-2.371057E-07	-3.059638E-07	-3.455897E-07	-3.592314E-07	-3.501369E-07	-3.215543E-07	-2.767316E-07	-2.189168E-07	-1.513579E-07	-7.730296E-08	+0.000000E+00	+7.730296E-08	+1.513579E-07	+2.189168E-07	+2.767316E-07	+3.215543E-07	+3.501369E-07	+3.592314E-07	+3.455897E-07	+3.059638E-07	+2.371057E-07	+1.357674E-07	-1.299209E-09	-1.773421E-07	-3.956092E-07	-6.593487E-07	+6.086296E-07	+3.651778E-07	+1.637004E-07	+1.199270E-09	-1.253237E-07	-2.188668E-07	-2.824281E-07	-3.190059E-07	-3.315982E-07	-3.232033E-07	-2.968194E-07	-2.554445E-07	-2.020770E-07	-1.397150E-07	-7.135657E-08	+0.000000E+00	+7.135657E-08	+1.397150E-07	+2.020770E-07	+2.554445E-07	+2.968194E-07	+3.232033E-07	+3.315982E-07	+3.190059E-07	+2.824281E-07	+2.188668E-07	+1.253237E-07	-1.199270E-09	-1.637004E-07	-3.651778E-07	-6.086296E-07	+5.579105E-07	+3.347463E-07	+1.500587E-07	+1.099331E-09	-1.148801E-07	-2.006279E-07	-2.588924E-07	-2.924220E-07	-3.039650E-07	-2.962697E-07	-2.720844E-07	-2.341575E-07	-1.852373E-07	-1.280721E-07	-6.541019E-08	+0.000000E+00	+6.541019E-08	+1.280721E-07	+1.852373E-07	+2.341575E-07	+2.720844E-07	+2.962697E-07	+3.039650E-07	+2.924220E-07	+2.588924E-07	+2.006279E-07	+1.148801E-07	-1.099331E-09	-1.500587E-07	-3.347463E-07	-5.579105E-07	+5.071913E-07	+3.043148E-07	+1.364170E-07	+9.993918E-10	-1.044364E-07	-1.823890E-07	-2.353568E-07	-2.658382E-07	-2.763318E-07	-2.693361E-07	-2.473495E-07	-2.128705E-07	-1.683975E-07	-1.164291E-07	-5.946381E-08	+0.000000E+00	+5.946381E-08	+1.164291E-07	+1.683975E-07	+2.128705E-07	+2.473495E-07	+2.693361E-07	+2.763318E-07	+2.658382E-07	+2.353568E-07	+1.823890E-07	+1.044364E-07	-9.993918E-10	-1.364170E-07	-3.043148E-07	-5.071913E-07	+4.564722E-07	+2.738833E-07	+1.227753E-07	+8.994526E-10	-9.399280E-08	-1.641501E-07	-2.118211E-07	-2.392544E-07	-2.486986E-07	-2.424025E-07	-2.226145E-07	-1.915834E-07	-1.515578E-07	-1.047862E-07	-5.351743E-08	+0.000000E+00	+5.351743E-08	+1.047862E-07	+1.515578E-07	+1.915834E-07	+2.226145E-07	+2.424025E-07	+2.486986E-07	+2.392544E-07	+2.118211E-07	+1.641501E-07	+9.399280E-08	-8.994526E-10	-1.227753E-07	-2.738833E-07	-4.564722E-07	+4.057531E-07	+2.434518E-07	+1.091336E-07	+7.995134E-10	-8.354915E-08	-1.459112E-07	-1.882854E-07	-2.126706E-07	-2.210655E-07	-2.154689E-07	-1.978796E-07	-1.702964E-07	-1.347180E-07	-9.314332E-08	-4.757105E-08	+0.000000E+00	+4.757105E-08	+9.314332E-08	+1.347180E-07	+1.702964E-07	+1.978796E-07	+2.154689E-07	+2.210655E-07	+2.126706E-07	+1.882854E-07	+1.459112E-07	+8.354915E-08	-7.995134E-10	-1.091336E-07	-2.434518E-07	-4.057531E-07	+3.550339E-07	+2.130204E-07	+9.549189E-08	+6.995743E-10	-7.310551E-08	-1.276723E-07	-1.647497E-07	-1.860868E-07	-1.934323E-07	-1.885353E-07	-1.731446E-07	-1.490093E-07	-1.178783E-07	-8.150040E-08	-4.162467E-08	+0.000000E+00	+4.162467E-08	+8.150040E-08	+1.178783E-07	+1.490093E-07	+1.731446E-07	+1.885353E-07	+1.934323E-07	+1.860868E-07	+1.647497E-07	+1.276723E-07	+7.310551E-08	-6.995743E-10	-9.549189E-08	-2.130204E-07	-3.550339E-07	+3.043148E-07	+1.825889E-07	+8.185019E-08	+5.996351E-10	-6.266187E-08	-1.094334E-07	-1.412141E-07	-1.595029E-07	-1.657991E-07	-1.616017E-07	-1.484097E-07	-1.277223E-07	-1.010385E-07	-6.985749E-08	-3.567829E-08	+0.000000E+00	+3.567829E-08	+6.985749E-08	+1.010385E-07	+1.277223E-07	+1.484097E-07	+1.616017E-07	+1.657991E-07	+1.595029E-07	+1.412141E-07	+1.094334E-07	+6.266187E-08	-5.996351E-10	-8.185019E-08	-1.825889E-07	-3.043148E-07	+2.535957E-07	+1.521574E-07	+6.820849E-08	+4.996959E-10	-5.221822E-08	-9.119450E-08	-1.176784E-07	-1.329191E-07	-1.381659E-07	-1.346680E-07	-1.236747E-07	-1.064352E-07	-8.419876E-08	-5.821457E-08	-2.973191E-08	+0.000000E+00	+2.973191E-08	+5.821457E-08	+8.419876E-08	+1.064352E-07	+1.236747E-07	+1.346680E-07	+1.381659E-07	+1.329191E-07	+1.176784E-07	+9.119450E-08	+5.221822E-08	-4.996959E-10	-6.820849E-08	-1.521574E-07	-2.535957E-07	+2.028765E-07	+1.217259E-07	+5.456679E-08	+3.997567E-10	-4.177458E-08	-7.295560E-08	-9.414271E-08	-1.063353E-07	-1.105327E-07	-1.077344E-07	-9.893979E-08	-8.514818E-08	-6.735901E-08	-4.657166E-08	-2.378552E-08	+0.000000E+00	+2.378552E-08	+4.657166E-08	+6.735901E-08	+8.514818E-08	+9.893979E-08	+1.077344E-07	+1.105327E-07	+1.063353E-07	+9.414271E-08	+7.295560E-08	+4.177458E-08	-3.997567E-10	-5.456679E-08	-1.217259E-07	-2.028765E-07	+1.521574E-07	+9.129444E-08	+4.092509E-08	+2.998175E-10	-3.133093E-08	-5.471670E-08	-7.060703E-08	-7.975147E-08	-8.289955E-08	-8.080083E-08	-7.420484E-08	-6.386114E-08	-5.051926E-08	-3.492874E-08	-1.783914E-08	+0.000000E+00	+1.783914E-08	+3.492874E-08	+5.051926E-08	+6.386114E-08	+7.420484E-08	+8.080083E-08	+8.289955E-08	+7.975147E-08	+7.060703E-08	+5.471670E-08	+3.133093E-08	-2.998175E-10	-4.092509E-08	-9.129444E-08	-1.521574E-07	+1.014383E-07	+6.086296E-08	+2.728340E-08	+1.998784E-10	-2.088729E-08	-3.647780E-08	-4.707135E-08	-5.316764E-08	-5.526637E-08	-5.386722E-08	-4.946989E-08	-4.257409E-08	-3.367950E-08	-2.328583E-08	-1.189276E-08	+0.000000E+00	+1.189276E-08	+2.328583E-08	+3.367950E-08	+4.257409E-08	+4.946989E-08	+5.386722E-08	+5.526637E-08	+5.316764E-08	+4.707135E-08	+3.647780E-08	+2.088729E-08	-1.998784E-10	-2.728340E-08	-6.086296E-08	-1.014383E-07	+5.071913E-08	+3.043148E-08	+1.364170E-08	+9.993918E-11	-1.044364E-08	-1.823890E-08	-2.353568E-08	-2.658382E-08	-2.763318E-08	-2.693361E-08	-2.473495E-08	-2.128705E-08	-1.683975E-08	-1.164291E-08	-5.946381E-09	+0.000000E+00	+5.946381E-09	+1.164291E-08	+1.683975E-08	+2.128705E-08	+2.473495E-08	+2.693361E-08	+2.763318E-08	+2.658382E-08	+2.353568E-08	+1.823890E-08	+1.044364E-08	-9.993918E-11	-1.364170E-08	-3.043148E-08	-5.071913E-08	+0.000000E+00	+0.000000E+00	+0.000000E+00	+0.000000E+00	+0.000000E+00	+0.000000E+00	+0.000000E+00	+0.000000E+00	+0.000000E+00	+0.000000E+00	+0.000000E+00	+0.000000E+00	+0.000000E+00	+0.000000E+00	+0.000000E+00	+0.000000E+00
# Matrix ends.
#
#
# ---------------------------------- LICENSE NOTICE -----------------------------------
# THIS DATA IS RELEASED UNDER THE CREATIVE COMMONS LICENSE "CC BY-NC-SA 4.0".
#   This license lets you remix, tweak, and build upon this work non-commercially,
#   as long as you credit me and license your new creations under the terms identical
#   to the current license.
# SEE "https://creativecommons.org/licenses/by-nc-sa/4.0" FOR DETAILS.
#
# RELEASED BY: Chandra Shekhar
#      E-mail: chandraiitk[AT]yahoo[DOT]co[DOT]in
#    Homepage: https://sites.google.com/site/chandraacads
# FOR ANY QUESTION OR COMMENT, OR FOR A COMMERCIAL LICENSE, PLEASE EMAIL ME.
#
# For additional details, please visit my homepage.
#
# ==================================== End of File ====================================
