# ================================== Start of File ====================================
# Spatial dimensions = 2
# Kernel size = 39x39
# Polynomial order = 1x1
# Size of the convolution coefficient matrix = 4x1521
#
# Column# 1:
#    S/A => The left and the right halves of the row are symmetric(S)/anti-symmetric(A) about the middle column.
#           If symmetric elements on the right half, their signs are same as the corresponding elements on the left side.
#           If anti-symmetric elements, the signs are opposite.
# Column# 2~761 = the left-half columns of the row.
# Column# 762 = the middle column of the row.
# Column# 763~1522, which are the right-half columns, are not stored, because they are symmetric/anti-symmetric
#           of the elements in the column# 761~2, respectively.
# Matrix starts:
	S	+6.574622E-04	+6.574622E-04	+6.574622E-04	+6.574622E-04	+6.574622E-04	+6.574622E-04	+6.574622E-04	+6.574622E-04	+6.574622E-04	+6.574622E-04	+6.574622E-04	+6.574622E-04	+6.574622E-04	+6.574622E-04	+6.574622E-04	+6.574622E-04	+6.574622E-04	+6.574622E-04	+6.574622E-04	+6.574622E-04	+6.574622E-04	+6.574622E-04	+6.574622E-04	+6.574622E-04	+6.574622E-04	+6.574622E-04	+6.574622E-04	+6.574622E-04	+6.574622E-04	+6.574622E-04	+6.574622E-04	+6.574622E-04	+6.574622E-04	+6.574622E-04	+6.574622E-04	+6.574622E-04	+6.574622E-04	+6.574622E-04	+6.574622E-04	+6.574622E-04	+6.574622E-04	+6.574622E-04	+6.574622E-04	+6.574622E-04	+6.574622E-04	+6.574622E-04	+6.574622E-04	+6.574622E-04	+6.574622E-04	+6.574622E-04	+6.574622E-04	+6.574622E-04	+6.574622E-04	+6.574622E-04	+6.574622E-04	+6.574622E-04	+6.574622E-04	+6.574622E-04	+6.574622E-04	+6.574622E-04	+6.574622E-04	+6.574622E-04	+6.574622E-04	+6.574622E-04	+6.574622E-04	+6.574622E-04	+6.574622E-04	+6.574622E-04	+6.574622E-04	+6.574622E-04	+6.574622E-04	+6.574622E-04	+6.574622E-04	+6.574622E-04	+6.574622E-04	+6.574622E-04	+6.574622E-04	+6.574622E-04	+6.574622E-04	+6.574622E-04	+6.574622E-04	+6.574622E-04	+6.574622E-04	+6.574622E-04	+6.574622E-04	+6.574622E-04	+6.574622E-04	+6.574622E-04	+6.574622E-04	+6.574622E-04	+6.574622E-04	+6.574622E-04	+6.574622E-04	+6.574622E-04	+6.574622E-04	+6.574622E-04	+6.574622E-04	+6.574622E-04	+6.574622E-04	+6.574622E-04	+6.574622E-04	+6.574622E-04	+6.574622E-04	+6.574622E-04	+6.574622E-04	+6.574622E-04	+6.574622E-04	+6.574622E-04	+6.574622E-04	+6.574622E-04	+6.574622E-04	+6.574622E-04	+6.574622E-04	+6.574622E-04	+6.574622E-04	+6.574622E-04	+6.574622E-04	+6.574622E-04	+6.574622E-04	+6.574622E-04	+6.574622E-04	+6.574622E-04	+6.574622E-04	+6.574622E-04	+6.574622E-04	+6.574622E-04	+6.574622E-04	+6.574622E-04	+6.574622E-04	+6.574622E-04	+6.574622E-04	+6.574622E-04	+6.574622E-04	+6.574622E-04	+6.574622E-04	+6.574622E-04	+6.574622E-04	+6.574622E-04	+6.574622E-04	+6.574622E-04	+6.574622E-04	+6.574622E-04	+6.574622E-04	+6.574622E-04	+6.574622E-04	+6.574622E-04	+6.574622E-04	+6.574622E-04	+6.574622E-04	+6.574622E-04	+6.574622E-04	+6.574622E-04	+6.574622E-04	+6.574622E-04	+6.574622E-04	+6.574622E-04	+6.574622E-04	+6.574622E-04	+6.574622E-04	+6.574622E-04	+6.574622E-04	+6.574622E-04	+6.574622E-04	+6.574622E-04	+6.574622E-04	+6.574622E-04	+6.574622E-04	+6.574622E-04	+6.574622E-04	+6.574622E-04	+6.574622E-04	+6.574622E-04	+6.574622E-04	+6.574622E-04	+6.574622E-04	+6.574622E-04	+6.574622E-04	+6.574622E-04	+6.574622E-04	+6.574622E-04	+6.574622E-04	+6.574622E-04	+6.574622E-04	+6.574622E-04	+6.574622E-04	+6.574622E-04	+6.574622E-04	+6.574622E-04	+6.574622E-04	+6.574622E-04	+6.574622E-04	+6.574622E-04	+6.574622E-04	+6.574622E-04	+6.574622E-04	+6.574622E-04	+6.574622E-04	+6.574622E-04	+6.574622E-04	+6.574622E-04	+6.574622E-04	+6.574622E-04	+6.574622E-04	+6.574622E-04	+6.574622E-04	+6.574622E-04	+6.574622E-04	+6.574622E-04	+6.574622E-04	+6.574622E-04	+6.574622E-04	+6.574622E-04	+6.574622E-04	+6.574622E-04	+6.574622E-04	+6.574622E-04	+6.574622E-04	+6.574622E-04	+6.574622E-04	+6.574622E-04	+6.574622E-04	+6.574622E-04	+6.574622E-04	+6.574622E-04	+6.574622E-04	+6.574622E-04	+6.574622E-04	+6.574622E-04	+6.574622E-04	+6.574622E-04	+6.574622E-04	+6.574622E-04	+6.574622E-04	+6.574622E-04	+6.574622E-04	+6.574622E-04	+6.574622E-04	+6.574622E-04	+6.574622E-04	+6.574622E-04	+6.574622E-04	+6.574622E-04	+6.574622E-04	+6.574622E-04	+6.574622E-04	+6.574622E-04	+6.574622E-04	+6.574622E-04	+6.574622E-04	+6.574622E-04	+6.574622E-04	+6.574622E-04	+6.574622E-04	+6.574622E-04	+6.574622E-04	+6.574622E-04	+6.574622E-04	+6.574622E-04	+6.574622E-04	+6.574622E-04	+6.574622E-04	+6.574622E-04	+6.574622E-04	+6.574622E-04	+6.574622E-04	+6.574622E-04	+6.574622E-04	+6.574622E-04	+6.574622E-04	+6.574622E-04	+6.574622E-04	+6.574622E-04	+6.574622E-04	+6.574622E-04	+6.574622E-04	+6.574622E-04	+6.574622E-04	+6.574622E-04	+6.574622E-04	+6.574622E-04	+6.574622E-04	+6.574622E-04	+6.574622E-04	+6.574622E-04	+6.574622E-04	+6.574622E-04	+6.574622E-04	+6.574622E-04	+6.574622E-04	+6.574622E-04	+6.574622E-04	+6.574622E-04	+6.574622E-04	+6.574622E-04	+6.574622E-04	+6.574622E-04	+6.574622E-04	+6.574622E-04	+6.574622E-04	+6.574622E-04	+6.574622E-04	+6.574622E-04	+6.574622E-04	+6.574622E-04	+6.574622E-04	+6.574622E-04	+6.574622E-04	+6.574622E-04	+6.574622E-04	+6.574622E-04	+6.574622E-04	+6.574622E-04	+6.574622E-04	+6.574622E-04	+6.574622E-04	+6.574622E-04	+6.574622E-04	+6.574622E-04	+6.574622E-04	+6.574622E-04	+6.574622E-04	+6.574622E-04	+6.574622E-04	+6.574622E-04	+6.574622E-04	+6.574622E-04	+6.574622E-04	+6.574622E-04	+6.574622E-04	+6.574622E-04	+6.574622E-04	+6.574622E-04	+6.574622E-04	+6.574622E-04	+6.574622E-04	+6.574622E-04	+6.574622E-04	+6.574622E-04	+6.574622E-04	+6.574622E-04	+6.574622E-04	+6.574622E-04	+6.574622E-04	+6.574622E-04	+6.574622E-04	+6.574622E-04	+6.574622E-04	+6.574622E-04	+6.574622E-04	+6.574622E-04	+6.574622E-04	+6.574622E-04	+6.574622E-04	+6.574622E-04	+6.574622E-04	+6.574622E-04	+6.574622E-04	+6.574622E-04	+6.574622E-04	+6.574622E-04	+6.574622E-04	+6.574622E-04	+6.574622E-04	+6.574622E-04	+6.574622E-04	+6.574622E-04	+6.574622E-04	+6.574622E-04	+6.574622E-04	+6.574622E-04	+6.574622E-04	+6.574622E-04	+6.574622E-04	+6.574622E-04	+6.574622E-04	+6.574622E-04	+6.574622E-04	+6.574622E-04	+6.574622E-04	+6.574622E-04	+6.574622E-04	+6.574622E-04	+6.574622E-04	+6.574622E-04	+6.574622E-04	+6.574622E-04	+6.574622E-04	+6.574622E-04	+6.574622E-04	+6.574622E-04	+6.574622E-04	+6.574622E-04	+6.574622E-04	+6.574622E-04	+6.574622E-04	+6.574622E-04	+6.574622E-04	+6.574622E-04	+6.574622E-04	+6.574622E-04	+6.574622E-04	+6.574622E-04	+6.574622E-04	+6.574622E-04	+6.574622E-04	+6.574622E-04	+6.574622E-04	+6.574622E-04	+6.574622E-04	+6.574622E-04	+6.574622E-04	+6.574622E-04	+6.574622E-04	+6.574622E-04	+6.574622E-04	+6.574622E-04	+6.574622E-04	+6.574622E-04	+6.574622E-04	+6.574622E-04	+6.574622E-04	+6.574622E-04	+6.574622E-04	+6.574622E-04	+6.574622E-04	+6.574622E-04	+6.574622E-04	+6.574622E-04	+6.574622E-04	+6.574622E-04	+6.574622E-04	+6.574622E-04	+6.574622E-04	+6.574622E-04	+6.574622E-04	+6.574622E-04	+6.574622E-04	+6.574622E-04	+6.574622E-04	+6.574622E-04	+6.574622E-04	+6.574622E-04	+6.574622E-04	+6.574622E-04	+6.574622E-04	+6.574622E-04	+6.574622E-04	+6.574622E-04	+6.574622E-04	+6.574622E-04	+6.574622E-04	+6.574622E-04	+6.574622E-04	+6.574622E-04	+6.574622E-04	+6.574622E-04	+6.574622E-04	+6.574622E-04	+6.574622E-04	+6.574622E-04	+6.574622E-04	+6.574622E-04	+6.574622E-04	+6.574622E-04	+6.574622E-04	+6.574622E-04	+6.574622E-04	+6.574622E-04	+6.574622E-04	+6.574622E-04	+6.574622E-04	+6.574622E-04	+6.574622E-04	+6.574622E-04	+6.574622E-04	+6.574622E-04	+6.574622E-04	+6.574622E-04	+6.574622E-04	+6.574622E-04	+6.574622E-04	+6.574622E-04	+6.574622E-04	+6.574622E-04	+6.574622E-04	+6.574622E-04	+6.574622E-04	+6.574622E-04	+6.574622E-04	+6.574622E-04	+6.574622E-04	+6.574622E-04	+6.574622E-04	+6.574622E-04	+6.574622E-04	+6.574622E-04	+6.574622E-04	+6.574622E-04	+6.574622E-04	+6.574622E-04	+6.574622E-04	+6.574622E-04	+6.574622E-04	+6.574622E-04	+6.574622E-04	+6.574622E-04	+6.574622E-04	+6.574622E-04	+6.574622E-04	+6.574622E-04	+6.574622E-04	+6.574622E-04	+6.574622E-04	+6.574622E-04	+6.574622E-04	+6.574622E-04	+6.574622E-04	+6.574622E-04	+6.574622E-04	+6.574622E-04	+6.574622E-04	+6.574622E-04	+6.574622E-04	+6.574622E-04	+6.574622E-04	+6.574622E-04	+6.574622E-04	+6.574622E-04	+6.574622E-04	+6.574622E-04	+6.574622E-04	+6.574622E-04	+6.574622E-04	+6.574622E-04	+6.574622E-04	+6.574622E-04	+6.574622E-04	+6.574622E-04	+6.574622E-04	+6.574622E-04	+6.574622E-04	+6.574622E-04	+6.574622E-04	+6.574622E-04	+6.574622E-04	+6.574622E-04	+6.574622E-04	+6.574622E-04	+6.574622E-04	+6.574622E-04	+6.574622E-04	+6.574622E-04	+6.574622E-04	+6.574622E-04	+6.574622E-04	+6.574622E-04	+6.574622E-04	+6.574622E-04	+6.574622E-04	+6.574622E-04	+6.574622E-04	+6.574622E-04	+6.574622E-04	+6.574622E-04	+6.574622E-04	+6.574622E-04	+6.574622E-04	+6.574622E-04	+6.574622E-04	+6.574622E-04	+6.574622E-04	+6.574622E-04	+6.574622E-04	+6.574622E-04	+6.574622E-04	+6.574622E-04	+6.574622E-04	+6.574622E-04	+6.574622E-04	+6.574622E-04	+6.574622E-04	+6.574622E-04	+6.574622E-04	+6.574622E-04	+6.574622E-04	+6.574622E-04	+6.574622E-04	+6.574622E-04	+6.574622E-04	+6.574622E-04	+6.574622E-04	+6.574622E-04	+6.574622E-04	+6.574622E-04	+6.574622E-04	+6.574622E-04	+6.574622E-04	+6.574622E-04	+6.574622E-04	+6.574622E-04	+6.574622E-04	+6.574622E-04	+6.574622E-04	+6.574622E-04	+6.574622E-04	+6.574622E-04	+6.574622E-04	+6.574622E-04	+6.574622E-04	+6.574622E-04	+6.574622E-04	+6.574622E-04	+6.574622E-04	+6.574622E-04	+6.574622E-04	+6.574622E-04	+6.574622E-04	+6.574622E-04	+6.574622E-04	+6.574622E-04	+6.574622E-04	+6.574622E-04	+6.574622E-04	+6.574622E-04	+6.574622E-04	+6.574622E-04	+6.574622E-04	+6.574622E-04	+6.574622E-04	+6.574622E-04	+6.574622E-04	+6.574622E-04	+6.574622E-04	+6.574622E-04	+6.574622E-04	+6.574622E-04	+6.574622E-04	+6.574622E-04	+6.574622E-04	+6.574622E-04	+6.574622E-04	+6.574622E-04	+6.574622E-04	+6.574622E-04	+6.574622E-04	+6.574622E-04	+6.574622E-04	+6.574622E-04	+6.574622E-04	+6.574622E-04	+6.574622E-04	+6.574622E-04	+6.574622E-04	+6.574622E-04	+6.574622E-04	+6.574622E-04	+6.574622E-04	+6.574622E-04	+6.574622E-04	+6.574622E-04	+6.574622E-04	+6.574622E-04	+6.574622E-04	+6.574622E-04	+6.574622E-04	+6.574622E-04	+6.574622E-04	+6.574622E-04	+6.574622E-04	+6.574622E-04	+6.574622E-04	+6.574622E-04	+6.574622E-04	+6.574622E-04	+6.574622E-04	+6.574622E-04	+6.574622E-04	+6.574622E-04	+6.574622E-04	+6.574622E-04	+6.574622E-04	+6.574622E-04	+6.574622E-04	+6.574622E-04	+6.574622E-04	+6.574622E-04	+6.574622E-04	+6.574622E-04	+6.574622E-04	+6.574622E-04	+6.574622E-04	+6.574622E-04	+6.574622E-04	+6.574622E-04	+6.574622E-04	+6.574622E-04	+6.574622E-04	+6.574622E-04	+6.574622E-04	+6.574622E-04	+6.574622E-04	+6.574622E-04	+6.574622E-04	+6.574622E-04	+6.574622E-04	+6.574622E-04	+6.574622E-04	+6.574622E-04	+6.574622E-04	+6.574622E-04	+6.574622E-04	+6.574622E-04	+6.574622E-04	+6.574622E-04	+6.574622E-04	+6.574622E-04	+6.574622E-04	+6.574622E-04	+6.574622E-04	+6.574622E-04	+6.574622E-04	+6.574622E-04	+6.574622E-04	+6.574622E-04	+6.574622E-04	+6.574622E-04	+6.574622E-04	+6.574622E-04	+6.574622E-04	+6.574622E-04	+6.574622E-04	+6.574622E-04	+6.574622E-04	+6.574622E-04	+6.574622E-04	+6.574622E-04	+6.574622E-04	+6.574622E-04	+6.574622E-04	+6.574622E-04	+6.574622E-04	+6.574622E-04	+6.574622E-04	+6.574622E-04	+6.574622E-04	+6.574622E-04	+6.574622E-04	+6.574622E-04	+6.574622E-04	+6.574622E-04	+6.574622E-04	+6.574622E-04	+6.574622E-04	+6.574622E-04	+6.574622E-04	+6.574622E-04	+6.574622E-04	+6.574622E-04	+6.574622E-04	+6.574622E-04	+6.574622E-04
	A	-9.861933E-05	-9.342884E-05	-8.823835E-05	-8.304786E-05	-7.785737E-05	-7.266687E-05	-6.747638E-05	-6.228589E-05	-5.709540E-05	-5.190491E-05	-4.671442E-05	-4.152393E-05	-3.633344E-05	-3.114295E-05	-2.595246E-05	-2.076196E-05	-1.557147E-05	-1.038098E-05	-5.190491E-06	+0.000000E+00	+5.190491E-06	+1.038098E-05	+1.557147E-05	+2.076196E-05	+2.595246E-05	+3.114295E-05	+3.633344E-05	+4.152393E-05	+4.671442E-05	+5.190491E-05	+5.709540E-05	+6.228589E-05	+6.747638E-05	+7.266687E-05	+7.785737E-05	+8.304786E-05	+8.823835E-05	+9.342884E-05	+9.861933E-05	-9.861933E-05	-9.342884E-05	-8.823835E-05	-8.304786E-05	-7.785737E-05	-7.266687E-05	-6.747638E-05	-6.228589E-05	-5.709540E-05	-5.190491E-05	-4.671442E-05	-4.152393E-05	-3.633344E-05	-3.114295E-05	-2.595246E-05	-2.076196E-05	-1.557147E-05	-1.038098E-05	-5.190491E-06	+0.000000E+00	+5.190491E-06	+1.038098E-05	+1.557147E-05	+2.076196E-05	+2.595246E-05	+3.114295E-05	+3.633344E-05	+4.152393E-05	+4.671442E-05	+5.190491E-05	+5.709540E-05	+6.228589E-05	+6.747638E-05	+7.266687E-05	+7.785737E-05	+8.304786E-05	+8.823835E-05	+9.342884E-05	+9.861933E-05	-9.861933E-05	-9.342884E-05	-8.823835E-05	-8.304786E-05	-7.785737E-05	-7.266687E-05	-6.747638E-05	-6.228589E-05	-5.709540E-05	-5.190491E-05	-4.671442E-05	-4.152393E-05	-3.633344E-05	-3.114295E-05	-2.595246E-05	-2.076196E-05	-1.557147E-05	-1.038098E-05	-5.190491E-06	+0.000000E+00	+5.190491E-06	+1.038098E-05	+1.557147E-05	+2.076196E-05	+2.595246E-05	+3.114295E-05	+3.633344E-05	+4.152393E-05	+4.671442E-05	+5.190491E-05	+5.709540E-05	+6.228589E-05	+6.747638E-05	+7.266687E-05	+7.785737E-05	+8.304786E-05	+8.823835E-05	+9.342884E-05	+9.861933E-05	-9.861933E-05	-9.342884E-05	-8.823835E-05	-8.304786E-05	-7.785737E-05	-7.266687E-05	-6.747638E-05	-6.228589E-05	-5.709540E-05	-5.190491E-05	-4.671442E-05	-4.152393E-05	-3.633344E-05	-3.114295E-05	-2.595246E-05	-2.076196E-05	-1.557147E-05	-1.038098E-05	-5.190491E-06	+0.000000E+00	+5.190491E-06	+1.038098E-05	+1.557147E-05	+2.076196E-05	+2.595246E-05	+3.114295E-05	+3.633344E-05	+4.152393E-05	+4.671442E-05	+5.190491E-05	+5.709540E-05	+6.228589E-05	+6.747638E-05	+7.266687E-05	+7.785737E-05	+8.304786E-05	+8.823835E-05	+9.342884E-05	+9.861933E-05	-9.861933E-05	-9.342884E-05	-8.823835E-05	-8.304786E-05	-7.785737E-05	-7.266687E-05	-6.747638E-05	-6.228589E-05	-5.709540E-05	-5.190491E-05	-4.671442E-05	-4.152393E-05	-3.633344E-05	-3.114295E-05	-2.595246E-05	-2.076196E-05	-1.557147E-05	-1.038098E-05	-5.190491E-06	+0.000000E+00	+5.190491E-06	+1.038098E-05	+1.557147E-05	+2.076196E-05	+2.595246E-05	+3.114295E-05	+3.633344E-05	+4.152393E-05	+4.671442E-05	+5.190491E-05	+5.709540E-05	+6.228589E-05	+6.747638E-05	+7.266687E-05	+7.785737E-05	+8.304786E-05	+8.823835E-05	+9.342884E-05	+9.861933E-05	-9.861933E-05	-9.342884E-05	-8.823835E-05	-8.304786E-05	-7.785737E-05	-7.266687E-05	-6.747638E-05	-6.228589E-05	-5.709540E-05	-5.190491E-05	-4.671442E-05	-4.152393E-05	-3.633344E-05	-3.114295E-05	-2.595246E-05	-2.076196E-05	-1.557147E-05	-1.038098E-05	-5.190491E-06	+0.000000E+00	+5.190491E-06	+1.038098E-05	+1.557147E-05	+2.076196E-05	+2.595246E-05	+3.114295E-05	+3.633344E-05	+4.152393E-05	+4.671442E-05	+5.190491E-05	+5.709540E-05	+6.228589E-05	+6.747638E-05	+7.266687E-05	+7.785737E-05	+8.304786E-05	+8.823835E-05	+9.342884E-05	+9.861933E-05	-9.861933E-05	-9.342884E-05	-8.823835E-05	-8.304786E-05	-7.785737E-05	-7.266687E-05	-6.747638E-05	-6.228589E-05	-5.709540E-05	-5.190491E-05	-4.671442E-05	-4.152393E-05	-3.633344E-05	-3.114295E-05	-2.595246E-05	-2.076196E-05	-1.557147E-05	-1.038098E-05	-5.190491E-06	+0.000000E+00	+5.190491E-06	+1.038098E-05	+1.557147E-05	+2.076196E-05	+2.595246E-05	+3.114295E-05	+3.633344E-05	+4.152393E-05	+4.671442E-05	+5.190491E-05	+5.709540E-05	+6.228589E-05	+6.747638E-05	+7.266687E-05	+7.785737E-05	+8.304786E-05	+8.823835E-05	+9.342884E-05	+9.861933E-05	-9.861933E-05	-9.342884E-05	-8.823835E-05	-8.304786E-05	-7.785737E-05	-7.266687E-05	-6.747638E-05	-6.228589E-05	-5.709540E-05	-5.190491E-05	-4.671442E-05	-4.152393E-05	-3.633344E-05	-3.114295E-05	-2.595246E-05	-2.076196E-05	-1.557147E-05	-1.038098E-05	-5.190491E-06	+0.000000E+00	+5.190491E-06	+1.038098E-05	+1.557147E-05	+2.076196E-05	+2.595246E-05	+3.114295E-05	+3.633344E-05	+4.152393E-05	+4.671442E-05	+5.190491E-05	+5.709540E-05	+6.228589E-05	+6.747638E-05	+7.266687E-05	+7.785737E-05	+8.304786E-05	+8.823835E-05	+9.342884E-05	+9.861933E-05	-9.861933E-05	-9.342884E-05	-8.823835E-05	-8.304786E-05	-7.785737E-05	-7.266687E-05	-6.747638E-05	-6.228589E-05	-5.709540E-05	-5.190491E-05	-4.671442E-05	-4.152393E-05	-3.633344E-05	-3.114295E-05	-2.595246E-05	-2.076196E-05	-1.557147E-05	-1.038098E-05	-5.190491E-06	+0.000000E+00	+5.190491E-06	+1.038098E-05	+1.557147E-05	+2.076196E-05	+2.595246E-05	+3.114295E-05	+3.633344E-05	+4.152393E-05	+4.671442E-05	+5.190491E-05	+5.709540E-05	+6.228589E-05	+6.747638E-05	+7.266687E-05	+7.785737E-05	+8.304786E-05	+8.823835E-05	+9.342884E-05	+9.861933E-05	-9.861933E-05	-9.342884E-05	-8.823835E-05	-8.304786E-05	-7.785737E-05	-7.266687E-05	-6.747638E-05	-6.228589E-05	-5.709540E-05	-5.190491E-05	-4.671442E-05	-4.152393E-05	-3.633344E-05	-3.114295E-05	-2.595246E-05	-2.076196E-05	-1.557147E-05	-1.038098E-05	-5.190491E-06	+0.000000E+00	+5.190491E-06	+1.038098E-05	+1.557147E-05	+2.076196E-05	+2.595246E-05	+3.114295E-05	+3.633344E-05	+4.152393E-05	+4.671442E-05	+5.190491E-05	+5.709540E-05	+6.228589E-05	+6.747638E-05	+7.266687E-05	+7.785737E-05	+8.304786E-05	+8.823835E-05	+9.342884E-05	+9.861933E-05	-9.861933E-05	-9.342884E-05	-8.823835E-05	-8.304786E-05	-7.785737E-05	-7.266687E-05	-6.747638E-05	-6.228589E-05	-5.709540E-05	-5.190491E-05	-4.671442E-05	-4.152393E-05	-3.633344E-05	-3.114295E-05	-2.595246E-05	-2.076196E-05	-1.557147E-05	-1.038098E-05	-5.190491E-06	+0.000000E+00	+5.190491E-06	+1.038098E-05	+1.557147E-05	+2.076196E-05	+2.595246E-05	+3.114295E-05	+3.633344E-05	+4.152393E-05	+4.671442E-05	+5.190491E-05	+5.709540E-05	+6.228589E-05	+6.747638E-05	+7.266687E-05	+7.785737E-05	+8.304786E-05	+8.823835E-05	+9.342884E-05	+9.861933E-05	-9.861933E-05	-9.342884E-05	-8.823835E-05	-8.304786E-05	-7.785737E-05	-7.266687E-05	-6.747638E-05	-6.228589E-05	-5.709540E-05	-5.190491E-05	-4.671442E-05	-4.152393E-05	-3.633344E-05	-3.114295E-05	-2.595246E-05	-2.076196E-05	-1.557147E-05	-1.038098E-05	-5.190491E-06	+0.000000E+00	+5.190491E-06	+1.038098E-05	+1.557147E-05	+2.076196E-05	+2.595246E-05	+3.114295E-05	+3.633344E-05	+4.152393E-05	+4.671442E-05	+5.190491E-05	+5.709540E-05	+6.228589E-05	+6.747638E-05	+7.266687E-05	+7.785737E-05	+8.304786E-05	+8.823835E-05	+9.342884E-05	+9.861933E-05	-9.861933E-05	-9.342884E-05	-8.823835E-05	-8.304786E-05	-7.785737E-05	-7.266687E-05	-6.747638E-05	-6.228589E-05	-5.709540E-05	-5.190491E-05	-4.671442E-05	-4.152393E-05	-3.633344E-05	-3.114295E-05	-2.595246E-05	-2.076196E-05	-1.557147E-05	-1.038098E-05	-5.190491E-06	+0.000000E+00	+5.190491E-06	+1.038098E-05	+1.557147E-05	+2.076196E-05	+2.595246E-05	+3.114295E-05	+3.633344E-05	+4.152393E-05	+4.671442E-05	+5.190491E-05	+5.709540E-05	+6.228589E-05	+6.747638E-05	+7.266687E-05	+7.785737E-05	+8.304786E-05	+8.823835E-05	+9.342884E-05	+9.861933E-05	-9.861933E-05	-9.342884E-05	-8.823835E-05	-8.304786E-05	-7.785737E-05	-7.266687E-05	-6.747638E-05	-6.228589E-05	-5.709540E-05	-5.190491E-05	-4.671442E-05	-4.152393E-05	-3.633344E-05	-3.114295E-05	-2.595246E-05	-2.076196E-05	-1.557147E-05	-1.038098E-05	-5.190491E-06	+0.000000E+00	+5.190491E-06	+1.038098E-05	+1.557147E-05	+2.076196E-05	+2.595246E-05	+3.114295E-05	+3.633344E-05	+4.152393E-05	+4.671442E-05	+5.190491E-05	+5.709540E-05	+6.228589E-05	+6.747638E-05	+7.266687E-05	+7.785737E-05	+8.304786E-05	+8.823835E-05	+9.342884E-05	+9.861933E-05	-9.861933E-05	-9.342884E-05	-8.823835E-05	-8.304786E-05	-7.785737E-05	-7.266687E-05	-6.747638E-05	-6.228589E-05	-5.709540E-05	-5.190491E-05	-4.671442E-05	-4.152393E-05	-3.633344E-05	-3.114295E-05	-2.595246E-05	-2.076196E-05	-1.557147E-05	-1.038098E-05	-5.190491E-06	+0.000000E+00	+5.190491E-06	+1.038098E-05	+1.557147E-05	+2.076196E-05	+2.595246E-05	+3.114295E-05	+3.633344E-05	+4.152393E-05	+4.671442E-05	+5.190491E-05	+5.709540E-05	+6.228589E-05	+6.747638E-05	+7.266687E-05	+7.785737E-05	+8.304786E-05	+8.823835E-05	+9.342884E-05	+9.861933E-05	-9.861933E-05	-9.342884E-05	-8.823835E-05	-8.304786E-05	-7.785737E-05	-7.266687E-05	-6.747638E-05	-6.228589E-05	-5.709540E-05	-5.190491E-05	-4.671442E-05	-4.152393E-05	-3.633344E-05	-3.114295E-05	-2.595246E-05	-2.076196E-05	-1.557147E-05	-1.038098E-05	-5.190491E-06	+0.000000E+00	+5.190491E-06	+1.038098E-05	+1.557147E-05	+2.076196E-05	+2.595246E-05	+3.114295E-05	+3.633344E-05	+4.152393E-05	+4.671442E-05	+5.190491E-05	+5.709540E-05	+6.228589E-05	+6.747638E-05	+7.266687E-05	+7.785737E-05	+8.304786E-05	+8.823835E-05	+9.342884E-05	+9.861933E-05	-9.861933E-05	-9.342884E-05	-8.823835E-05	-8.304786E-05	-7.785737E-05	-7.266687E-05	-6.747638E-05	-6.228589E-05	-5.709540E-05	-5.190491E-05	-4.671442E-05	-4.152393E-05	-3.633344E-05	-3.114295E-05	-2.595246E-05	-2.076196E-05	-1.557147E-05	-1.038098E-05	-5.190491E-06	+0.000000E+00	+5.190491E-06	+1.038098E-05	+1.557147E-05	+2.076196E-05	+2.595246E-05	+3.114295E-05	+3.633344E-05	+4.152393E-05	+4.671442E-05	+5.190491E-05	+5.709540E-05	+6.228589E-05	+6.747638E-05	+7.266687E-05	+7.785737E-05	+8.304786E-05	+8.823835E-05	+9.342884E-05	+9.861933E-05	-9.861933E-05	-9.342884E-05	-8.823835E-05	-8.304786E-05	-7.785737E-05	-7.266687E-05	-6.747638E-05	-6.228589E-05	-5.709540E-05	-5.190491E-05	-4.671442E-05	-4.152393E-05	-3.633344E-05	-3.114295E-05	-2.595246E-05	-2.076196E-05	-1.557147E-05	-1.038098E-05	-5.190491E-06	+0.000000E+00	+5.190491E-06	+1.038098E-05	+1.557147E-05	+2.076196E-05	+2.595246E-05	+3.114295E-05	+3.633344E-05	+4.152393E-05	+4.671442E-05	+5.190491E-05	+5.709540E-05	+6.228589E-05	+6.747638E-05	+7.266687E-05	+7.785737E-05	+8.304786E-05	+8.823835E-05	+9.342884E-05	+9.861933E-05	-9.861933E-05	-9.342884E-05	-8.823835E-05	-8.304786E-05	-7.785737E-05	-7.266687E-05	-6.747638E-05	-6.228589E-05	-5.709540E-05	-5.190491E-05	-4.671442E-05	-4.152393E-05	-3.633344E-05	-3.114295E-05	-2.595246E-05	-2.076196E-05	-1.557147E-05	-1.038098E-05	-5.190491E-06	+0.000000E+00	+5.190491E-06	+1.038098E-05	+1.557147E-05	+2.076196E-05	+2.595246E-05	+3.114295E-05	+3.633344E-05	+4.152393E-05	+4.671442E-05	+5.190491E-05	+5.709540E-05	+6.228589E-05	+6.747638E-05	+7.266687E-05	+7.785737E-05	+8.304786E-05	+8.823835E-05	+9.342884E-05	+9.861933E-05	-9.861933E-05	-9.342884E-05	-8.823835E-05	-8.304786E-05	-7.785737E-05	-7.266687E-05	-6.747638E-05	-6.228589E-05	-5.709540E-05	-5.190491E-05	-4.671442E-05	-4.152393E-05	-3.633344E-05	-3.114295E-05	-2.595246E-05	-2.076196E-05	-1.557147E-05	-1.038098E-05	-5.190491E-06	+0.000000E+00
	A	-9.861933E-05	-9.861933E-05	-9.861933E-05	-9.861933E-05	-9.861933E-05	-9.861933E-05	-9.861933E-05	-9.861933E-05	-9.861933E-05	-9.861933E-05	-9.861933E-05	-9.861933E-05	-9.861933E-05	-9.861933E-05	-9.861933E-05	-9.861933E-05	-9.861933E-05	-9.861933E-05	-9.861933E-05	-9.861933E-05	-9.861933E-05	-9.861933E-05	-9.861933E-05	-9.861933E-05	-9.861933E-05	-9.861933E-05	-9.861933E-05	-9.861933E-05	-9.861933E-05	-9.861933E-05	-9.861933E-05	-9.861933E-05	-9.861933E-05	-9.861933E-05	-9.861933E-05	-9.861933E-05	-9.861933E-05	-9.861933E-05	-9.861933E-05	-9.342884E-05	-9.342884E-05	-9.342884E-05	-9.342884E-05	-9.342884E-05	-9.342884E-05	-9.342884E-05	-9.342884E-05	-9.342884E-05	-9.342884E-05	-9.342884E-05	-9.342884E-05	-9.342884E-05	-9.342884E-05	-9.342884E-05	-9.342884E-05	-9.342884E-05	-9.342884E-05	-9.342884E-05	-9.342884E-05	-9.342884E-05	-9.342884E-05	-9.342884E-05	-9.342884E-05	-9.342884E-05	-9.342884E-05	-9.342884E-05	-9.342884E-05	-9.342884E-05	-9.342884E-05	-9.342884E-05	-9.342884E-05	-9.342884E-05	-9.342884E-05	-9.342884E-05	-9.342884E-05	-9.342884E-05	-9.342884E-05	-9.342884E-05	-8.823835E-05	-8.823835E-05	-8.823835E-05	-8.823835E-05	-8.823835E-05	-8.823835E-05	-8.823835E-05	-8.823835E-05	-8.823835E-05	-8.823835E-05	-8.823835E-05	-8.823835E-05	-8.823835E-05	-8.823835E-05	-8.823835E-05	-8.823835E-05	-8.823835E-05	-8.823835E-05	-8.823835E-05	-8.823835E-05	-8.823835E-05	-8.823835E-05	-8.823835E-05	-8.823835E-05	-8.823835E-05	-8.823835E-05	-8.823835E-05	-8.823835E-05	-8.823835E-05	-8.823835E-05	-8.823835E-05	-8.823835E-05	-8.823835E-05	-8.823835E-05	-8.823835E-05	-8.823835E-05	-8.823835E-05	-8.823835E-05	-8.823835E-05	-8.304786E-05	-8.304786E-05	-8.304786E-05	-8.304786E-05	-8.304786E-05	-8.304786E-05	-8.304786E-05	-8.304786E-05	-8.304786E-05	-8.304786E-05	-8.304786E-05	-8.304786E-05	-8.304786E-05	-8.304786E-05	-8.304786E-05	-8.304786E-05	-8.304786E-05	-8.304786E-05	-8.304786E-05	-8.304786E-05	-8.304786E-05	-8.304786E-05	-8.304786E-05	-8.304786E-05	-8.304786E-05	-8.304786E-05	-8.304786E-05	-8.304786E-05	-8.304786E-05	-8.304786E-05	-8.304786E-05	-8.304786E-05	-8.304786E-05	-8.304786E-05	-8.304786E-05	-8.304786E-05	-8.304786E-05	-8.304786E-05	-8.304786E-05	-7.785737E-05	-7.785737E-05	-7.785737E-05	-7.785737E-05	-7.785737E-05	-7.785737E-05	-7.785737E-05	-7.785737E-05	-7.785737E-05	-7.785737E-05	-7.785737E-05	-7.785737E-05	-7.785737E-05	-7.785737E-05	-7.785737E-05	-7.785737E-05	-7.785737E-05	-7.785737E-05	-7.785737E-05	-7.785737E-05	-7.785737E-05	-7.785737E-05	-7.785737E-05	-7.785737E-05	-7.785737E-05	-7.785737E-05	-7.785737E-05	-7.785737E-05	-7.785737E-05	-7.785737E-05	-7.785737E-05	-7.785737E-05	-7.785737E-05	-7.785737E-05	-7.785737E-05	-7.785737E-05	-7.785737E-05	-7.785737E-05	-7.785737E-05	-7.266687E-05	-7.266687E-05	-7.266687E-05	-7.266687E-05	-7.266687E-05	-7.266687E-05	-7.266687E-05	-7.266687E-05	-7.266687E-05	-7.266687E-05	-7.266687E-05	-7.266687E-05	-7.266687E-05	-7.266687E-05	-7.266687E-05	-7.266687E-05	-7.266687E-05	-7.266687E-05	-7.266687E-05	-7.266687E-05	-7.266687E-05	-7.266687E-05	-7.266687E-05	-7.266687E-05	-7.266687E-05	-7.266687E-05	-7.266687E-05	-7.266687E-05	-7.266687E-05	-7.266687E-05	-7.266687E-05	-7.266687E-05	-7.266687E-05	-7.266687E-05	-7.266687E-05	-7.266687E-05	-7.266687E-05	-7.266687E-05	-7.266687E-05	-6.747638E-05	-6.747638E-05	-6.747638E-05	-6.747638E-05	-6.747638E-05	-6.747638E-05	-6.747638E-05	-6.747638E-05	-6.747638E-05	-6.747638E-05	-6.747638E-05	-6.747638E-05	-6.747638E-05	-6.747638E-05	-6.747638E-05	-6.747638E-05	-6.747638E-05	-6.747638E-05	-6.747638E-05	-6.747638E-05	-6.747638E-05	-6.747638E-05	-6.747638E-05	-6.747638E-05	-6.747638E-05	-6.747638E-05	-6.747638E-05	-6.747638E-05	-6.747638E-05	-6.747638E-05	-6.747638E-05	-6.747638E-05	-6.747638E-05	-6.747638E-05	-6.747638E-05	-6.747638E-05	-6.747638E-05	-6.747638E-05	-6.747638E-05	-6.228589E-05	-6.228589E-05	-6.228589E-05	-6.228589E-05	-6.228589E-05	-6.228589E-05	-6.228589E-05	-6.228589E-05	-6.228589E-05	-6.228589E-05	-6.228589E-05	-6.228589E-05	-6.228589E-05	-6.228589E-05	-6.228589E-05	-6.228589E-05	-6.228589E-05	-6.228589E-05	-6.228589E-05	-6.228589E-05	-6.228589E-05	-6.228589E-05	-6.228589E-05	-6.228589E-05	-6.228589E-05	-6.228589E-05	-6.228589E-05	-6.228589E-05	-6.228589E-05	-6.228589E-05	-6.228589E-05	-6.228589E-05	-6.228589E-05	-6.228589E-05	-6.228589E-05	-6.228589E-05	-6.228589E-05	-6.228589E-05	-6.228589E-05	-5.709540E-05	-5.709540E-05	-5.709540E-05	-5.709540E-05	-5.709540E-05	-5.709540E-05	-5.709540E-05	-5.709540E-05	-5.709540E-05	-5.709540E-05	-5.709540E-05	-5.709540E-05	-5.709540E-05	-5.709540E-05	-5.709540E-05	-5.709540E-05	-5.709540E-05	-5.709540E-05	-5.709540E-05	-5.709540E-05	-5.709540E-05	-5.709540E-05	-5.709540E-05	-5.709540E-05	-5.709540E-05	-5.709540E-05	-5.709540E-05	-5.709540E-05	-5.709540E-05	-5.709540E-05	-5.709540E-05	-5.709540E-05	-5.709540E-05	-5.709540E-05	-5.709540E-05	-5.709540E-05	-5.709540E-05	-5.709540E-05	-5.709540E-05	-5.190491E-05	-5.190491E-05	-5.190491E-05	-5.190491E-05	-5.190491E-05	-5.190491E-05	-5.190491E-05	-5.190491E-05	-5.190491E-05	-5.190491E-05	-5.190491E-05	-5.190491E-05	-5.190491E-05	-5.190491E-05	-5.190491E-05	-5.190491E-05	-5.190491E-05	-5.190491E-05	-5.190491E-05	-5.190491E-05	-5.190491E-05	-5.190491E-05	-5.190491E-05	-5.190491E-05	-5.190491E-05	-5.190491E-05	-5.190491E-05	-5.190491E-05	-5.190491E-05	-5.190491E-05	-5.190491E-05	-5.190491E-05	-5.190491E-05	-5.190491E-05	-5.190491E-05	-5.190491E-05	-5.190491E-05	-5.190491E-05	-5.190491E-05	-4.671442E-05	-4.671442E-05	-4.671442E-05	-4.671442E-05	-4.671442E-05	-4.671442E-05	-4.671442E-05	-4.671442E-05	-4.671442E-05	-4.671442E-05	-4.671442E-05	-4.671442E-05	-4.671442E-05	-4.671442E-05	-4.671442E-05	-4.671442E-05	-4.671442E-05	-4.671442E-05	-4.671442E-05	-4.671442E-05	-4.671442E-05	-4.671442E-05	-4.671442E-05	-4.671442E-05	-4.671442E-05	-4.671442E-05	-4.671442E-05	-4.671442E-05	-4.671442E-05	-4.671442E-05	-4.671442E-05	-4.671442E-05	-4.671442E-05	-4.671442E-05	-4.671442E-05	-4.671442E-05	-4.671442E-05	-4.671442E-05	-4.671442E-05	-4.152393E-05	-4.152393E-05	-4.152393E-05	-4.152393E-05	-4.152393E-05	-4.152393E-05	-4.152393E-05	-4.152393E-05	-4.152393E-05	-4.152393E-05	-4.152393E-05	-4.152393E-05	-4.152393E-05	-4.152393E-05	-4.152393E-05	-4.152393E-05	-4.152393E-05	-4.152393E-05	-4.152393E-05	-4.152393E-05	-4.152393E-05	-4.152393E-05	-4.152393E-05	-4.152393E-05	-4.152393E-05	-4.152393E-05	-4.152393E-05	-4.152393E-05	-4.152393E-05	-4.152393E-05	-4.152393E-05	-4.152393E-05	-4.152393E-05	-4.152393E-05	-4.152393E-05	-4.152393E-05	-4.152393E-05	-4.152393E-05	-4.152393E-05	-3.633344E-05	-3.633344E-05	-3.633344E-05	-3.633344E-05	-3.633344E-05	-3.633344E-05	-3.633344E-05	-3.633344E-05	-3.633344E-05	-3.633344E-05	-3.633344E-05	-3.633344E-05	-3.633344E-05	-3.633344E-05	-3.633344E-05	-3.633344E-05	-3.633344E-05	-3.633344E-05	-3.633344E-05	-3.633344E-05	-3.633344E-05	-3.633344E-05	-3.633344E-05	-3.633344E-05	-3.633344E-05	-3.633344E-05	-3.633344E-05	-3.633344E-05	-3.633344E-05	-3.633344E-05	-3.633344E-05	-3.633344E-05	-3.633344E-05	-3.633344E-05	-3.633344E-05	-3.633344E-05	-3.633344E-05	-3.633344E-05	-3.633344E-05	-3.114295E-05	-3.114295E-05	-3.114295E-05	-3.114295E-05	-3.114295E-05	-3.114295E-05	-3.114295E-05	-3.114295E-05	-3.114295E-05	-3.114295E-05	-3.114295E-05	-3.114295E-05	-3.114295E-05	-3.114295E-05	-3.114295E-05	-3.114295E-05	-3.114295E-05	-3.114295E-05	-3.114295E-05	-3.114295E-05	-3.114295E-05	-3.114295E-05	-3.114295E-05	-3.114295E-05	-3.114295E-05	-3.114295E-05	-3.114295E-05	-3.114295E-05	-3.114295E-05	-3.114295E-05	-3.114295E-05	-3.114295E-05	-3.114295E-05	-3.114295E-05	-3.114295E-05	-3.114295E-05	-3.114295E-05	-3.114295E-05	-3.114295E-05	-2.595246E-05	-2.595246E-05	-2.595246E-05	-2.595246E-05	-2.595246E-05	-2.595246E-05	-2.595246E-05	-2.595246E-05	-2.595246E-05	-2.595246E-05	-2.595246E-05	-2.595246E-05	-2.595246E-05	-2.595246E-05	-2.595246E-05	-2.595246E-05	-2.595246E-05	-2.595246E-05	-2.595246E-05	-2.595246E-05	-2.595246E-05	-2.595246E-05	-2.595246E-05	-2.595246E-05	-2.595246E-05	-2.595246E-05	-2.595246E-05	-2.595246E-05	-2.595246E-05	-2.595246E-05	-2.595246E-05	-2.595246E-05	-2.595246E-05	-2.595246E-05	-2.595246E-05	-2.595246E-05	-2.595246E-05	-2.595246E-05	-2.595246E-05	-2.076196E-05	-2.076196E-05	-2.076196E-05	-2.076196E-05	-2.076196E-05	-2.076196E-05	-2.076196E-05	-2.076196E-05	-2.076196E-05	-2.076196E-05	-2.076196E-05	-2.076196E-05	-2.076196E-05	-2.076196E-05	-2.076196E-05	-2.076196E-05	-2.076196E-05	-2.076196E-05	-2.076196E-05	-2.076196E-05	-2.076196E-05	-2.076196E-05	-2.076196E-05	-2.076196E-05	-2.076196E-05	-2.076196E-05	-2.076196E-05	-2.076196E-05	-2.076196E-05	-2.076196E-05	-2.076196E-05	-2.076196E-05	-2.076196E-05	-2.076196E-05	-2.076196E-05	-2.076196E-05	-2.076196E-05	-2.076196E-05	-2.076196E-05	-1.557147E-05	-1.557147E-05	-1.557147E-05	-1.557147E-05	-1.557147E-05	-1.557147E-05	-1.557147E-05	-1.557147E-05	-1.557147E-05	-1.557147E-05	-1.557147E-05	-1.557147E-05	-1.557147E-05	-1.557147E-05	-1.557147E-05	-1.557147E-05	-1.557147E-05	-1.557147E-05	-1.557147E-05	-1.557147E-05	-1.557147E-05	-1.557147E-05	-1.557147E-05	-1.557147E-05	-1.557147E-05	-1.557147E-05	-1.557147E-05	-1.557147E-05	-1.557147E-05	-1.557147E-05	-1.557147E-05	-1.557147E-05	-1.557147E-05	-1.557147E-05	-1.557147E-05	-1.557147E-05	-1.557147E-05	-1.557147E-05	-1.557147E-05	-1.038098E-05	-1.038098E-05	-1.038098E-05	-1.038098E-05	-1.038098E-05	-1.038098E-05	-1.038098E-05	-1.038098E-05	-1.038098E-05	-1.038098E-05	-1.038098E-05	-1.038098E-05	-1.038098E-05	-1.038098E-05	-1.038098E-05	-1.038098E-05	-1.038098E-05	-1.038098E-05	-1.038098E-05	-1.038098E-05	-1.038098E-05	-1.038098E-05	-1.038098E-05	-1.038098E-05	-1.038098E-05	-1.038098E-05	-1.038098E-05	-1.038098E-05	-1.038098E-05	-1.038098E-05	-1.038098E-05	-1.038098E-05	-1.038098E-05	-1.038098E-05	-1.038098E-05	-1.038098E-05	-1.038098E-05	-1.038098E-05	-1.038098E-05	-5.190491E-06	-5.190491E-06	-5.190491E-06	-5.190491E-06	-5.190491E-06	-5.190491E-06	-5.190491E-06	-5.190491E-06	-5.190491E-06	-5.190491E-06	-5.190491E-06	-5.190491E-06	-5.190491E-06	-5.190491E-06	-5.190491E-06	-5.190491E-06	-5.190491E-06	-5.190491E-06	-5.190491E-06	-5.190491E-06	-5.190491E-06	-5.190491E-06	-5.190491E-06	-5.190491E-06	-5.190491E-06	-5.190491E-06	-5.190491E-06	-5.190491E-06	-5.190491E-06	-5.190491E-06	-5.190491E-06	-5.190491E-06	-5.190491E-06	-5.190491E-06	-5.190491E-06	-5.190491E-06	-5.190491E-06	-5.190491E-06	-5.190491E-06	+0.000000E+00	+0.000000E+00	+0.000000E+00	+0.000000E+00	+0.000000E+00	+0.000000E+00	+0.000000E+00	+0.000000E+00	+0.000000E+00	+0.000000E+00	+0.000000E+00	+0.000000E+00	+0.000000E+00	+0.000000E+00	+0.000000E+00	+0.000000E+00	+0.000000E+00	+0.000000E+00	+0.000000E+00	+0.000000E+00
	S	+1.479290E-05	+1.401433E-05	+1.323575E-05	+1.245718E-05	+1.167860E-05	+1.090003E-05	+1.012146E-05	+9.342884E-06	+8.564310E-06	+7.785737E-06	+7.007163E-06	+6.228589E-06	+5.450016E-06	+4.671442E-06	+3.892868E-06	+3.114295E-06	+2.335721E-06	+1.557147E-06	+7.785737E-07	+0.000000E+00	-7.785737E-07	-1.557147E-06	-2.335721E-06	-3.114295E-06	-3.892868E-06	-4.671442E-06	-5.450016E-06	-6.228589E-06	-7.007163E-06	-7.785737E-06	-8.564310E-06	-9.342884E-06	-1.012146E-05	-1.090003E-05	-1.167860E-05	-1.245718E-05	-1.323575E-05	-1.401433E-05	-1.479290E-05	+1.401433E-05	+1.327673E-05	+1.253913E-05	+1.180154E-05	+1.106394E-05	+1.032635E-05	+9.588749E-06	+8.851153E-06	+8.113557E-06	+7.375961E-06	+6.638365E-06	+5.900769E-06	+5.163173E-06	+4.425577E-06	+3.687980E-06	+2.950384E-06	+2.212788E-06	+1.475192E-06	+7.375961E-07	+0.000000E+00	-7.375961E-07	-1.475192E-06	-2.212788E-06	-2.950384E-06	-3.687980E-06	-4.425577E-06	-5.163173E-06	-5.900769E-06	-6.638365E-06	-7.375961E-06	-8.113557E-06	-8.851153E-06	-9.588749E-06	-1.032635E-05	-1.106394E-05	-1.180154E-05	-1.253913E-05	-1.327673E-05	-1.401433E-05	+1.323575E-05	+1.253913E-05	+1.184252E-05	+1.114590E-05	+1.044928E-05	+9.752659E-06	+9.056041E-06	+8.359422E-06	+7.662804E-06	+6.966185E-06	+6.269567E-06	+5.572948E-06	+4.876330E-06	+4.179711E-06	+3.483093E-06	+2.786474E-06	+2.089856E-06	+1.393237E-06	+6.966185E-07	+0.000000E+00	-6.966185E-07	-1.393237E-06	-2.089856E-06	-2.786474E-06	-3.483093E-06	-4.179711E-06	-4.876330E-06	-5.572948E-06	-6.269567E-06	-6.966185E-06	-7.662804E-06	-8.359422E-06	-9.056041E-06	-9.752659E-06	-1.044928E-05	-1.114590E-05	-1.184252E-05	-1.253913E-05	-1.323575E-05	+1.245718E-05	+1.180154E-05	+1.114590E-05	+1.049026E-05	+9.834615E-06	+9.178974E-06	+8.523333E-06	+7.867692E-06	+7.212051E-06	+6.556410E-06	+5.900769E-06	+5.245128E-06	+4.589487E-06	+3.933846E-06	+3.278205E-06	+2.622564E-06	+1.966923E-06	+1.311282E-06	+6.556410E-07	+0.000000E+00	-6.556410E-07	-1.311282E-06	-1.966923E-06	-2.622564E-06	-3.278205E-06	-3.933846E-06	-4.589487E-06	-5.245128E-06	-5.900769E-06	-6.556410E-06	-7.212051E-06	-7.867692E-06	-8.523333E-06	-9.178974E-06	-9.834615E-06	-1.049026E-05	-1.114590E-05	-1.180154E-05	-1.245718E-05	+1.167860E-05	+1.106394E-05	+1.044928E-05	+9.834615E-06	+9.219951E-06	+8.605288E-06	+7.990624E-06	+7.375961E-06	+6.761298E-06	+6.146634E-06	+5.531971E-06	+4.917307E-06	+4.302644E-06	+3.687980E-06	+3.073317E-06	+2.458654E-06	+1.843990E-06	+1.229327E-06	+6.146634E-07	+0.000000E+00	-6.146634E-07	-1.229327E-06	-1.843990E-06	-2.458654E-06	-3.073317E-06	-3.687980E-06	-4.302644E-06	-4.917307E-06	-5.531971E-06	-6.146634E-06	-6.761298E-06	-7.375961E-06	-7.990624E-06	-8.605288E-06	-9.219951E-06	-9.834615E-06	-1.044928E-05	-1.106394E-05	-1.167860E-05	+1.090003E-05	+1.032635E-05	+9.752659E-06	+9.178974E-06	+8.605288E-06	+8.031602E-06	+7.457916E-06	+6.884230E-06	+6.310544E-06	+5.736858E-06	+5.163173E-06	+4.589487E-06	+4.015801E-06	+3.442115E-06	+2.868429E-06	+2.294743E-06	+1.721058E-06	+1.147372E-06	+5.736858E-07	+0.000000E+00	-5.736858E-07	-1.147372E-06	-1.721058E-06	-2.294743E-06	-2.868429E-06	-3.442115E-06	-4.015801E-06	-4.589487E-06	-5.163173E-06	-5.736858E-06	-6.310544E-06	-6.884230E-06	-7.457916E-06	-8.031602E-06	-8.605288E-06	-9.178974E-06	-9.752659E-06	-1.032635E-05	-1.090003E-05	+1.012146E-05	+9.588749E-06	+9.056041E-06	+8.523333E-06	+7.990624E-06	+7.457916E-06	+6.925208E-06	+6.392499E-06	+5.859791E-06	+5.327083E-06	+4.794375E-06	+4.261666E-06	+3.728958E-06	+3.196250E-06	+2.663541E-06	+2.130833E-06	+1.598125E-06	+1.065417E-06	+5.327083E-07	+0.000000E+00	-5.327083E-07	-1.065417E-06	-1.598125E-06	-2.130833E-06	-2.663541E-06	-3.196250E-06	-3.728958E-06	-4.261666E-06	-4.794375E-06	-5.327083E-06	-5.859791E-06	-6.392499E-06	-6.925208E-06	-7.457916E-06	-7.990624E-06	-8.523333E-06	-9.056041E-06	-9.588749E-06	-1.012146E-05	+9.342884E-06	+8.851153E-06	+8.359422E-06	+7.867692E-06	+7.375961E-06	+6.884230E-06	+6.392499E-06	+5.900769E-06	+5.409038E-06	+4.917307E-06	+4.425577E-06	+3.933846E-06	+3.442115E-06	+2.950384E-06	+2.458654E-06	+1.966923E-06	+1.475192E-06	+9.834615E-07	+4.917307E-07	+0.000000E+00	-4.917307E-07	-9.834615E-07	-1.475192E-06	-1.966923E-06	-2.458654E-06	-2.950384E-06	-3.442115E-06	-3.933846E-06	-4.425577E-06	-4.917307E-06	-5.409038E-06	-5.900769E-06	-6.392499E-06	-6.884230E-06	-7.375961E-06	-7.867692E-06	-8.359422E-06	-8.851153E-06	-9.342884E-06	+8.564310E-06	+8.113557E-06	+7.662804E-06	+7.212051E-06	+6.761298E-06	+6.310544E-06	+5.859791E-06	+5.409038E-06	+4.958285E-06	+4.507532E-06	+4.056779E-06	+3.606025E-06	+3.155272E-06	+2.704519E-06	+2.253766E-06	+1.803013E-06	+1.352260E-06	+9.015063E-07	+4.507532E-07	+0.000000E+00	-4.507532E-07	-9.015063E-07	-1.352260E-06	-1.803013E-06	-2.253766E-06	-2.704519E-06	-3.155272E-06	-3.606025E-06	-4.056779E-06	-4.507532E-06	-4.958285E-06	-5.409038E-06	-5.859791E-06	-6.310544E-06	-6.761298E-06	-7.212051E-06	-7.662804E-06	-8.113557E-06	-8.564310E-06	+7.785737E-06	+7.375961E-06	+6.966185E-06	+6.556410E-06	+6.146634E-06	+5.736858E-06	+5.327083E-06	+4.917307E-06	+4.507532E-06	+4.097756E-06	+3.687980E-06	+3.278205E-06	+2.868429E-06	+2.458654E-06	+2.048878E-06	+1.639102E-06	+1.229327E-06	+8.195512E-07	+4.097756E-07	+0.000000E+00	-4.097756E-07	-8.195512E-07	-1.229327E-06	-1.639102E-06	-2.048878E-06	-2.458654E-06	-2.868429E-06	-3.278205E-06	-3.687980E-06	-4.097756E-06	-4.507532E-06	-4.917307E-06	-5.327083E-06	-5.736858E-06	-6.146634E-06	-6.556410E-06	-6.966185E-06	-7.375961E-06	-7.785737E-06	+7.007163E-06	+6.638365E-06	+6.269567E-06	+5.900769E-06	+5.531971E-06	+5.163173E-06	+4.794375E-06	+4.425577E-06	+4.056779E-06	+3.687980E-06	+3.319182E-06	+2.950384E-06	+2.581586E-06	+2.212788E-06	+1.843990E-06	+1.475192E-06	+1.106394E-06	+7.375961E-07	+3.687980E-07	+0.000000E+00	-3.687980E-07	-7.375961E-07	-1.106394E-06	-1.475192E-06	-1.843990E-06	-2.212788E-06	-2.581586E-06	-2.950384E-06	-3.319182E-06	-3.687980E-06	-4.056779E-06	-4.425577E-06	-4.794375E-06	-5.163173E-06	-5.531971E-06	-5.900769E-06	-6.269567E-06	-6.638365E-06	-7.007163E-06	+6.228589E-06	+5.900769E-06	+5.572948E-06	+5.245128E-06	+4.917307E-06	+4.589487E-06	+4.261666E-06	+3.933846E-06	+3.606025E-06	+3.278205E-06	+2.950384E-06	+2.622564E-06	+2.294743E-06	+1.966923E-06	+1.639102E-06	+1.311282E-06	+9.834615E-07	+6.556410E-07	+3.278205E-07	+0.000000E+00	-3.278205E-07	-6.556410E-07	-9.834615E-07	-1.311282E-06	-1.639102E-06	-1.966923E-06	-2.294743E-06	-2.622564E-06	-2.950384E-06	-3.278205E-06	-3.606025E-06	-3.933846E-06	-4.261666E-06	-4.589487E-06	-4.917307E-06	-5.245128E-06	-5.572948E-06	-5.900769E-06	-6.228589E-06	+5.450016E-06	+5.163173E-06	+4.876330E-06	+4.589487E-06	+4.302644E-06	+4.015801E-06	+3.728958E-06	+3.442115E-06	+3.155272E-06	+2.868429E-06	+2.581586E-06	+2.294743E-06	+2.007900E-06	+1.721058E-06	+1.434215E-06	+1.147372E-06	+8.605288E-07	+5.736858E-07	+2.868429E-07	+0.000000E+00	-2.868429E-07	-5.736858E-07	-8.605288E-07	-1.147372E-06	-1.434215E-06	-1.721058E-06	-2.007900E-06	-2.294743E-06	-2.581586E-06	-2.868429E-06	-3.155272E-06	-3.442115E-06	-3.728958E-06	-4.015801E-06	-4.302644E-06	-4.589487E-06	-4.876330E-06	-5.163173E-06	-5.450016E-06	+4.671442E-06	+4.425577E-06	+4.179711E-06	+3.933846E-06	+3.687980E-06	+3.442115E-06	+3.196250E-06	+2.950384E-06	+2.704519E-06	+2.458654E-06	+2.212788E-06	+1.966923E-06	+1.721058E-06	+1.475192E-06	+1.229327E-06	+9.834615E-07	+7.375961E-07	+4.917307E-07	+2.458654E-07	+0.000000E+00	-2.458654E-07	-4.917307E-07	-7.375961E-07	-9.834615E-07	-1.229327E-06	-1.475192E-06	-1.721058E-06	-1.966923E-06	-2.212788E-06	-2.458654E-06	-2.704519E-06	-2.950384E-06	-3.196250E-06	-3.442115E-06	-3.687980E-06	-3.933846E-06	-4.179711E-06	-4.425577E-06	-4.671442E-06	+3.892868E-06	+3.687980E-06	+3.483093E-06	+3.278205E-06	+3.073317E-06	+2.868429E-06	+2.663541E-06	+2.458654E-06	+2.253766E-06	+2.048878E-06	+1.843990E-06	+1.639102E-06	+1.434215E-06	+1.229327E-06	+1.024439E-06	+8.195512E-07	+6.146634E-07	+4.097756E-07	+2.048878E-07	+0.000000E+00	-2.048878E-07	-4.097756E-07	-6.146634E-07	-8.195512E-07	-1.024439E-06	-1.229327E-06	-1.434215E-06	-1.639102E-06	-1.843990E-06	-2.048878E-06	-2.253766E-06	-2.458654E-06	-2.663541E-06	-2.868429E-06	-3.073317E-06	-3.278205E-06	-3.483093E-06	-3.687980E-06	-3.892868E-06	+3.114295E-06	+2.950384E-06	+2.786474E-06	+2.622564E-06	+2.458654E-06	+2.294743E-06	+2.130833E-06	+1.966923E-06	+1.803013E-06	+1.639102E-06	+1.475192E-06	+1.311282E-06	+1.147372E-06	+9.834615E-07	+8.195512E-07	+6.556410E-07	+4.917307E-07	+3.278205E-07	+1.639102E-07	+0.000000E+00	-1.639102E-07	-3.278205E-07	-4.917307E-07	-6.556410E-07	-8.195512E-07	-9.834615E-07	-1.147372E-06	-1.311282E-06	-1.475192E-06	-1.639102E-06	-1.803013E-06	-1.966923E-06	-2.130833E-06	-2.294743E-06	-2.458654E-06	-2.622564E-06	-2.786474E-06	-2.950384E-06	-3.114295E-06	+2.335721E-06	+2.212788E-06	+2.089856E-06	+1.966923E-06	+1.843990E-06	+1.721058E-06	+1.598125E-06	+1.475192E-06	+1.352260E-06	+1.229327E-06	+1.106394E-06	+9.834615E-07	+8.605288E-07	+7.375961E-07	+6.146634E-07	+4.917307E-07	+3.687980E-07	+2.458654E-07	+1.229327E-07	+0.000000E+00	-1.229327E-07	-2.458654E-07	-3.687980E-07	-4.917307E-07	-6.146634E-07	-7.375961E-07	-8.605288E-07	-9.834615E-07	-1.106394E-06	-1.229327E-06	-1.352260E-06	-1.475192E-06	-1.598125E-06	-1.721058E-06	-1.843990E-06	-1.966923E-06	-2.089856E-06	-2.212788E-06	-2.335721E-06	+1.557147E-06	+1.475192E-06	+1.393237E-06	+1.311282E-06	+1.229327E-06	+1.147372E-06	+1.065417E-06	+9.834615E-07	+9.015063E-07	+8.195512E-07	+7.375961E-07	+6.556410E-07	+5.736858E-07	+4.917307E-07	+4.097756E-07	+3.278205E-07	+2.458654E-07	+1.639102E-07	+8.195512E-08	+0.000000E+00	-8.195512E-08	-1.639102E-07	-2.458654E-07	-3.278205E-07	-4.097756E-07	-4.917307E-07	-5.736858E-07	-6.556410E-07	-7.375961E-07	-8.195512E-07	-9.015063E-07	-9.834615E-07	-1.065417E-06	-1.147372E-06	-1.229327E-06	-1.311282E-06	-1.393237E-06	-1.475192E-06	-1.557147E-06	+7.785737E-07	+7.375961E-07	+6.966185E-07	+6.556410E-07	+6.146634E-07	+5.736858E-07	+5.327083E-07	+4.917307E-07	+4.507532E-07	+4.097756E-07	+3.687980E-07	+3.278205E-07	+2.868429E-07	+2.458654E-07	+2.048878E-07	+1.639102E-07	+1.229327E-07	+8.195512E-08	+4.097756E-08	+0.000000E+00	-4.097756E-08	-8.195512E-08	-1.229327E-07	-1.639102E-07	-2.048878E-07	-2.458654E-07	-2.868429E-07	-3.278205E-07	-3.687980E-07	-4.097756E-07	-4.507532E-07	-4.917307E-07	-5.327083E-07	-5.736858E-07	-6.146634E-07	-6.556410E-07	-6.966185E-07	-7.375961E-07	-7.785737E-07	+0.000000E+00	+0.000000E+00	+0.000000E+00	+0.000000E+00	+0.000000E+00	+0.000000E+00	+0.000000E+00	+0.000000E+00	+0.000000E+00	+0.000000E+00	+0.000000E+00	+0.000000E+00	+0.000000E+00	+0.000000E+00	+0.000000E+00	+0.000000E+00	+0.000000E+00	+0.000000E+00	+0.000000E+00	+0.000000E+00
# Matrix ends.
#
#
# ---------------------------------- LICENSE NOTICE -----------------------------------
# THIS DATA IS RELEASED UNDER THE CREATIVE COMMONS LICENSE "CC BY-NC-SA 4.0".
#   This license lets you remix, tweak, and build upon this work non-commercially,
#   as long as you credit me and license your new creations under the terms identical
#   to the current license.
# SEE "https://creativecommons.org/licenses/by-nc-sa/4.0" FOR DETAILS.
#
# RELEASED BY: Chandra Shekhar
#      E-mail: chandraiitk[AT]yahoo[DOT]co[DOT]in
#    Homepage: https://sites.google.com/site/chandraacads
# FOR ANY QUESTION OR COMMENT, OR FOR A COMMERCIAL LICENSE, PLEASE EMAIL ME.
#
# For additional details, please visit my homepage.
#
# ==================================== End of File ====================================
