# ================================== Start of File ====================================
# Spatial dimensions = 2
# Kernel size = 39x39
# Polynomial order = 1x3
# Size of the convolution coefficient matrix = 8x1521
#
# Column# 1:
#    S/A => The left and the right halves of the row are symmetric(S)/anti-symmetric(A) about the middle column.
#           If symmetric elements on the right half, their signs are same as the corresponding elements on the left side.
#           If anti-symmetric elements, the signs are opposite.
# Column# 2~761 = the left-half columns of the row.
# Column# 762 = the middle column of the row.
# Column# 763~1522, which are the right-half columns, are not stored, because they are symmetric/anti-symmetric
#           of the elements in the column# 761~2, respectively.
# Matrix starts:
	S	-8.659258E-04	-6.253909E-04	-3.978578E-04	-1.833266E-04	+1.820264E-05	+2.067300E-04	+3.822555E-04	+5.447792E-04	+6.943009E-04	+8.308207E-04	+9.543387E-04	+1.064855E-03	+1.162369E-03	+1.246881E-03	+1.318392E-03	+1.376900E-03	+1.422407E-03	+1.454911E-03	+1.474414E-03	+1.480915E-03	+1.474414E-03	+1.454911E-03	+1.422407E-03	+1.376900E-03	+1.318392E-03	+1.246881E-03	+1.162369E-03	+1.064855E-03	+9.543387E-04	+8.308207E-04	+6.943009E-04	+5.447792E-04	+3.822555E-04	+2.067300E-04	+1.820264E-05	-1.833266E-04	-3.978578E-04	-6.253909E-04	-8.659258E-04	-8.659258E-04	-6.253909E-04	-3.978578E-04	-1.833266E-04	+1.820264E-05	+2.067300E-04	+3.822555E-04	+5.447792E-04	+6.943009E-04	+8.308207E-04	+9.543387E-04	+1.064855E-03	+1.162369E-03	+1.246881E-03	+1.318392E-03	+1.376900E-03	+1.422407E-03	+1.454911E-03	+1.474414E-03	+1.480915E-03	+1.474414E-03	+1.454911E-03	+1.422407E-03	+1.376900E-03	+1.318392E-03	+1.246881E-03	+1.162369E-03	+1.064855E-03	+9.543387E-04	+8.308207E-04	+6.943009E-04	+5.447792E-04	+3.822555E-04	+2.067300E-04	+1.820264E-05	-1.833266E-04	-3.978578E-04	-6.253909E-04	-8.659258E-04	-8.659258E-04	-6.253909E-04	-3.978578E-04	-1.833266E-04	+1.820264E-05	+2.067300E-04	+3.822555E-04	+5.447792E-04	+6.943009E-04	+8.308207E-04	+9.543387E-04	+1.064855E-03	+1.162369E-03	+1.246881E-03	+1.318392E-03	+1.376900E-03	+1.422407E-03	+1.454911E-03	+1.474414E-03	+1.480915E-03	+1.474414E-03	+1.454911E-03	+1.422407E-03	+1.376900E-03	+1.318392E-03	+1.246881E-03	+1.162369E-03	+1.064855E-03	+9.543387E-04	+8.308207E-04	+6.943009E-04	+5.447792E-04	+3.822555E-04	+2.067300E-04	+1.820264E-05	-1.833266E-04	-3.978578E-04	-6.253909E-04	-8.659258E-04	-8.659258E-04	-6.253909E-04	-3.978578E-04	-1.833266E-04	+1.820264E-05	+2.067300E-04	+3.822555E-04	+5.447792E-04	+6.943009E-04	+8.308207E-04	+9.543387E-04	+1.064855E-03	+1.162369E-03	+1.246881E-03	+1.318392E-03	+1.376900E-03	+1.422407E-03	+1.454911E-03	+1.474414E-03	+1.480915E-03	+1.474414E-03	+1.454911E-03	+1.422407E-03	+1.376900E-03	+1.318392E-03	+1.246881E-03	+1.162369E-03	+1.064855E-03	+9.543387E-04	+8.308207E-04	+6.943009E-04	+5.447792E-04	+3.822555E-04	+2.067300E-04	+1.820264E-05	-1.833266E-04	-3.978578E-04	-6.253909E-04	-8.659258E-04	-8.659258E-04	-6.253909E-04	-3.978578E-04	-1.833266E-04	+1.820264E-05	+2.067300E-04	+3.822555E-04	+5.447792E-04	+6.943009E-04	+8.308207E-04	+9.543387E-04	+1.064855E-03	+1.162369E-03	+1.246881E-03	+1.318392E-03	+1.376900E-03	+1.422407E-03	+1.454911E-03	+1.474414E-03	+1.480915E-03	+1.474414E-03	+1.454911E-03	+1.422407E-03	+1.376900E-03	+1.318392E-03	+1.246881E-03	+1.162369E-03	+1.064855E-03	+9.543387E-04	+8.308207E-04	+6.943009E-04	+5.447792E-04	+3.822555E-04	+2.067300E-04	+1.820264E-05	-1.833266E-04	-3.978578E-04	-6.253909E-04	-8.659258E-04	-8.659258E-04	-6.253909E-04	-3.978578E-04	-1.833266E-04	+1.820264E-05	+2.067300E-04	+3.822555E-04	+5.447792E-04	+6.943009E-04	+8.308207E-04	+9.543387E-04	+1.064855E-03	+1.162369E-03	+1.246881E-03	+1.318392E-03	+1.376900E-03	+1.422407E-03	+1.454911E-03	+1.474414E-03	+1.480915E-03	+1.474414E-03	+1.454911E-03	+1.422407E-03	+1.376900E-03	+1.318392E-03	+1.246881E-03	+1.162369E-03	+1.064855E-03	+9.543387E-04	+8.308207E-04	+6.943009E-04	+5.447792E-04	+3.822555E-04	+2.067300E-04	+1.820264E-05	-1.833266E-04	-3.978578E-04	-6.253909E-04	-8.659258E-04	-8.659258E-04	-6.253909E-04	-3.978578E-04	-1.833266E-04	+1.820264E-05	+2.067300E-04	+3.822555E-04	+5.447792E-04	+6.943009E-04	+8.308207E-04	+9.543387E-04	+1.064855E-03	+1.162369E-03	+1.246881E-03	+1.318392E-03	+1.376900E-03	+1.422407E-03	+1.454911E-03	+1.474414E-03	+1.480915E-03	+1.474414E-03	+1.454911E-03	+1.422407E-03	+1.376900E-03	+1.318392E-03	+1.246881E-03	+1.162369E-03	+1.064855E-03	+9.543387E-04	+8.308207E-04	+6.943009E-04	+5.447792E-04	+3.822555E-04	+2.067300E-04	+1.820264E-05	-1.833266E-04	-3.978578E-04	-6.253909E-04	-8.659258E-04	-8.659258E-04	-6.253909E-04	-3.978578E-04	-1.833266E-04	+1.820264E-05	+2.067300E-04	+3.822555E-04	+5.447792E-04	+6.943009E-04	+8.308207E-04	+9.543387E-04	+1.064855E-03	+1.162369E-03	+1.246881E-03	+1.318392E-03	+1.376900E-03	+1.422407E-03	+1.454911E-03	+1.474414E-03	+1.480915E-03	+1.474414E-03	+1.454911E-03	+1.422407E-03	+1.376900E-03	+1.318392E-03	+1.246881E-03	+1.162369E-03	+1.064855E-03	+9.543387E-04	+8.308207E-04	+6.943009E-04	+5.447792E-04	+3.822555E-04	+2.067300E-04	+1.820264E-05	-1.833266E-04	-3.978578E-04	-6.253909E-04	-8.659258E-04	-8.659258E-04	-6.253909E-04	-3.978578E-04	-1.833266E-04	+1.820264E-05	+2.067300E-04	+3.822555E-04	+5.447792E-04	+6.943009E-04	+8.308207E-04	+9.543387E-04	+1.064855E-03	+1.162369E-03	+1.246881E-03	+1.318392E-03	+1.376900E-03	+1.422407E-03	+1.454911E-03	+1.474414E-03	+1.480915E-03	+1.474414E-03	+1.454911E-03	+1.422407E-03	+1.376900E-03	+1.318392E-03	+1.246881E-03	+1.162369E-03	+1.064855E-03	+9.543387E-04	+8.308207E-04	+6.943009E-04	+5.447792E-04	+3.822555E-04	+2.067300E-04	+1.820264E-05	-1.833266E-04	-3.978578E-04	-6.253909E-04	-8.659258E-04	-8.659258E-04	-6.253909E-04	-3.978578E-04	-1.833266E-04	+1.820264E-05	+2.067300E-04	+3.822555E-04	+5.447792E-04	+6.943009E-04	+8.308207E-04	+9.543387E-04	+1.064855E-03	+1.162369E-03	+1.246881E-03	+1.318392E-03	+1.376900E-03	+1.422407E-03	+1.454911E-03	+1.474414E-03	+1.480915E-03	+1.474414E-03	+1.454911E-03	+1.422407E-03	+1.376900E-03	+1.318392E-03	+1.246881E-03	+1.162369E-03	+1.064855E-03	+9.543387E-04	+8.308207E-04	+6.943009E-04	+5.447792E-04	+3.822555E-04	+2.067300E-04	+1.820264E-05	-1.833266E-04	-3.978578E-04	-6.253909E-04	-8.659258E-04	-8.659258E-04	-6.253909E-04	-3.978578E-04	-1.833266E-04	+1.820264E-05	+2.067300E-04	+3.822555E-04	+5.447792E-04	+6.943009E-04	+8.308207E-04	+9.543387E-04	+1.064855E-03	+1.162369E-03	+1.246881E-03	+1.318392E-03	+1.376900E-03	+1.422407E-03	+1.454911E-03	+1.474414E-03	+1.480915E-03	+1.474414E-03	+1.454911E-03	+1.422407E-03	+1.376900E-03	+1.318392E-03	+1.246881E-03	+1.162369E-03	+1.064855E-03	+9.543387E-04	+8.308207E-04	+6.943009E-04	+5.447792E-04	+3.822555E-04	+2.067300E-04	+1.820264E-05	-1.833266E-04	-3.978578E-04	-6.253909E-04	-8.659258E-04	-8.659258E-04	-6.253909E-04	-3.978578E-04	-1.833266E-04	+1.820264E-05	+2.067300E-04	+3.822555E-04	+5.447792E-04	+6.943009E-04	+8.308207E-04	+9.543387E-04	+1.064855E-03	+1.162369E-03	+1.246881E-03	+1.318392E-03	+1.376900E-03	+1.422407E-03	+1.454911E-03	+1.474414E-03	+1.480915E-03	+1.474414E-03	+1.454911E-03	+1.422407E-03	+1.376900E-03	+1.318392E-03	+1.246881E-03	+1.162369E-03	+1.064855E-03	+9.543387E-04	+8.308207E-04	+6.943009E-04	+5.447792E-04	+3.822555E-04	+2.067300E-04	+1.820264E-05	-1.833266E-04	-3.978578E-04	-6.253909E-04	-8.659258E-04	-8.659258E-04	-6.253909E-04	-3.978578E-04	-1.833266E-04	+1.820264E-05	+2.067300E-04	+3.822555E-04	+5.447792E-04	+6.943009E-04	+8.308207E-04	+9.543387E-04	+1.064855E-03	+1.162369E-03	+1.246881E-03	+1.318392E-03	+1.376900E-03	+1.422407E-03	+1.454911E-03	+1.474414E-03	+1.480915E-03	+1.474414E-03	+1.454911E-03	+1.422407E-03	+1.376900E-03	+1.318392E-03	+1.246881E-03	+1.162369E-03	+1.064855E-03	+9.543387E-04	+8.308207E-04	+6.943009E-04	+5.447792E-04	+3.822555E-04	+2.067300E-04	+1.820264E-05	-1.833266E-04	-3.978578E-04	-6.253909E-04	-8.659258E-04	-8.659258E-04	-6.253909E-04	-3.978578E-04	-1.833266E-04	+1.820264E-05	+2.067300E-04	+3.822555E-04	+5.447792E-04	+6.943009E-04	+8.308207E-04	+9.543387E-04	+1.064855E-03	+1.162369E-03	+1.246881E-03	+1.318392E-03	+1.376900E-03	+1.422407E-03	+1.454911E-03	+1.474414E-03	+1.480915E-03	+1.474414E-03	+1.454911E-03	+1.422407E-03	+1.376900E-03	+1.318392E-03	+1.246881E-03	+1.162369E-03	+1.064855E-03	+9.543387E-04	+8.308207E-04	+6.943009E-04	+5.447792E-04	+3.822555E-04	+2.067300E-04	+1.820264E-05	-1.833266E-04	-3.978578E-04	-6.253909E-04	-8.659258E-04	-8.659258E-04	-6.253909E-04	-3.978578E-04	-1.833266E-04	+1.820264E-05	+2.067300E-04	+3.822555E-04	+5.447792E-04	+6.943009E-04	+8.308207E-04	+9.543387E-04	+1.064855E-03	+1.162369E-03	+1.246881E-03	+1.318392E-03	+1.376900E-03	+1.422407E-03	+1.454911E-03	+1.474414E-03	+1.480915E-03	+1.474414E-03	+1.454911E-03	+1.422407E-03	+1.376900E-03	+1.318392E-03	+1.246881E-03	+1.162369E-03	+1.064855E-03	+9.543387E-04	+8.308207E-04	+6.943009E-04	+5.447792E-04	+3.822555E-04	+2.067300E-04	+1.820264E-05	-1.833266E-04	-3.978578E-04	-6.253909E-04	-8.659258E-04	-8.659258E-04	-6.253909E-04	-3.978578E-04	-1.833266E-04	+1.820264E-05	+2.067300E-04	+3.822555E-04	+5.447792E-04	+6.943009E-04	+8.308207E-04	+9.543387E-04	+1.064855E-03	+1.162369E-03	+1.246881E-03	+1.318392E-03	+1.376900E-03	+1.422407E-03	+1.454911E-03	+1.474414E-03	+1.480915E-03	+1.474414E-03	+1.454911E-03	+1.422407E-03	+1.376900E-03	+1.318392E-03	+1.246881E-03	+1.162369E-03	+1.064855E-03	+9.543387E-04	+8.308207E-04	+6.943009E-04	+5.447792E-04	+3.822555E-04	+2.067300E-04	+1.820264E-05	-1.833266E-04	-3.978578E-04	-6.253909E-04	-8.659258E-04	-8.659258E-04	-6.253909E-04	-3.978578E-04	-1.833266E-04	+1.820264E-05	+2.067300E-04	+3.822555E-04	+5.447792E-04	+6.943009E-04	+8.308207E-04	+9.543387E-04	+1.064855E-03	+1.162369E-03	+1.246881E-03	+1.318392E-03	+1.376900E-03	+1.422407E-03	+1.454911E-03	+1.474414E-03	+1.480915E-03	+1.474414E-03	+1.454911E-03	+1.422407E-03	+1.376900E-03	+1.318392E-03	+1.246881E-03	+1.162369E-03	+1.064855E-03	+9.543387E-04	+8.308207E-04	+6.943009E-04	+5.447792E-04	+3.822555E-04	+2.067300E-04	+1.820264E-05	-1.833266E-04	-3.978578E-04	-6.253909E-04	-8.659258E-04	-8.659258E-04	-6.253909E-04	-3.978578E-04	-1.833266E-04	+1.820264E-05	+2.067300E-04	+3.822555E-04	+5.447792E-04	+6.943009E-04	+8.308207E-04	+9.543387E-04	+1.064855E-03	+1.162369E-03	+1.246881E-03	+1.318392E-03	+1.376900E-03	+1.422407E-03	+1.454911E-03	+1.474414E-03	+1.480915E-03	+1.474414E-03	+1.454911E-03	+1.422407E-03	+1.376900E-03	+1.318392E-03	+1.246881E-03	+1.162369E-03	+1.064855E-03	+9.543387E-04	+8.308207E-04	+6.943009E-04	+5.447792E-04	+3.822555E-04	+2.067300E-04	+1.820264E-05	-1.833266E-04	-3.978578E-04	-6.253909E-04	-8.659258E-04	-8.659258E-04	-6.253909E-04	-3.978578E-04	-1.833266E-04	+1.820264E-05	+2.067300E-04	+3.822555E-04	+5.447792E-04	+6.943009E-04	+8.308207E-04	+9.543387E-04	+1.064855E-03	+1.162369E-03	+1.246881E-03	+1.318392E-03	+1.376900E-03	+1.422407E-03	+1.454911E-03	+1.474414E-03	+1.480915E-03	+1.474414E-03	+1.454911E-03	+1.422407E-03	+1.376900E-03	+1.318392E-03	+1.246881E-03	+1.162369E-03	+1.064855E-03	+9.543387E-04	+8.308207E-04	+6.943009E-04	+5.447792E-04	+3.822555E-04	+2.067300E-04	+1.820264E-05	-1.833266E-04	-3.978578E-04	-6.253909E-04	-8.659258E-04	-8.659258E-04	-6.253909E-04	-3.978578E-04	-1.833266E-04	+1.820264E-05	+2.067300E-04	+3.822555E-04	+5.447792E-04	+6.943009E-04	+8.308207E-04	+9.543387E-04	+1.064855E-03	+1.162369E-03	+1.246881E-03	+1.318392E-03	+1.376900E-03	+1.422407E-03	+1.454911E-03	+1.474414E-03	+1.480915E-03
	A	+2.057910E-04	+1.148519E-04	+3.690332E-05	-2.877650E-05	-8.290922E-05	-1.262165E-04	-1.594201E-04	-1.832417E-04	-1.984030E-04	-2.056256E-04	-2.056313E-04	-1.991418E-04	-1.868787E-04	-1.695638E-04	-1.479187E-04	-1.226651E-04	-9.452475E-05	-6.421932E-05	-3.247051E-05	+0.000000E+00	+3.247051E-05	+6.421932E-05	+9.452475E-05	+1.226651E-04	+1.479187E-04	+1.695638E-04	+1.868787E-04	+1.991418E-04	+2.056313E-04	+2.056256E-04	+1.984030E-04	+1.832417E-04	+1.594201E-04	+1.262165E-04	+8.290922E-05	+2.877650E-05	-3.690332E-05	-1.148519E-04	-2.057910E-04	+2.057910E-04	+1.148519E-04	+3.690332E-05	-2.877650E-05	-8.290922E-05	-1.262165E-04	-1.594201E-04	-1.832417E-04	-1.984030E-04	-2.056256E-04	-2.056313E-04	-1.991418E-04	-1.868787E-04	-1.695638E-04	-1.479187E-04	-1.226651E-04	-9.452475E-05	-6.421932E-05	-3.247051E-05	+0.000000E+00	+3.247051E-05	+6.421932E-05	+9.452475E-05	+1.226651E-04	+1.479187E-04	+1.695638E-04	+1.868787E-04	+1.991418E-04	+2.056313E-04	+2.056256E-04	+1.984030E-04	+1.832417E-04	+1.594201E-04	+1.262165E-04	+8.290922E-05	+2.877650E-05	-3.690332E-05	-1.148519E-04	-2.057910E-04	+2.057910E-04	+1.148519E-04	+3.690332E-05	-2.877650E-05	-8.290922E-05	-1.262165E-04	-1.594201E-04	-1.832417E-04	-1.984030E-04	-2.056256E-04	-2.056313E-04	-1.991418E-04	-1.868787E-04	-1.695638E-04	-1.479187E-04	-1.226651E-04	-9.452475E-05	-6.421932E-05	-3.247051E-05	+0.000000E+00	+3.247051E-05	+6.421932E-05	+9.452475E-05	+1.226651E-04	+1.479187E-04	+1.695638E-04	+1.868787E-04	+1.991418E-04	+2.056313E-04	+2.056256E-04	+1.984030E-04	+1.832417E-04	+1.594201E-04	+1.262165E-04	+8.290922E-05	+2.877650E-05	-3.690332E-05	-1.148519E-04	-2.057910E-04	+2.057910E-04	+1.148519E-04	+3.690332E-05	-2.877650E-05	-8.290922E-05	-1.262165E-04	-1.594201E-04	-1.832417E-04	-1.984030E-04	-2.056256E-04	-2.056313E-04	-1.991418E-04	-1.868787E-04	-1.695638E-04	-1.479187E-04	-1.226651E-04	-9.452475E-05	-6.421932E-05	-3.247051E-05	+0.000000E+00	+3.247051E-05	+6.421932E-05	+9.452475E-05	+1.226651E-04	+1.479187E-04	+1.695638E-04	+1.868787E-04	+1.991418E-04	+2.056313E-04	+2.056256E-04	+1.984030E-04	+1.832417E-04	+1.594201E-04	+1.262165E-04	+8.290922E-05	+2.877650E-05	-3.690332E-05	-1.148519E-04	-2.057910E-04	+2.057910E-04	+1.148519E-04	+3.690332E-05	-2.877650E-05	-8.290922E-05	-1.262165E-04	-1.594201E-04	-1.832417E-04	-1.984030E-04	-2.056256E-04	-2.056313E-04	-1.991418E-04	-1.868787E-04	-1.695638E-04	-1.479187E-04	-1.226651E-04	-9.452475E-05	-6.421932E-05	-3.247051E-05	+0.000000E+00	+3.247051E-05	+6.421932E-05	+9.452475E-05	+1.226651E-04	+1.479187E-04	+1.695638E-04	+1.868787E-04	+1.991418E-04	+2.056313E-04	+2.056256E-04	+1.984030E-04	+1.832417E-04	+1.594201E-04	+1.262165E-04	+8.290922E-05	+2.877650E-05	-3.690332E-05	-1.148519E-04	-2.057910E-04	+2.057910E-04	+1.148519E-04	+3.690332E-05	-2.877650E-05	-8.290922E-05	-1.262165E-04	-1.594201E-04	-1.832417E-04	-1.984030E-04	-2.056256E-04	-2.056313E-04	-1.991418E-04	-1.868787E-04	-1.695638E-04	-1.479187E-04	-1.226651E-04	-9.452475E-05	-6.421932E-05	-3.247051E-05	+0.000000E+00	+3.247051E-05	+6.421932E-05	+9.452475E-05	+1.226651E-04	+1.479187E-04	+1.695638E-04	+1.868787E-04	+1.991418E-04	+2.056313E-04	+2.056256E-04	+1.984030E-04	+1.832417E-04	+1.594201E-04	+1.262165E-04	+8.290922E-05	+2.877650E-05	-3.690332E-05	-1.148519E-04	-2.057910E-04	+2.057910E-04	+1.148519E-04	+3.690332E-05	-2.877650E-05	-8.290922E-05	-1.262165E-04	-1.594201E-04	-1.832417E-04	-1.984030E-04	-2.056256E-04	-2.056313E-04	-1.991418E-04	-1.868787E-04	-1.695638E-04	-1.479187E-04	-1.226651E-04	-9.452475E-05	-6.421932E-05	-3.247051E-05	+0.000000E+00	+3.247051E-05	+6.421932E-05	+9.452475E-05	+1.226651E-04	+1.479187E-04	+1.695638E-04	+1.868787E-04	+1.991418E-04	+2.056313E-04	+2.056256E-04	+1.984030E-04	+1.832417E-04	+1.594201E-04	+1.262165E-04	+8.290922E-05	+2.877650E-05	-3.690332E-05	-1.148519E-04	-2.057910E-04	+2.057910E-04	+1.148519E-04	+3.690332E-05	-2.877650E-05	-8.290922E-05	-1.262165E-04	-1.594201E-04	-1.832417E-04	-1.984030E-04	-2.056256E-04	-2.056313E-04	-1.991418E-04	-1.868787E-04	-1.695638E-04	-1.479187E-04	-1.226651E-04	-9.452475E-05	-6.421932E-05	-3.247051E-05	+0.000000E+00	+3.247051E-05	+6.421932E-05	+9.452475E-05	+1.226651E-04	+1.479187E-04	+1.695638E-04	+1.868787E-04	+1.991418E-04	+2.056313E-04	+2.056256E-04	+1.984030E-04	+1.832417E-04	+1.594201E-04	+1.262165E-04	+8.290922E-05	+2.877650E-05	-3.690332E-05	-1.148519E-04	-2.057910E-04	+2.057910E-04	+1.148519E-04	+3.690332E-05	-2.877650E-05	-8.290922E-05	-1.262165E-04	-1.594201E-04	-1.832417E-04	-1.984030E-04	-2.056256E-04	-2.056313E-04	-1.991418E-04	-1.868787E-04	-1.695638E-04	-1.479187E-04	-1.226651E-04	-9.452475E-05	-6.421932E-05	-3.247051E-05	+0.000000E+00	+3.247051E-05	+6.421932E-05	+9.452475E-05	+1.226651E-04	+1.479187E-04	+1.695638E-04	+1.868787E-04	+1.991418E-04	+2.056313E-04	+2.056256E-04	+1.984030E-04	+1.832417E-04	+1.594201E-04	+1.262165E-04	+8.290922E-05	+2.877650E-05	-3.690332E-05	-1.148519E-04	-2.057910E-04	+2.057910E-04	+1.148519E-04	+3.690332E-05	-2.877650E-05	-8.290922E-05	-1.262165E-04	-1.594201E-04	-1.832417E-04	-1.984030E-04	-2.056256E-04	-2.056313E-04	-1.991418E-04	-1.868787E-04	-1.695638E-04	-1.479187E-04	-1.226651E-04	-9.452475E-05	-6.421932E-05	-3.247051E-05	+0.000000E+00	+3.247051E-05	+6.421932E-05	+9.452475E-05	+1.226651E-04	+1.479187E-04	+1.695638E-04	+1.868787E-04	+1.991418E-04	+2.056313E-04	+2.056256E-04	+1.984030E-04	+1.832417E-04	+1.594201E-04	+1.262165E-04	+8.290922E-05	+2.877650E-05	-3.690332E-05	-1.148519E-04	-2.057910E-04	+2.057910E-04	+1.148519E-04	+3.690332E-05	-2.877650E-05	-8.290922E-05	-1.262165E-04	-1.594201E-04	-1.832417E-04	-1.984030E-04	-2.056256E-04	-2.056313E-04	-1.991418E-04	-1.868787E-04	-1.695638E-04	-1.479187E-04	-1.226651E-04	-9.452475E-05	-6.421932E-05	-3.247051E-05	+0.000000E+00	+3.247051E-05	+6.421932E-05	+9.452475E-05	+1.226651E-04	+1.479187E-04	+1.695638E-04	+1.868787E-04	+1.991418E-04	+2.056313E-04	+2.056256E-04	+1.984030E-04	+1.832417E-04	+1.594201E-04	+1.262165E-04	+8.290922E-05	+2.877650E-05	-3.690332E-05	-1.148519E-04	-2.057910E-04	+2.057910E-04	+1.148519E-04	+3.690332E-05	-2.877650E-05	-8.290922E-05	-1.262165E-04	-1.594201E-04	-1.832417E-04	-1.984030E-04	-2.056256E-04	-2.056313E-04	-1.991418E-04	-1.868787E-04	-1.695638E-04	-1.479187E-04	-1.226651E-04	-9.452475E-05	-6.421932E-05	-3.247051E-05	+0.000000E+00	+3.247051E-05	+6.421932E-05	+9.452475E-05	+1.226651E-04	+1.479187E-04	+1.695638E-04	+1.868787E-04	+1.991418E-04	+2.056313E-04	+2.056256E-04	+1.984030E-04	+1.832417E-04	+1.594201E-04	+1.262165E-04	+8.290922E-05	+2.877650E-05	-3.690332E-05	-1.148519E-04	-2.057910E-04	+2.057910E-04	+1.148519E-04	+3.690332E-05	-2.877650E-05	-8.290922E-05	-1.262165E-04	-1.594201E-04	-1.832417E-04	-1.984030E-04	-2.056256E-04	-2.056313E-04	-1.991418E-04	-1.868787E-04	-1.695638E-04	-1.479187E-04	-1.226651E-04	-9.452475E-05	-6.421932E-05	-3.247051E-05	+0.000000E+00	+3.247051E-05	+6.421932E-05	+9.452475E-05	+1.226651E-04	+1.479187E-04	+1.695638E-04	+1.868787E-04	+1.991418E-04	+2.056313E-04	+2.056256E-04	+1.984030E-04	+1.832417E-04	+1.594201E-04	+1.262165E-04	+8.290922E-05	+2.877650E-05	-3.690332E-05	-1.148519E-04	-2.057910E-04	+2.057910E-04	+1.148519E-04	+3.690332E-05	-2.877650E-05	-8.290922E-05	-1.262165E-04	-1.594201E-04	-1.832417E-04	-1.984030E-04	-2.056256E-04	-2.056313E-04	-1.991418E-04	-1.868787E-04	-1.695638E-04	-1.479187E-04	-1.226651E-04	-9.452475E-05	-6.421932E-05	-3.247051E-05	+0.000000E+00	+3.247051E-05	+6.421932E-05	+9.452475E-05	+1.226651E-04	+1.479187E-04	+1.695638E-04	+1.868787E-04	+1.991418E-04	+2.056313E-04	+2.056256E-04	+1.984030E-04	+1.832417E-04	+1.594201E-04	+1.262165E-04	+8.290922E-05	+2.877650E-05	-3.690332E-05	-1.148519E-04	-2.057910E-04	+2.057910E-04	+1.148519E-04	+3.690332E-05	-2.877650E-05	-8.290922E-05	-1.262165E-04	-1.594201E-04	-1.832417E-04	-1.984030E-04	-2.056256E-04	-2.056313E-04	-1.991418E-04	-1.868787E-04	-1.695638E-04	-1.479187E-04	-1.226651E-04	-9.452475E-05	-6.421932E-05	-3.247051E-05	+0.000000E+00	+3.247051E-05	+6.421932E-05	+9.452475E-05	+1.226651E-04	+1.479187E-04	+1.695638E-04	+1.868787E-04	+1.991418E-04	+2.056313E-04	+2.056256E-04	+1.984030E-04	+1.832417E-04	+1.594201E-04	+1.262165E-04	+8.290922E-05	+2.877650E-05	-3.690332E-05	-1.148519E-04	-2.057910E-04	+2.057910E-04	+1.148519E-04	+3.690332E-05	-2.877650E-05	-8.290922E-05	-1.262165E-04	-1.594201E-04	-1.832417E-04	-1.984030E-04	-2.056256E-04	-2.056313E-04	-1.991418E-04	-1.868787E-04	-1.695638E-04	-1.479187E-04	-1.226651E-04	-9.452475E-05	-6.421932E-05	-3.247051E-05	+0.000000E+00	+3.247051E-05	+6.421932E-05	+9.452475E-05	+1.226651E-04	+1.479187E-04	+1.695638E-04	+1.868787E-04	+1.991418E-04	+2.056313E-04	+2.056256E-04	+1.984030E-04	+1.832417E-04	+1.594201E-04	+1.262165E-04	+8.290922E-05	+2.877650E-05	-3.690332E-05	-1.148519E-04	-2.057910E-04	+2.057910E-04	+1.148519E-04	+3.690332E-05	-2.877650E-05	-8.290922E-05	-1.262165E-04	-1.594201E-04	-1.832417E-04	-1.984030E-04	-2.056256E-04	-2.056313E-04	-1.991418E-04	-1.868787E-04	-1.695638E-04	-1.479187E-04	-1.226651E-04	-9.452475E-05	-6.421932E-05	-3.247051E-05	+0.000000E+00	+3.247051E-05	+6.421932E-05	+9.452475E-05	+1.226651E-04	+1.479187E-04	+1.695638E-04	+1.868787E-04	+1.991418E-04	+2.056313E-04	+2.056256E-04	+1.984030E-04	+1.832417E-04	+1.594201E-04	+1.262165E-04	+8.290922E-05	+2.877650E-05	-3.690332E-05	-1.148519E-04	-2.057910E-04	+2.057910E-04	+1.148519E-04	+3.690332E-05	-2.877650E-05	-8.290922E-05	-1.262165E-04	-1.594201E-04	-1.832417E-04	-1.984030E-04	-2.056256E-04	-2.056313E-04	-1.991418E-04	-1.868787E-04	-1.695638E-04	-1.479187E-04	-1.226651E-04	-9.452475E-05	-6.421932E-05	-3.247051E-05	+0.000000E+00	+3.247051E-05	+6.421932E-05	+9.452475E-05	+1.226651E-04	+1.479187E-04	+1.695638E-04	+1.868787E-04	+1.991418E-04	+2.056313E-04	+2.056256E-04	+1.984030E-04	+1.832417E-04	+1.594201E-04	+1.262165E-04	+8.290922E-05	+2.877650E-05	-3.690332E-05	-1.148519E-04	-2.057910E-04	+2.057910E-04	+1.148519E-04	+3.690332E-05	-2.877650E-05	-8.290922E-05	-1.262165E-04	-1.594201E-04	-1.832417E-04	-1.984030E-04	-2.056256E-04	-2.056313E-04	-1.991418E-04	-1.868787E-04	-1.695638E-04	-1.479187E-04	-1.226651E-04	-9.452475E-05	-6.421932E-05	-3.247051E-05	+0.000000E+00	+3.247051E-05	+6.421932E-05	+9.452475E-05	+1.226651E-04	+1.479187E-04	+1.695638E-04	+1.868787E-04	+1.991418E-04	+2.056313E-04	+2.056256E-04	+1.984030E-04	+1.832417E-04	+1.594201E-04	+1.262165E-04	+8.290922E-05	+2.877650E-05	-3.690332E-05	-1.148519E-04	-2.057910E-04	+2.057910E-04	+1.148519E-04	+3.690332E-05	-2.877650E-05	-8.290922E-05	-1.262165E-04	-1.594201E-04	-1.832417E-04	-1.984030E-04	-2.056256E-04	-2.056313E-04	-1.991418E-04	-1.868787E-04	-1.695638E-04	-1.479187E-04	-1.226651E-04	-9.452475E-05	-6.421932E-05	-3.247051E-05	+0.000000E+00
	S	+1.202675E-05	+1.012779E-05	+8.331474E-06	+6.637807E-06	+5.046786E-06	+3.558412E-06	+2.172684E-06	+8.896029E-07	-2.908317E-07	-1.368620E-06	-2.343762E-06	-3.216257E-06	-3.986105E-06	-4.653308E-06	-5.217863E-06	-5.679773E-06	-6.039035E-06	-6.295652E-06	-6.449621E-06	-6.500945E-06	-6.449621E-06	-6.295652E-06	-6.039035E-06	-5.679773E-06	-5.217863E-06	-4.653308E-06	-3.986105E-06	-3.216257E-06	-2.343762E-06	-1.368620E-06	-2.908317E-07	+8.896029E-07	+2.172684E-06	+3.558412E-06	+5.046786E-06	+6.637807E-06	+8.331474E-06	+1.012779E-05	+1.202675E-05	+1.202675E-05	+1.012779E-05	+8.331474E-06	+6.637807E-06	+5.046786E-06	+3.558412E-06	+2.172684E-06	+8.896029E-07	-2.908317E-07	-1.368620E-06	-2.343762E-06	-3.216257E-06	-3.986105E-06	-4.653308E-06	-5.217863E-06	-5.679773E-06	-6.039035E-06	-6.295652E-06	-6.449621E-06	-6.500945E-06	-6.449621E-06	-6.295652E-06	-6.039035E-06	-5.679773E-06	-5.217863E-06	-4.653308E-06	-3.986105E-06	-3.216257E-06	-2.343762E-06	-1.368620E-06	-2.908317E-07	+8.896029E-07	+2.172684E-06	+3.558412E-06	+5.046786E-06	+6.637807E-06	+8.331474E-06	+1.012779E-05	+1.202675E-05	+1.202675E-05	+1.012779E-05	+8.331474E-06	+6.637807E-06	+5.046786E-06	+3.558412E-06	+2.172684E-06	+8.896029E-07	-2.908317E-07	-1.368620E-06	-2.343762E-06	-3.216257E-06	-3.986105E-06	-4.653308E-06	-5.217863E-06	-5.679773E-06	-6.039035E-06	-6.295652E-06	-6.449621E-06	-6.500945E-06	-6.449621E-06	-6.295652E-06	-6.039035E-06	-5.679773E-06	-5.217863E-06	-4.653308E-06	-3.986105E-06	-3.216257E-06	-2.343762E-06	-1.368620E-06	-2.908317E-07	+8.896029E-07	+2.172684E-06	+3.558412E-06	+5.046786E-06	+6.637807E-06	+8.331474E-06	+1.012779E-05	+1.202675E-05	+1.202675E-05	+1.012779E-05	+8.331474E-06	+6.637807E-06	+5.046786E-06	+3.558412E-06	+2.172684E-06	+8.896029E-07	-2.908317E-07	-1.368620E-06	-2.343762E-06	-3.216257E-06	-3.986105E-06	-4.653308E-06	-5.217863E-06	-5.679773E-06	-6.039035E-06	-6.295652E-06	-6.449621E-06	-6.500945E-06	-6.449621E-06	-6.295652E-06	-6.039035E-06	-5.679773E-06	-5.217863E-06	-4.653308E-06	-3.986105E-06	-3.216257E-06	-2.343762E-06	-1.368620E-06	-2.908317E-07	+8.896029E-07	+2.172684E-06	+3.558412E-06	+5.046786E-06	+6.637807E-06	+8.331474E-06	+1.012779E-05	+1.202675E-05	+1.202675E-05	+1.012779E-05	+8.331474E-06	+6.637807E-06	+5.046786E-06	+3.558412E-06	+2.172684E-06	+8.896029E-07	-2.908317E-07	-1.368620E-06	-2.343762E-06	-3.216257E-06	-3.986105E-06	-4.653308E-06	-5.217863E-06	-5.679773E-06	-6.039035E-06	-6.295652E-06	-6.449621E-06	-6.500945E-06	-6.449621E-06	-6.295652E-06	-6.039035E-06	-5.679773E-06	-5.217863E-06	-4.653308E-06	-3.986105E-06	-3.216257E-06	-2.343762E-06	-1.368620E-06	-2.908317E-07	+8.896029E-07	+2.172684E-06	+3.558412E-06	+5.046786E-06	+6.637807E-06	+8.331474E-06	+1.012779E-05	+1.202675E-05	+1.202675E-05	+1.012779E-05	+8.331474E-06	+6.637807E-06	+5.046786E-06	+3.558412E-06	+2.172684E-06	+8.896029E-07	-2.908317E-07	-1.368620E-06	-2.343762E-06	-3.216257E-06	-3.986105E-06	-4.653308E-06	-5.217863E-06	-5.679773E-06	-6.039035E-06	-6.295652E-06	-6.449621E-06	-6.500945E-06	-6.449621E-06	-6.295652E-06	-6.039035E-06	-5.679773E-06	-5.217863E-06	-4.653308E-06	-3.986105E-06	-3.216257E-06	-2.343762E-06	-1.368620E-06	-2.908317E-07	+8.896029E-07	+2.172684E-06	+3.558412E-06	+5.046786E-06	+6.637807E-06	+8.331474E-06	+1.012779E-05	+1.202675E-05	+1.202675E-05	+1.012779E-05	+8.331474E-06	+6.637807E-06	+5.046786E-06	+3.558412E-06	+2.172684E-06	+8.896029E-07	-2.908317E-07	-1.368620E-06	-2.343762E-06	-3.216257E-06	-3.986105E-06	-4.653308E-06	-5.217863E-06	-5.679773E-06	-6.039035E-06	-6.295652E-06	-6.449621E-06	-6.500945E-06	-6.449621E-06	-6.295652E-06	-6.039035E-06	-5.679773E-06	-5.217863E-06	-4.653308E-06	-3.986105E-06	-3.216257E-06	-2.343762E-06	-1.368620E-06	-2.908317E-07	+8.896029E-07	+2.172684E-06	+3.558412E-06	+5.046786E-06	+6.637807E-06	+8.331474E-06	+1.012779E-05	+1.202675E-05	+1.202675E-05	+1.012779E-05	+8.331474E-06	+6.637807E-06	+5.046786E-06	+3.558412E-06	+2.172684E-06	+8.896029E-07	-2.908317E-07	-1.368620E-06	-2.343762E-06	-3.216257E-06	-3.986105E-06	-4.653308E-06	-5.217863E-06	-5.679773E-06	-6.039035E-06	-6.295652E-06	-6.449621E-06	-6.500945E-06	-6.449621E-06	-6.295652E-06	-6.039035E-06	-5.679773E-06	-5.217863E-06	-4.653308E-06	-3.986105E-06	-3.216257E-06	-2.343762E-06	-1.368620E-06	-2.908317E-07	+8.896029E-07	+2.172684E-06	+3.558412E-06	+5.046786E-06	+6.637807E-06	+8.331474E-06	+1.012779E-05	+1.202675E-05	+1.202675E-05	+1.012779E-05	+8.331474E-06	+6.637807E-06	+5.046786E-06	+3.558412E-06	+2.172684E-06	+8.896029E-07	-2.908317E-07	-1.368620E-06	-2.343762E-06	-3.216257E-06	-3.986105E-06	-4.653308E-06	-5.217863E-06	-5.679773E-06	-6.039035E-06	-6.295652E-06	-6.449621E-06	-6.500945E-06	-6.449621E-06	-6.295652E-06	-6.039035E-06	-5.679773E-06	-5.217863E-06	-4.653308E-06	-3.986105E-06	-3.216257E-06	-2.343762E-06	-1.368620E-06	-2.908317E-07	+8.896029E-07	+2.172684E-06	+3.558412E-06	+5.046786E-06	+6.637807E-06	+8.331474E-06	+1.012779E-05	+1.202675E-05	+1.202675E-05	+1.012779E-05	+8.331474E-06	+6.637807E-06	+5.046786E-06	+3.558412E-06	+2.172684E-06	+8.896029E-07	-2.908317E-07	-1.368620E-06	-2.343762E-06	-3.216257E-06	-3.986105E-06	-4.653308E-06	-5.217863E-06	-5.679773E-06	-6.039035E-06	-6.295652E-06	-6.449621E-06	-6.500945E-06	-6.449621E-06	-6.295652E-06	-6.039035E-06	-5.679773E-06	-5.217863E-06	-4.653308E-06	-3.986105E-06	-3.216257E-06	-2.343762E-06	-1.368620E-06	-2.908317E-07	+8.896029E-07	+2.172684E-06	+3.558412E-06	+5.046786E-06	+6.637807E-06	+8.331474E-06	+1.012779E-05	+1.202675E-05	+1.202675E-05	+1.012779E-05	+8.331474E-06	+6.637807E-06	+5.046786E-06	+3.558412E-06	+2.172684E-06	+8.896029E-07	-2.908317E-07	-1.368620E-06	-2.343762E-06	-3.216257E-06	-3.986105E-06	-4.653308E-06	-5.217863E-06	-5.679773E-06	-6.039035E-06	-6.295652E-06	-6.449621E-06	-6.500945E-06	-6.449621E-06	-6.295652E-06	-6.039035E-06	-5.679773E-06	-5.217863E-06	-4.653308E-06	-3.986105E-06	-3.216257E-06	-2.343762E-06	-1.368620E-06	-2.908317E-07	+8.896029E-07	+2.172684E-06	+3.558412E-06	+5.046786E-06	+6.637807E-06	+8.331474E-06	+1.012779E-05	+1.202675E-05	+1.202675E-05	+1.012779E-05	+8.331474E-06	+6.637807E-06	+5.046786E-06	+3.558412E-06	+2.172684E-06	+8.896029E-07	-2.908317E-07	-1.368620E-06	-2.343762E-06	-3.216257E-06	-3.986105E-06	-4.653308E-06	-5.217863E-06	-5.679773E-06	-6.039035E-06	-6.295652E-06	-6.449621E-06	-6.500945E-06	-6.449621E-06	-6.295652E-06	-6.039035E-06	-5.679773E-06	-5.217863E-06	-4.653308E-06	-3.986105E-06	-3.216257E-06	-2.343762E-06	-1.368620E-06	-2.908317E-07	+8.896029E-07	+2.172684E-06	+3.558412E-06	+5.046786E-06	+6.637807E-06	+8.331474E-06	+1.012779E-05	+1.202675E-05	+1.202675E-05	+1.012779E-05	+8.331474E-06	+6.637807E-06	+5.046786E-06	+3.558412E-06	+2.172684E-06	+8.896029E-07	-2.908317E-07	-1.368620E-06	-2.343762E-06	-3.216257E-06	-3.986105E-06	-4.653308E-06	-5.217863E-06	-5.679773E-06	-6.039035E-06	-6.295652E-06	-6.449621E-06	-6.500945E-06	-6.449621E-06	-6.295652E-06	-6.039035E-06	-5.679773E-06	-5.217863E-06	-4.653308E-06	-3.986105E-06	-3.216257E-06	-2.343762E-06	-1.368620E-06	-2.908317E-07	+8.896029E-07	+2.172684E-06	+3.558412E-06	+5.046786E-06	+6.637807E-06	+8.331474E-06	+1.012779E-05	+1.202675E-05	+1.202675E-05	+1.012779E-05	+8.331474E-06	+6.637807E-06	+5.046786E-06	+3.558412E-06	+2.172684E-06	+8.896029E-07	-2.908317E-07	-1.368620E-06	-2.343762E-06	-3.216257E-06	-3.986105E-06	-4.653308E-06	-5.217863E-06	-5.679773E-06	-6.039035E-06	-6.295652E-06	-6.449621E-06	-6.500945E-06	-6.449621E-06	-6.295652E-06	-6.039035E-06	-5.679773E-06	-5.217863E-06	-4.653308E-06	-3.986105E-06	-3.216257E-06	-2.343762E-06	-1.368620E-06	-2.908317E-07	+8.896029E-07	+2.172684E-06	+3.558412E-06	+5.046786E-06	+6.637807E-06	+8.331474E-06	+1.012779E-05	+1.202675E-05	+1.202675E-05	+1.012779E-05	+8.331474E-06	+6.637807E-06	+5.046786E-06	+3.558412E-06	+2.172684E-06	+8.896029E-07	-2.908317E-07	-1.368620E-06	-2.343762E-06	-3.216257E-06	-3.986105E-06	-4.653308E-06	-5.217863E-06	-5.679773E-06	-6.039035E-06	-6.295652E-06	-6.449621E-06	-6.500945E-06	-6.449621E-06	-6.295652E-06	-6.039035E-06	-5.679773E-06	-5.217863E-06	-4.653308E-06	-3.986105E-06	-3.216257E-06	-2.343762E-06	-1.368620E-06	-2.908317E-07	+8.896029E-07	+2.172684E-06	+3.558412E-06	+5.046786E-06	+6.637807E-06	+8.331474E-06	+1.012779E-05	+1.202675E-05	+1.202675E-05	+1.012779E-05	+8.331474E-06	+6.637807E-06	+5.046786E-06	+3.558412E-06	+2.172684E-06	+8.896029E-07	-2.908317E-07	-1.368620E-06	-2.343762E-06	-3.216257E-06	-3.986105E-06	-4.653308E-06	-5.217863E-06	-5.679773E-06	-6.039035E-06	-6.295652E-06	-6.449621E-06	-6.500945E-06	-6.449621E-06	-6.295652E-06	-6.039035E-06	-5.679773E-06	-5.217863E-06	-4.653308E-06	-3.986105E-06	-3.216257E-06	-2.343762E-06	-1.368620E-06	-2.908317E-07	+8.896029E-07	+2.172684E-06	+3.558412E-06	+5.046786E-06	+6.637807E-06	+8.331474E-06	+1.012779E-05	+1.202675E-05	+1.202675E-05	+1.012779E-05	+8.331474E-06	+6.637807E-06	+5.046786E-06	+3.558412E-06	+2.172684E-06	+8.896029E-07	-2.908317E-07	-1.368620E-06	-2.343762E-06	-3.216257E-06	-3.986105E-06	-4.653308E-06	-5.217863E-06	-5.679773E-06	-6.039035E-06	-6.295652E-06	-6.449621E-06	-6.500945E-06	-6.449621E-06	-6.295652E-06	-6.039035E-06	-5.679773E-06	-5.217863E-06	-4.653308E-06	-3.986105E-06	-3.216257E-06	-2.343762E-06	-1.368620E-06	-2.908317E-07	+8.896029E-07	+2.172684E-06	+3.558412E-06	+5.046786E-06	+6.637807E-06	+8.331474E-06	+1.012779E-05	+1.202675E-05	+1.202675E-05	+1.012779E-05	+8.331474E-06	+6.637807E-06	+5.046786E-06	+3.558412E-06	+2.172684E-06	+8.896029E-07	-2.908317E-07	-1.368620E-06	-2.343762E-06	-3.216257E-06	-3.986105E-06	-4.653308E-06	-5.217863E-06	-5.679773E-06	-6.039035E-06	-6.295652E-06	-6.449621E-06	-6.500945E-06	-6.449621E-06	-6.295652E-06	-6.039035E-06	-5.679773E-06	-5.217863E-06	-4.653308E-06	-3.986105E-06	-3.216257E-06	-2.343762E-06	-1.368620E-06	-2.908317E-07	+8.896029E-07	+2.172684E-06	+3.558412E-06	+5.046786E-06	+6.637807E-06	+8.331474E-06	+1.012779E-05	+1.202675E-05	+1.202675E-05	+1.012779E-05	+8.331474E-06	+6.637807E-06	+5.046786E-06	+3.558412E-06	+2.172684E-06	+8.896029E-07	-2.908317E-07	-1.368620E-06	-2.343762E-06	-3.216257E-06	-3.986105E-06	-4.653308E-06	-5.217863E-06	-5.679773E-06	-6.039035E-06	-6.295652E-06	-6.449621E-06	-6.500945E-06	-6.449621E-06	-6.295652E-06	-6.039035E-06	-5.679773E-06	-5.217863E-06	-4.653308E-06	-3.986105E-06	-3.216257E-06	-2.343762E-06	-1.368620E-06	-2.908317E-07	+8.896029E-07	+2.172684E-06	+3.558412E-06	+5.046786E-06	+6.637807E-06	+8.331474E-06	+1.012779E-05	+1.202675E-05	+1.202675E-05	+1.012779E-05	+8.331474E-06	+6.637807E-06	+5.046786E-06	+3.558412E-06	+2.172684E-06	+8.896029E-07	-2.908317E-07	-1.368620E-06	-2.343762E-06	-3.216257E-06	-3.986105E-06	-4.653308E-06	-5.217863E-06	-5.679773E-06	-6.039035E-06	-6.295652E-06	-6.449621E-06	-6.500945E-06
	A	-1.336305E-06	-9.143141E-07	-5.493488E-07	-2.382412E-07	+2.217671E-08	+2.350731E-07	+4.036162E-07	+5.309738E-07	+6.203143E-07	+6.748057E-07	+6.976160E-07	+6.919134E-07	+6.608660E-07	+6.076419E-07	+5.354092E-07	+4.473360E-07	+3.465903E-07	+2.363404E-07	+1.197542E-07	+0.000000E+00	-1.197542E-07	-2.363404E-07	-3.465903E-07	-4.473360E-07	-5.354092E-07	-6.076419E-07	-6.608660E-07	-6.919134E-07	-6.976160E-07	-6.748057E-07	-6.203143E-07	-5.309738E-07	-4.036162E-07	-2.350731E-07	-2.217671E-08	+2.382412E-07	+5.493488E-07	+9.143141E-07	+1.336305E-06	-1.336305E-06	-9.143141E-07	-5.493488E-07	-2.382412E-07	+2.217671E-08	+2.350731E-07	+4.036162E-07	+5.309738E-07	+6.203143E-07	+6.748057E-07	+6.976160E-07	+6.919134E-07	+6.608660E-07	+6.076419E-07	+5.354092E-07	+4.473360E-07	+3.465903E-07	+2.363404E-07	+1.197542E-07	+0.000000E+00	-1.197542E-07	-2.363404E-07	-3.465903E-07	-4.473360E-07	-5.354092E-07	-6.076419E-07	-6.608660E-07	-6.919134E-07	-6.976160E-07	-6.748057E-07	-6.203143E-07	-5.309738E-07	-4.036162E-07	-2.350731E-07	-2.217671E-08	+2.382412E-07	+5.493488E-07	+9.143141E-07	+1.336305E-06	-1.336305E-06	-9.143141E-07	-5.493488E-07	-2.382412E-07	+2.217671E-08	+2.350731E-07	+4.036162E-07	+5.309738E-07	+6.203143E-07	+6.748057E-07	+6.976160E-07	+6.919134E-07	+6.608660E-07	+6.076419E-07	+5.354092E-07	+4.473360E-07	+3.465903E-07	+2.363404E-07	+1.197542E-07	+0.000000E+00	-1.197542E-07	-2.363404E-07	-3.465903E-07	-4.473360E-07	-5.354092E-07	-6.076419E-07	-6.608660E-07	-6.919134E-07	-6.976160E-07	-6.748057E-07	-6.203143E-07	-5.309738E-07	-4.036162E-07	-2.350731E-07	-2.217671E-08	+2.382412E-07	+5.493488E-07	+9.143141E-07	+1.336305E-06	-1.336305E-06	-9.143141E-07	-5.493488E-07	-2.382412E-07	+2.217671E-08	+2.350731E-07	+4.036162E-07	+5.309738E-07	+6.203143E-07	+6.748057E-07	+6.976160E-07	+6.919134E-07	+6.608660E-07	+6.076419E-07	+5.354092E-07	+4.473360E-07	+3.465903E-07	+2.363404E-07	+1.197542E-07	+0.000000E+00	-1.197542E-07	-2.363404E-07	-3.465903E-07	-4.473360E-07	-5.354092E-07	-6.076419E-07	-6.608660E-07	-6.919134E-07	-6.976160E-07	-6.748057E-07	-6.203143E-07	-5.309738E-07	-4.036162E-07	-2.350731E-07	-2.217671E-08	+2.382412E-07	+5.493488E-07	+9.143141E-07	+1.336305E-06	-1.336305E-06	-9.143141E-07	-5.493488E-07	-2.382412E-07	+2.217671E-08	+2.350731E-07	+4.036162E-07	+5.309738E-07	+6.203143E-07	+6.748057E-07	+6.976160E-07	+6.919134E-07	+6.608660E-07	+6.076419E-07	+5.354092E-07	+4.473360E-07	+3.465903E-07	+2.363404E-07	+1.197542E-07	+0.000000E+00	-1.197542E-07	-2.363404E-07	-3.465903E-07	-4.473360E-07	-5.354092E-07	-6.076419E-07	-6.608660E-07	-6.919134E-07	-6.976160E-07	-6.748057E-07	-6.203143E-07	-5.309738E-07	-4.036162E-07	-2.350731E-07	-2.217671E-08	+2.382412E-07	+5.493488E-07	+9.143141E-07	+1.336305E-06	-1.336305E-06	-9.143141E-07	-5.493488E-07	-2.382412E-07	+2.217671E-08	+2.350731E-07	+4.036162E-07	+5.309738E-07	+6.203143E-07	+6.748057E-07	+6.976160E-07	+6.919134E-07	+6.608660E-07	+6.076419E-07	+5.354092E-07	+4.473360E-07	+3.465903E-07	+2.363404E-07	+1.197542E-07	+0.000000E+00	-1.197542E-07	-2.363404E-07	-3.465903E-07	-4.473360E-07	-5.354092E-07	-6.076419E-07	-6.608660E-07	-6.919134E-07	-6.976160E-07	-6.748057E-07	-6.203143E-07	-5.309738E-07	-4.036162E-07	-2.350731E-07	-2.217671E-08	+2.382412E-07	+5.493488E-07	+9.143141E-07	+1.336305E-06	-1.336305E-06	-9.143141E-07	-5.493488E-07	-2.382412E-07	+2.217671E-08	+2.350731E-07	+4.036162E-07	+5.309738E-07	+6.203143E-07	+6.748057E-07	+6.976160E-07	+6.919134E-07	+6.608660E-07	+6.076419E-07	+5.354092E-07	+4.473360E-07	+3.465903E-07	+2.363404E-07	+1.197542E-07	+0.000000E+00	-1.197542E-07	-2.363404E-07	-3.465903E-07	-4.473360E-07	-5.354092E-07	-6.076419E-07	-6.608660E-07	-6.919134E-07	-6.976160E-07	-6.748057E-07	-6.203143E-07	-5.309738E-07	-4.036162E-07	-2.350731E-07	-2.217671E-08	+2.382412E-07	+5.493488E-07	+9.143141E-07	+1.336305E-06	-1.336305E-06	-9.143141E-07	-5.493488E-07	-2.382412E-07	+2.217671E-08	+2.350731E-07	+4.036162E-07	+5.309738E-07	+6.203143E-07	+6.748057E-07	+6.976160E-07	+6.919134E-07	+6.608660E-07	+6.076419E-07	+5.354092E-07	+4.473360E-07	+3.465903E-07	+2.363404E-07	+1.197542E-07	+0.000000E+00	-1.197542E-07	-2.363404E-07	-3.465903E-07	-4.473360E-07	-5.354092E-07	-6.076419E-07	-6.608660E-07	-6.919134E-07	-6.976160E-07	-6.748057E-07	-6.203143E-07	-5.309738E-07	-4.036162E-07	-2.350731E-07	-2.217671E-08	+2.382412E-07	+5.493488E-07	+9.143141E-07	+1.336305E-06	-1.336305E-06	-9.143141E-07	-5.493488E-07	-2.382412E-07	+2.217671E-08	+2.350731E-07	+4.036162E-07	+5.309738E-07	+6.203143E-07	+6.748057E-07	+6.976160E-07	+6.919134E-07	+6.608660E-07	+6.076419E-07	+5.354092E-07	+4.473360E-07	+3.465903E-07	+2.363404E-07	+1.197542E-07	+0.000000E+00	-1.197542E-07	-2.363404E-07	-3.465903E-07	-4.473360E-07	-5.354092E-07	-6.076419E-07	-6.608660E-07	-6.919134E-07	-6.976160E-07	-6.748057E-07	-6.203143E-07	-5.309738E-07	-4.036162E-07	-2.350731E-07	-2.217671E-08	+2.382412E-07	+5.493488E-07	+9.143141E-07	+1.336305E-06	-1.336305E-06	-9.143141E-07	-5.493488E-07	-2.382412E-07	+2.217671E-08	+2.350731E-07	+4.036162E-07	+5.309738E-07	+6.203143E-07	+6.748057E-07	+6.976160E-07	+6.919134E-07	+6.608660E-07	+6.076419E-07	+5.354092E-07	+4.473360E-07	+3.465903E-07	+2.363404E-07	+1.197542E-07	+0.000000E+00	-1.197542E-07	-2.363404E-07	-3.465903E-07	-4.473360E-07	-5.354092E-07	-6.076419E-07	-6.608660E-07	-6.919134E-07	-6.976160E-07	-6.748057E-07	-6.203143E-07	-5.309738E-07	-4.036162E-07	-2.350731E-07	-2.217671E-08	+2.382412E-07	+5.493488E-07	+9.143141E-07	+1.336305E-06	-1.336305E-06	-9.143141E-07	-5.493488E-07	-2.382412E-07	+2.217671E-08	+2.350731E-07	+4.036162E-07	+5.309738E-07	+6.203143E-07	+6.748057E-07	+6.976160E-07	+6.919134E-07	+6.608660E-07	+6.076419E-07	+5.354092E-07	+4.473360E-07	+3.465903E-07	+2.363404E-07	+1.197542E-07	+0.000000E+00	-1.197542E-07	-2.363404E-07	-3.465903E-07	-4.473360E-07	-5.354092E-07	-6.076419E-07	-6.608660E-07	-6.919134E-07	-6.976160E-07	-6.748057E-07	-6.203143E-07	-5.309738E-07	-4.036162E-07	-2.350731E-07	-2.217671E-08	+2.382412E-07	+5.493488E-07	+9.143141E-07	+1.336305E-06	-1.336305E-06	-9.143141E-07	-5.493488E-07	-2.382412E-07	+2.217671E-08	+2.350731E-07	+4.036162E-07	+5.309738E-07	+6.203143E-07	+6.748057E-07	+6.976160E-07	+6.919134E-07	+6.608660E-07	+6.076419E-07	+5.354092E-07	+4.473360E-07	+3.465903E-07	+2.363404E-07	+1.197542E-07	+0.000000E+00	-1.197542E-07	-2.363404E-07	-3.465903E-07	-4.473360E-07	-5.354092E-07	-6.076419E-07	-6.608660E-07	-6.919134E-07	-6.976160E-07	-6.748057E-07	-6.203143E-07	-5.309738E-07	-4.036162E-07	-2.350731E-07	-2.217671E-08	+2.382412E-07	+5.493488E-07	+9.143141E-07	+1.336305E-06	-1.336305E-06	-9.143141E-07	-5.493488E-07	-2.382412E-07	+2.217671E-08	+2.350731E-07	+4.036162E-07	+5.309738E-07	+6.203143E-07	+6.748057E-07	+6.976160E-07	+6.919134E-07	+6.608660E-07	+6.076419E-07	+5.354092E-07	+4.473360E-07	+3.465903E-07	+2.363404E-07	+1.197542E-07	+0.000000E+00	-1.197542E-07	-2.363404E-07	-3.465903E-07	-4.473360E-07	-5.354092E-07	-6.076419E-07	-6.608660E-07	-6.919134E-07	-6.976160E-07	-6.748057E-07	-6.203143E-07	-5.309738E-07	-4.036162E-07	-2.350731E-07	-2.217671E-08	+2.382412E-07	+5.493488E-07	+9.143141E-07	+1.336305E-06	-1.336305E-06	-9.143141E-07	-5.493488E-07	-2.382412E-07	+2.217671E-08	+2.350731E-07	+4.036162E-07	+5.309738E-07	+6.203143E-07	+6.748057E-07	+6.976160E-07	+6.919134E-07	+6.608660E-07	+6.076419E-07	+5.354092E-07	+4.473360E-07	+3.465903E-07	+2.363404E-07	+1.197542E-07	+0.000000E+00	-1.197542E-07	-2.363404E-07	-3.465903E-07	-4.473360E-07	-5.354092E-07	-6.076419E-07	-6.608660E-07	-6.919134E-07	-6.976160E-07	-6.748057E-07	-6.203143E-07	-5.309738E-07	-4.036162E-07	-2.350731E-07	-2.217671E-08	+2.382412E-07	+5.493488E-07	+9.143141E-07	+1.336305E-06	-1.336305E-06	-9.143141E-07	-5.493488E-07	-2.382412E-07	+2.217671E-08	+2.350731E-07	+4.036162E-07	+5.309738E-07	+6.203143E-07	+6.748057E-07	+6.976160E-07	+6.919134E-07	+6.608660E-07	+6.076419E-07	+5.354092E-07	+4.473360E-07	+3.465903E-07	+2.363404E-07	+1.197542E-07	+0.000000E+00	-1.197542E-07	-2.363404E-07	-3.465903E-07	-4.473360E-07	-5.354092E-07	-6.076419E-07	-6.608660E-07	-6.919134E-07	-6.976160E-07	-6.748057E-07	-6.203143E-07	-5.309738E-07	-4.036162E-07	-2.350731E-07	-2.217671E-08	+2.382412E-07	+5.493488E-07	+9.143141E-07	+1.336305E-06	-1.336305E-06	-9.143141E-07	-5.493488E-07	-2.382412E-07	+2.217671E-08	+2.350731E-07	+4.036162E-07	+5.309738E-07	+6.203143E-07	+6.748057E-07	+6.976160E-07	+6.919134E-07	+6.608660E-07	+6.076419E-07	+5.354092E-07	+4.473360E-07	+3.465903E-07	+2.363404E-07	+1.197542E-07	+0.000000E+00	-1.197542E-07	-2.363404E-07	-3.465903E-07	-4.473360E-07	-5.354092E-07	-6.076419E-07	-6.608660E-07	-6.919134E-07	-6.976160E-07	-6.748057E-07	-6.203143E-07	-5.309738E-07	-4.036162E-07	-2.350731E-07	-2.217671E-08	+2.382412E-07	+5.493488E-07	+9.143141E-07	+1.336305E-06	-1.336305E-06	-9.143141E-07	-5.493488E-07	-2.382412E-07	+2.217671E-08	+2.350731E-07	+4.036162E-07	+5.309738E-07	+6.203143E-07	+6.748057E-07	+6.976160E-07	+6.919134E-07	+6.608660E-07	+6.076419E-07	+5.354092E-07	+4.473360E-07	+3.465903E-07	+2.363404E-07	+1.197542E-07	+0.000000E+00	-1.197542E-07	-2.363404E-07	-3.465903E-07	-4.473360E-07	-5.354092E-07	-6.076419E-07	-6.608660E-07	-6.919134E-07	-6.976160E-07	-6.748057E-07	-6.203143E-07	-5.309738E-07	-4.036162E-07	-2.350731E-07	-2.217671E-08	+2.382412E-07	+5.493488E-07	+9.143141E-07	+1.336305E-06	-1.336305E-06	-9.143141E-07	-5.493488E-07	-2.382412E-07	+2.217671E-08	+2.350731E-07	+4.036162E-07	+5.309738E-07	+6.203143E-07	+6.748057E-07	+6.976160E-07	+6.919134E-07	+6.608660E-07	+6.076419E-07	+5.354092E-07	+4.473360E-07	+3.465903E-07	+2.363404E-07	+1.197542E-07	+0.000000E+00	-1.197542E-07	-2.363404E-07	-3.465903E-07	-4.473360E-07	-5.354092E-07	-6.076419E-07	-6.608660E-07	-6.919134E-07	-6.976160E-07	-6.748057E-07	-6.203143E-07	-5.309738E-07	-4.036162E-07	-2.350731E-07	-2.217671E-08	+2.382412E-07	+5.493488E-07	+9.143141E-07	+1.336305E-06	-1.336305E-06	-9.143141E-07	-5.493488E-07	-2.382412E-07	+2.217671E-08	+2.350731E-07	+4.036162E-07	+5.309738E-07	+6.203143E-07	+6.748057E-07	+6.976160E-07	+6.919134E-07	+6.608660E-07	+6.076419E-07	+5.354092E-07	+4.473360E-07	+3.465903E-07	+2.363404E-07	+1.197542E-07	+0.000000E+00	-1.197542E-07	-2.363404E-07	-3.465903E-07	-4.473360E-07	-5.354092E-07	-6.076419E-07	-6.608660E-07	-6.919134E-07	-6.976160E-07	-6.748057E-07	-6.203143E-07	-5.309738E-07	-4.036162E-07	-2.350731E-07	-2.217671E-08	+2.382412E-07	+5.493488E-07	+9.143141E-07	+1.336305E-06	-1.336305E-06	-9.143141E-07	-5.493488E-07	-2.382412E-07	+2.217671E-08	+2.350731E-07	+4.036162E-07	+5.309738E-07	+6.203143E-07	+6.748057E-07	+6.976160E-07	+6.919134E-07	+6.608660E-07	+6.076419E-07	+5.354092E-07	+4.473360E-07	+3.465903E-07	+2.363404E-07	+1.197542E-07	+0.000000E+00
	A	+1.298889E-04	+9.380863E-05	+5.967867E-05	+2.749900E-05	-2.730397E-06	-3.100951E-05	-5.733833E-05	-8.171687E-05	-1.041451E-04	-1.246231E-04	-1.431508E-04	-1.597282E-04	-1.743553E-04	-1.870322E-04	-1.977587E-04	-2.065350E-04	-2.133610E-04	-2.182367E-04	-2.211621E-04	-2.221373E-04	-2.211621E-04	-2.182367E-04	-2.133610E-04	-2.065350E-04	-1.977587E-04	-1.870322E-04	-1.743553E-04	-1.597282E-04	-1.431508E-04	-1.246231E-04	-1.041451E-04	-8.171687E-05	-5.733833E-05	-3.100951E-05	-2.730397E-06	+2.749900E-05	+5.967867E-05	+9.380863E-05	+1.298889E-04	+1.230526E-04	+8.887133E-05	+5.653769E-05	+2.605168E-05	-2.586692E-06	-2.937743E-05	-5.432052E-05	-7.741599E-05	-9.866381E-05	-1.180640E-04	-1.356165E-04	-1.513215E-04	-1.651787E-04	-1.771884E-04	-1.873504E-04	-1.956647E-04	-2.021315E-04	-2.067506E-04	-2.095220E-04	-2.104458E-04	-2.095220E-04	-2.067506E-04	-2.021315E-04	-1.956647E-04	-1.873504E-04	-1.771884E-04	-1.651787E-04	-1.513215E-04	-1.356165E-04	-1.180640E-04	-9.866381E-05	-7.741599E-05	-5.432052E-05	-2.937743E-05	-2.586692E-06	+2.605168E-05	+5.653769E-05	+8.887133E-05	+1.230526E-04	+1.162164E-04	+8.393404E-05	+5.339671E-05	+2.460436E-05	-2.442987E-06	-2.774535E-05	-5.130272E-05	-7.311510E-05	-9.318249E-05	-1.115049E-04	-1.280823E-04	-1.429147E-04	-1.560021E-04	-1.673446E-04	-1.769420E-04	-1.847945E-04	-1.909019E-04	-1.952644E-04	-1.978819E-04	-1.987544E-04	-1.978819E-04	-1.952644E-04	-1.909019E-04	-1.847945E-04	-1.769420E-04	-1.673446E-04	-1.560021E-04	-1.429147E-04	-1.280823E-04	-1.115049E-04	-9.318249E-05	-7.311510E-05	-5.130272E-05	-2.774535E-05	-2.442987E-06	+2.460436E-05	+5.339671E-05	+8.393404E-05	+1.162164E-04	+1.093801E-04	+7.899674E-05	+5.025572E-05	+2.315705E-05	-2.299281E-06	-2.611327E-05	-4.828491E-05	-6.881421E-05	-8.770116E-05	-1.049458E-04	-1.205480E-04	-1.345080E-04	-1.468255E-04	-1.575008E-04	-1.665337E-04	-1.739242E-04	-1.796724E-04	-1.837783E-04	-1.862418E-04	-1.870630E-04	-1.862418E-04	-1.837783E-04	-1.796724E-04	-1.739242E-04	-1.665337E-04	-1.575008E-04	-1.468255E-04	-1.345080E-04	-1.205480E-04	-1.049458E-04	-8.770116E-05	-6.881421E-05	-4.828491E-05	-2.611327E-05	-2.299281E-06	+2.315705E-05	+5.025572E-05	+7.899674E-05	+1.093801E-04	+1.025438E-04	+7.405945E-05	+4.711474E-05	+2.170973E-05	-2.155576E-06	-2.448119E-05	-4.526710E-05	-6.451332E-05	-8.221984E-05	-9.838666E-05	-1.130138E-04	-1.261012E-04	-1.376489E-04	-1.476570E-04	-1.561253E-04	-1.630540E-04	-1.684429E-04	-1.722921E-04	-1.746017E-04	-1.753715E-04	-1.746017E-04	-1.722921E-04	-1.684429E-04	-1.630540E-04	-1.561253E-04	-1.476570E-04	-1.376489E-04	-1.261012E-04	-1.130138E-04	-9.838666E-05	-8.221984E-05	-6.451332E-05	-4.526710E-05	-2.448119E-05	-2.155576E-06	+2.170973E-05	+4.711474E-05	+7.405945E-05	+1.025438E-04	+9.570759E-05	+6.912215E-05	+4.397376E-05	+2.026242E-05	-2.011871E-06	-2.284911E-05	-4.224930E-05	-6.021243E-05	-7.673852E-05	-9.182755E-05	-1.054795E-04	-1.176945E-04	-1.284724E-04	-1.378132E-04	-1.457170E-04	-1.521837E-04	-1.572134E-04	-1.608060E-04	-1.629616E-04	-1.636801E-04	-1.629616E-04	-1.608060E-04	-1.572134E-04	-1.521837E-04	-1.457170E-04	-1.378132E-04	-1.284724E-04	-1.176945E-04	-1.054795E-04	-9.182755E-05	-7.673852E-05	-6.021243E-05	-4.224930E-05	-2.284911E-05	-2.011871E-06	+2.026242E-05	+4.397376E-05	+6.912215E-05	+9.570759E-05	+8.887133E-05	+6.418485E-05	+4.083278E-05	+1.881510E-05	-1.868166E-06	-2.121703E-05	-3.923149E-05	-5.591155E-05	-7.125720E-05	-8.526844E-05	-9.794528E-05	-1.092877E-04	-1.192958E-04	-1.279694E-04	-1.353086E-04	-1.413134E-04	-1.459838E-04	-1.493199E-04	-1.513215E-04	-1.519887E-04	-1.513215E-04	-1.493199E-04	-1.459838E-04	-1.413134E-04	-1.353086E-04	-1.279694E-04	-1.192958E-04	-1.092877E-04	-9.794528E-05	-8.526844E-05	-7.125720E-05	-5.591155E-05	-3.923149E-05	-2.121703E-05	-1.868166E-06	+1.881510E-05	+4.083278E-05	+6.418485E-05	+8.887133E-05	+8.203508E-05	+5.924756E-05	+3.769179E-05	+1.736779E-05	-1.724461E-06	-1.958495E-05	-3.621368E-05	-5.161066E-05	-6.577587E-05	-7.870933E-05	-9.041103E-05	-1.008810E-04	-1.101192E-04	-1.181256E-04	-1.249003E-04	-1.304432E-04	-1.347543E-04	-1.378337E-04	-1.396813E-04	-1.402972E-04	-1.396813E-04	-1.378337E-04	-1.347543E-04	-1.304432E-04	-1.249003E-04	-1.181256E-04	-1.101192E-04	-1.008810E-04	-9.041103E-05	-7.870933E-05	-6.577587E-05	-5.161066E-05	-3.621368E-05	-1.958495E-05	-1.724461E-06	+1.736779E-05	+3.769179E-05	+5.924756E-05	+8.203508E-05	+7.519882E-05	+5.431026E-05	+3.455081E-05	+1.592047E-05	-1.580756E-06	-1.795287E-05	-3.319588E-05	-4.730977E-05	-6.029455E-05	-7.215022E-05	-8.287678E-05	-9.247423E-05	-1.009426E-04	-1.082818E-04	-1.144919E-04	-1.195729E-04	-1.235248E-04	-1.263476E-04	-1.280412E-04	-1.286058E-04	-1.280412E-04	-1.263476E-04	-1.235248E-04	-1.195729E-04	-1.144919E-04	-1.082818E-04	-1.009426E-04	-9.247423E-05	-8.287678E-05	-7.215022E-05	-6.029455E-05	-4.730977E-05	-3.319588E-05	-1.795287E-05	-1.580756E-06	+1.592047E-05	+3.455081E-05	+5.431026E-05	+7.519882E-05	+6.836256E-05	+4.937296E-05	+3.140983E-05	+1.447316E-05	-1.437051E-06	-1.632079E-05	-3.017807E-05	-4.300888E-05	-5.481323E-05	-6.559111E-05	-7.534253E-05	-8.406748E-05	-9.176597E-05	-9.843799E-05	-1.040835E-04	-1.087026E-04	-1.122953E-04	-1.148614E-04	-1.164011E-04	-1.169144E-04	-1.164011E-04	-1.148614E-04	-1.122953E-04	-1.087026E-04	-1.040835E-04	-9.843799E-05	-9.176597E-05	-8.406748E-05	-7.534253E-05	-6.559111E-05	-5.481323E-05	-4.300888E-05	-3.017807E-05	-1.632079E-05	-1.437051E-06	+1.447316E-05	+3.140983E-05	+4.937296E-05	+6.836256E-05	+6.152631E-05	+4.443567E-05	+2.826884E-05	+1.302584E-05	-1.293346E-06	-1.468871E-05	-2.716026E-05	-3.870799E-05	-4.933190E-05	-5.903200E-05	-6.780827E-05	-7.566073E-05	-8.258937E-05	-8.859419E-05	-9.367519E-05	-9.783237E-05	-1.010657E-04	-1.033753E-04	-1.047610E-04	-1.052229E-04	-1.047610E-04	-1.033753E-04	-1.010657E-04	-9.783237E-05	-9.367519E-05	-8.859419E-05	-8.258937E-05	-7.566073E-05	-6.780827E-05	-5.903200E-05	-4.933190E-05	-3.870799E-05	-2.716026E-05	-1.468871E-05	-1.293346E-06	+1.302584E-05	+2.826884E-05	+4.443567E-05	+6.152631E-05	+5.469005E-05	+3.949837E-05	+2.512786E-05	+1.157852E-05	-1.149641E-06	-1.305663E-05	-2.414246E-05	-3.440710E-05	-4.385058E-05	-5.247289E-05	-6.027402E-05	-6.725398E-05	-7.341277E-05	-7.875039E-05	-8.326684E-05	-8.696211E-05	-8.983621E-05	-9.188914E-05	-9.312090E-05	-9.353148E-05	-9.312090E-05	-9.188914E-05	-8.983621E-05	-8.696211E-05	-8.326684E-05	-7.875039E-05	-7.341277E-05	-6.725398E-05	-6.027402E-05	-5.247289E-05	-4.385058E-05	-3.440710E-05	-2.414246E-05	-1.305663E-05	-1.149641E-06	+1.157852E-05	+2.512786E-05	+3.949837E-05	+5.469005E-05	+4.785380E-05	+3.456107E-05	+2.198688E-05	+1.013121E-05	-1.005936E-06	-1.142455E-05	-2.112465E-05	-3.010622E-05	-3.836926E-05	-4.591378E-05	-5.273977E-05	-5.884723E-05	-6.423618E-05	-6.890659E-05	-7.285848E-05	-7.609185E-05	-7.860668E-05	-8.040300E-05	-8.148079E-05	-8.184005E-05	-8.148079E-05	-8.040300E-05	-7.860668E-05	-7.609185E-05	-7.285848E-05	-6.890659E-05	-6.423618E-05	-5.884723E-05	-5.273977E-05	-4.591378E-05	-3.836926E-05	-3.010622E-05	-2.112465E-05	-1.142455E-05	-1.005936E-06	+1.013121E-05	+2.198688E-05	+3.456107E-05	+4.785380E-05	+4.101754E-05	+2.962378E-05	+1.884590E-05	+8.683893E-06	-8.622305E-07	-9.792475E-06	-1.810684E-05	-2.580533E-05	-3.288794E-05	-3.935467E-05	-4.520552E-05	-5.044049E-05	-5.505958E-05	-5.906279E-05	-6.245013E-05	-6.522158E-05	-6.737716E-05	-6.891686E-05	-6.984067E-05	-7.014861E-05	-6.984067E-05	-6.891686E-05	-6.737716E-05	-6.522158E-05	-6.245013E-05	-5.906279E-05	-5.505958E-05	-5.044049E-05	-4.520552E-05	-3.935467E-05	-3.288794E-05	-2.580533E-05	-1.810684E-05	-9.792475E-06	-8.622305E-07	+8.683893E-06	+1.884590E-05	+2.962378E-05	+4.101754E-05	+3.418128E-05	+2.468648E-05	+1.570491E-05	+7.236578E-06	-7.185255E-07	-8.160396E-06	-1.508903E-05	-2.150444E-05	-2.740661E-05	-3.279555E-05	-3.767126E-05	-4.203374E-05	-4.588298E-05	-4.921899E-05	-5.204177E-05	-5.435132E-05	-5.614763E-05	-5.743071E-05	-5.820056E-05	-5.845718E-05	-5.820056E-05	-5.743071E-05	-5.614763E-05	-5.435132E-05	-5.204177E-05	-4.921899E-05	-4.588298E-05	-4.203374E-05	-3.767126E-05	-3.279555E-05	-2.740661E-05	-2.150444E-05	-1.508903E-05	-8.160396E-06	-7.185255E-07	+7.236578E-06	+1.570491E-05	+2.468648E-05	+3.418128E-05	+2.734503E-05	+1.974919E-05	+1.256393E-05	+5.789262E-06	-5.748204E-07	-6.528317E-06	-1.207123E-05	-1.720355E-05	-2.192529E-05	-2.623644E-05	-3.013701E-05	-3.362699E-05	-3.670639E-05	-3.937519E-05	-4.163342E-05	-4.348105E-05	-4.491811E-05	-4.594457E-05	-4.656045E-05	-4.676574E-05	-4.656045E-05	-4.594457E-05	-4.491811E-05	-4.348105E-05	-4.163342E-05	-3.937519E-05	-3.670639E-05	-3.362699E-05	-3.013701E-05	-2.623644E-05	-2.192529E-05	-1.720355E-05	-1.207123E-05	-6.528317E-06	-5.748204E-07	+5.789262E-06	+1.256393E-05	+1.974919E-05	+2.734503E-05	+2.050877E-05	+1.481189E-05	+9.422948E-06	+4.341947E-06	-4.311153E-07	-4.896238E-06	-9.053421E-06	-1.290266E-05	-1.644397E-05	-1.967733E-05	-2.260276E-05	-2.522024E-05	-2.752979E-05	-2.953140E-05	-3.122506E-05	-3.261079E-05	-3.368858E-05	-3.445843E-05	-3.492034E-05	-3.507431E-05	-3.492034E-05	-3.445843E-05	-3.368858E-05	-3.261079E-05	-3.122506E-05	-2.953140E-05	-2.752979E-05	-2.522024E-05	-2.260276E-05	-1.967733E-05	-1.644397E-05	-1.290266E-05	-9.053421E-06	-4.896238E-06	-4.311153E-07	+4.341947E-06	+9.422948E-06	+1.481189E-05	+2.050877E-05	+1.367251E-05	+9.874593E-06	+6.281965E-06	+2.894631E-06	-2.874102E-07	-3.264158E-06	-6.035614E-06	-8.601776E-06	-1.096265E-05	-1.311822E-05	-1.506851E-05	-1.681350E-05	-1.835319E-05	-1.968760E-05	-2.081671E-05	-2.174053E-05	-2.245905E-05	-2.297229E-05	-2.328022E-05	-2.338287E-05	-2.328022E-05	-2.297229E-05	-2.245905E-05	-2.174053E-05	-2.081671E-05	-1.968760E-05	-1.835319E-05	-1.681350E-05	-1.506851E-05	-1.311822E-05	-1.096265E-05	-8.601776E-06	-6.035614E-06	-3.264158E-06	-2.874102E-07	+2.894631E-06	+6.281965E-06	+9.874593E-06	+1.367251E-05	+6.836256E-06	+4.937296E-06	+3.140983E-06	+1.447316E-06	-1.437051E-07	-1.632079E-06	-3.017807E-06	-4.300888E-06	-5.481323E-06	-6.559111E-06	-7.534253E-06	-8.406748E-06	-9.176597E-06	-9.843799E-06	-1.040835E-05	-1.087026E-05	-1.122953E-05	-1.148614E-05	-1.164011E-05	-1.169144E-05	-1.164011E-05	-1.148614E-05	-1.122953E-05	-1.087026E-05	-1.040835E-05	-9.843799E-06	-9.176597E-06	-8.406748E-06	-7.534253E-06	-6.559111E-06	-5.481323E-06	-4.300888E-06	-3.017807E-06	-1.632079E-06	-1.437051E-07	+1.447316E-06	+3.140983E-06	+4.937296E-06	+6.836256E-06	+0.000000E+00	+0.000000E+00	+0.000000E+00	+0.000000E+00	+0.000000E+00	+0.000000E+00	+0.000000E+00	+0.000000E+00	+0.000000E+00	+0.000000E+00	+0.000000E+00	+0.000000E+00	+0.000000E+00	+0.000000E+00	+0.000000E+00	+0.000000E+00	+0.000000E+00	+0.000000E+00	+0.000000E+00	+0.000000E+00
	S	-3.086865E-05	-1.722779E-05	-5.535497E-06	+4.316475E-06	+1.243638E-05	+1.893248E-05	+2.391302E-05	+2.748626E-05	+2.976045E-05	+3.084385E-05	+3.084470E-05	+2.987127E-05	+2.803181E-05	+2.543457E-05	+2.218780E-05	+1.839976E-05	+1.417871E-05	+9.632898E-06	+4.870576E-06	+0.000000E+00	-4.870576E-06	-9.632898E-06	-1.417871E-05	-1.839976E-05	-2.218780E-05	-2.543457E-05	-2.803181E-05	-2.987127E-05	-3.084470E-05	-3.084385E-05	-2.976045E-05	-2.748626E-05	-2.391302E-05	-1.893248E-05	-1.243638E-05	-4.316475E-06	+5.535497E-06	+1.722779E-05	+3.086865E-05	-2.924399E-05	-1.632106E-05	-5.244155E-06	+4.089292E-06	+1.178184E-05	+1.793603E-05	+2.265444E-05	+2.603961E-05	+2.819411E-05	+2.922049E-05	+2.922130E-05	+2.829910E-05	+2.655645E-05	+2.409590E-05	+2.102002E-05	+1.743136E-05	+1.343246E-05	+9.125904E-06	+4.614230E-06	+0.000000E+00	-4.614230E-06	-9.125904E-06	-1.343246E-05	-1.743136E-05	-2.102002E-05	-2.409590E-05	-2.655645E-05	-2.829910E-05	-2.922130E-05	-2.922049E-05	-2.819411E-05	-2.603961E-05	-2.265444E-05	-1.793603E-05	-1.178184E-05	-4.089292E-06	+5.244155E-06	+1.632106E-05	+2.924399E-05	-2.761932E-05	-1.541434E-05	-4.952813E-06	+3.862109E-06	+1.112729E-05	+1.693959E-05	+2.139586E-05	+2.459297E-05	+2.662777E-05	+2.759713E-05	+2.759789E-05	+2.672693E-05	+2.508109E-05	+2.275724E-05	+1.985224E-05	+1.646295E-05	+1.268622E-05	+8.618909E-06	+4.357884E-06	+0.000000E+00	-4.357884E-06	-8.618909E-06	-1.268622E-05	-1.646295E-05	-1.985224E-05	-2.275724E-05	-2.508109E-05	-2.672693E-05	-2.759789E-05	-2.759713E-05	-2.662777E-05	-2.459297E-05	-2.139586E-05	-1.693959E-05	-1.112729E-05	-3.862109E-06	+4.952813E-06	+1.541434E-05	+2.761932E-05	-2.599465E-05	-1.450761E-05	-4.661471E-06	+3.634926E-06	+1.047274E-05	+1.594314E-05	+2.013728E-05	+2.314632E-05	+2.506143E-05	+2.597376E-05	+2.597449E-05	+2.515475E-05	+2.360573E-05	+2.141858E-05	+1.868446E-05	+1.549454E-05	+1.193997E-05	+8.111914E-06	+4.101538E-06	+0.000000E+00	-4.101538E-06	-8.111914E-06	-1.193997E-05	-1.549454E-05	-1.868446E-05	-2.141858E-05	-2.360573E-05	-2.515475E-05	-2.597449E-05	-2.597376E-05	-2.506143E-05	-2.314632E-05	-2.013728E-05	-1.594314E-05	-1.047274E-05	-3.634926E-06	+4.661471E-06	+1.450761E-05	+2.599465E-05	-2.436999E-05	-1.360089E-05	-4.370129E-06	+3.407744E-06	+9.818197E-06	+1.494670E-05	+1.887870E-05	+2.169968E-05	+2.349509E-05	+2.435040E-05	+2.435108E-05	+2.358258E-05	+2.213037E-05	+2.007992E-05	+1.751668E-05	+1.452613E-05	+1.119372E-05	+7.604920E-06	+3.845192E-06	+0.000000E+00	-3.845192E-06	-7.604920E-06	-1.119372E-05	-1.452613E-05	-1.751668E-05	-2.007992E-05	-2.213037E-05	-2.358258E-05	-2.435108E-05	-2.435040E-05	-2.349509E-05	-2.169968E-05	-1.887870E-05	-1.494670E-05	-9.818197E-06	-3.407744E-06	+4.370129E-06	+1.360089E-05	+2.436999E-05	-2.274532E-05	-1.269416E-05	-4.078787E-06	+3.180561E-06	+9.163651E-06	+1.395025E-05	+1.762012E-05	+2.025303E-05	+2.192875E-05	+2.272704E-05	+2.272767E-05	+2.201041E-05	+2.065502E-05	+1.874126E-05	+1.634891E-05	+1.355772E-05	+1.044747E-05	+7.097925E-06	+3.588846E-06	+0.000000E+00	-3.588846E-06	-7.097925E-06	-1.044747E-05	-1.355772E-05	-1.634891E-05	-1.874126E-05	-2.065502E-05	-2.201041E-05	-2.272767E-05	-2.272704E-05	-2.192875E-05	-2.025303E-05	-1.762012E-05	-1.395025E-05	-9.163651E-06	-3.180561E-06	+4.078787E-06	+1.269416E-05	+2.274532E-05	-2.112066E-05	-1.178743E-05	-3.787446E-06	+2.953378E-06	+8.509104E-06	+1.295380E-05	+1.636154E-05	+1.880639E-05	+2.036241E-05	+2.110368E-05	+2.110427E-05	+2.043824E-05	+1.917966E-05	+1.740260E-05	+1.518113E-05	+1.258931E-05	+9.701224E-06	+6.590930E-06	+3.332499E-06	+0.000000E+00	-3.332499E-06	-6.590930E-06	-9.701224E-06	-1.258931E-05	-1.518113E-05	-1.740260E-05	-1.917966E-05	-2.043824E-05	-2.110427E-05	-2.110368E-05	-2.036241E-05	-1.880639E-05	-1.636154E-05	-1.295380E-05	-8.509104E-06	-2.953378E-06	+3.787446E-06	+1.178743E-05	+2.112066E-05	-1.949599E-05	-1.088071E-05	-3.496104E-06	+2.726195E-06	+7.854558E-06	+1.195736E-05	+1.510296E-05	+1.735974E-05	+1.879607E-05	+1.948032E-05	+1.948086E-05	+1.886607E-05	+1.770430E-05	+1.606394E-05	+1.401335E-05	+1.162090E-05	+8.954976E-06	+6.083936E-06	+3.076153E-06	+0.000000E+00	-3.076153E-06	-6.083936E-06	-8.954976E-06	-1.162090E-05	-1.401335E-05	-1.606394E-05	-1.770430E-05	-1.886607E-05	-1.948086E-05	-1.948032E-05	-1.879607E-05	-1.735974E-05	-1.510296E-05	-1.195736E-05	-7.854558E-06	-2.726195E-06	+3.496104E-06	+1.088071E-05	+1.949599E-05	-1.787132E-05	-9.973983E-06	-3.204762E-06	+2.499012E-06	+7.200011E-06	+1.096091E-05	+1.384438E-05	+1.591310E-05	+1.722973E-05	+1.785696E-05	+1.785746E-05	+1.729389E-05	+1.622894E-05	+1.472527E-05	+1.284557E-05	+1.065250E-05	+8.208728E-06	+5.576941E-06	+2.819807E-06	+0.000000E+00	-2.819807E-06	-5.576941E-06	-8.208728E-06	-1.065250E-05	-1.284557E-05	-1.472527E-05	-1.622894E-05	-1.729389E-05	-1.785746E-05	-1.785696E-05	-1.722973E-05	-1.591310E-05	-1.384438E-05	-1.096091E-05	-7.200011E-06	-2.499012E-06	+3.204762E-06	+9.973983E-06	+1.787132E-05	-1.624666E-05	-9.067257E-06	-2.913420E-06	+2.271829E-06	+6.545465E-06	+9.964463E-06	+1.258580E-05	+1.446645E-05	+1.566339E-05	+1.623360E-05	+1.623405E-05	+1.572172E-05	+1.475358E-05	+1.338661E-05	+1.167779E-05	+9.684086E-06	+7.462480E-06	+5.069946E-06	+2.563461E-06	+0.000000E+00	-2.563461E-06	-5.069946E-06	-7.462480E-06	-9.684086E-06	-1.167779E-05	-1.338661E-05	-1.475358E-05	-1.572172E-05	-1.623405E-05	-1.623360E-05	-1.566339E-05	-1.446645E-05	-1.258580E-05	-9.964463E-06	-6.545465E-06	-2.271829E-06	+2.913420E-06	+9.067257E-06	+1.624666E-05	-1.462199E-05	-8.160531E-06	-2.622078E-06	+2.044646E-06	+5.890918E-06	+8.968017E-06	+1.132722E-05	+1.301981E-05	+1.409706E-05	+1.461024E-05	+1.461065E-05	+1.414955E-05	+1.327822E-05	+1.204795E-05	+1.051001E-05	+8.715678E-06	+6.716232E-06	+4.562952E-06	+2.307115E-06	+0.000000E+00	-2.307115E-06	-4.562952E-06	-6.716232E-06	-8.715678E-06	-1.051001E-05	-1.204795E-05	-1.327822E-05	-1.414955E-05	-1.461065E-05	-1.461024E-05	-1.409706E-05	-1.301981E-05	-1.132722E-05	-8.968017E-06	-5.890918E-06	-2.044646E-06	+2.622078E-06	+8.160531E-06	+1.462199E-05	-1.299733E-05	-7.253806E-06	-2.330736E-06	+1.817463E-06	+5.236372E-06	+7.971571E-06	+1.006864E-05	+1.157316E-05	+1.253072E-05	+1.298688E-05	+1.298724E-05	+1.257738E-05	+1.180287E-05	+1.070929E-05	+9.342232E-06	+7.747269E-06	+5.969984E-06	+4.055957E-06	+2.050769E-06	+0.000000E+00	-2.050769E-06	-4.055957E-06	-5.969984E-06	-7.747269E-06	-9.342232E-06	-1.070929E-05	-1.180287E-05	-1.257738E-05	-1.298724E-05	-1.298688E-05	-1.253072E-05	-1.157316E-05	-1.006864E-05	-7.971571E-06	-5.236372E-06	-1.817463E-06	+2.330736E-06	+7.253806E-06	+1.299733E-05	-1.137266E-05	-6.347080E-06	-2.039394E-06	+1.590280E-06	+4.581825E-06	+6.975124E-06	+8.810060E-06	+1.012652E-05	+1.096438E-05	+1.136352E-05	+1.136384E-05	+1.100520E-05	+1.032751E-05	+9.370629E-06	+8.174453E-06	+6.778860E-06	+5.223736E-06	+3.548962E-06	+1.794423E-06	+0.000000E+00	-1.794423E-06	-3.548962E-06	-5.223736E-06	-6.778860E-06	-8.174453E-06	-9.370629E-06	-1.032751E-05	-1.100520E-05	-1.136384E-05	-1.136352E-05	-1.096438E-05	-1.012652E-05	-8.810060E-06	-6.975124E-06	-4.581825E-06	-1.590280E-06	+2.039394E-06	+6.347080E-06	+1.137266E-05	-9.747995E-06	-5.440354E-06	-1.748052E-06	+1.363097E-06	+3.927279E-06	+5.978678E-06	+7.551480E-06	+8.679872E-06	+9.398037E-06	+9.740162E-06	+9.740432E-06	+9.433033E-06	+8.852150E-06	+8.031968E-06	+7.006674E-06	+5.810452E-06	+4.477488E-06	+3.041968E-06	+1.538077E-06	+0.000000E+00	-1.538077E-06	-3.041968E-06	-4.477488E-06	-5.810452E-06	-7.006674E-06	-8.031968E-06	-8.852150E-06	-9.433033E-06	-9.740432E-06	-9.740162E-06	-9.398037E-06	-8.679872E-06	-7.551480E-06	-5.978678E-06	-3.927279E-06	-1.363097E-06	+1.748052E-06	+5.440354E-06	+9.747995E-06	-8.123329E-06	-4.533628E-06	-1.456710E-06	+1.135915E-06	+3.272732E-06	+4.982232E-06	+6.292900E-06	+7.233226E-06	+7.831697E-06	+8.116801E-06	+8.117027E-06	+7.860861E-06	+7.376791E-06	+6.693307E-06	+5.838895E-06	+4.842043E-06	+3.731240E-06	+2.534973E-06	+1.281731E-06	+0.000000E+00	-1.281731E-06	-2.534973E-06	-3.731240E-06	-4.842043E-06	-5.838895E-06	-6.693307E-06	-7.376791E-06	-7.860861E-06	-8.117027E-06	-8.116801E-06	-7.831697E-06	-7.233226E-06	-6.292900E-06	-4.982232E-06	-3.272732E-06	-1.135915E-06	+1.456710E-06	+4.533628E-06	+8.123329E-06	-6.498664E-06	-3.626903E-06	-1.165368E-06	+9.087316E-07	+2.618186E-06	+3.985785E-06	+5.034320E-06	+5.786581E-06	+6.265358E-06	+6.493441E-06	+6.493621E-06	+6.288688E-06	+5.901433E-06	+5.354645E-06	+4.671116E-06	+3.873635E-06	+2.984992E-06	+2.027979E-06	+1.025384E-06	+0.000000E+00	-1.025384E-06	-2.027979E-06	-2.984992E-06	-3.873635E-06	-4.671116E-06	-5.354645E-06	-5.901433E-06	-6.288688E-06	-6.493621E-06	-6.493441E-06	-6.265358E-06	-5.786581E-06	-5.034320E-06	-3.985785E-06	-2.618186E-06	-9.087316E-07	+1.165368E-06	+3.626903E-06	+6.498664E-06	-4.873998E-06	-2.720177E-06	-8.740259E-07	+6.815487E-07	+1.963639E-06	+2.989339E-06	+3.775740E-06	+4.339936E-06	+4.699018E-06	+4.870081E-06	+4.870216E-06	+4.716516E-06	+4.426075E-06	+4.015984E-06	+3.503337E-06	+2.905226E-06	+2.238744E-06	+1.520984E-06	+7.690383E-07	+0.000000E+00	-7.690383E-07	-1.520984E-06	-2.238744E-06	-2.905226E-06	-3.503337E-06	-4.015984E-06	-4.426075E-06	-4.716516E-06	-4.870216E-06	-4.870081E-06	-4.699018E-06	-4.339936E-06	-3.775740E-06	-2.989339E-06	-1.963639E-06	-6.815487E-07	+8.740259E-07	+2.720177E-06	+4.873998E-06	-3.249332E-06	-1.813451E-06	-5.826839E-07	+4.543658E-07	+1.309093E-06	+1.992893E-06	+2.517160E-06	+2.893291E-06	+3.132679E-06	+3.246721E-06	+3.246811E-06	+3.144344E-06	+2.950717E-06	+2.677323E-06	+2.335558E-06	+1.936817E-06	+1.492496E-06	+1.013989E-06	+5.126922E-07	+0.000000E+00	-5.126922E-07	-1.013989E-06	-1.492496E-06	-1.936817E-06	-2.335558E-06	-2.677323E-06	-2.950717E-06	-3.144344E-06	-3.246811E-06	-3.246721E-06	-3.132679E-06	-2.893291E-06	-2.517160E-06	-1.992893E-06	-1.309093E-06	-4.543658E-07	+5.826839E-07	+1.813451E-06	+3.249332E-06	-1.624666E-06	-9.067257E-07	-2.913420E-07	+2.271829E-07	+6.545465E-07	+9.964463E-07	+1.258580E-06	+1.446645E-06	+1.566339E-06	+1.623360E-06	+1.623405E-06	+1.572172E-06	+1.475358E-06	+1.338661E-06	+1.167779E-06	+9.684086E-07	+7.462480E-07	+5.069946E-07	+2.563461E-07	+0.000000E+00	-2.563461E-07	-5.069946E-07	-7.462480E-07	-9.684086E-07	-1.167779E-06	-1.338661E-06	-1.475358E-06	-1.572172E-06	-1.623405E-06	-1.623360E-06	-1.566339E-06	-1.446645E-06	-1.258580E-06	-9.964463E-07	-6.545465E-07	-2.271829E-07	+2.913420E-07	+9.067257E-07	+1.624666E-06	+0.000000E+00	+0.000000E+00	+0.000000E+00	+0.000000E+00	+0.000000E+00	+0.000000E+00	+0.000000E+00	+0.000000E+00	+0.000000E+00	+0.000000E+00	+0.000000E+00	+0.000000E+00	+0.000000E+00	+0.000000E+00	+0.000000E+00	+0.000000E+00	+0.000000E+00	+0.000000E+00	+0.000000E+00	+0.000000E+00
	A	-1.804012E-06	-1.519168E-06	-1.249721E-06	-9.956710E-07	-7.570179E-07	-5.337618E-07	-3.259026E-07	-1.334404E-07	+4.362476E-08	+2.052930E-07	+3.515642E-07	+4.824385E-07	+5.979158E-07	+6.979962E-07	+7.826795E-07	+8.519659E-07	+9.058553E-07	+9.443477E-07	+9.674432E-07	+9.751417E-07	+9.674432E-07	+9.443477E-07	+9.058553E-07	+8.519659E-07	+7.826795E-07	+6.979962E-07	+5.979158E-07	+4.824385E-07	+3.515642E-07	+2.052930E-07	+4.362476E-08	-1.334404E-07	-3.259026E-07	-5.337618E-07	-7.570179E-07	-9.956710E-07	-1.249721E-06	-1.519168E-06	-1.804012E-06	-1.709064E-06	-1.439212E-06	-1.183946E-06	-9.432673E-07	-7.171748E-07	-5.056690E-07	-3.087498E-07	-1.264173E-07	+4.132872E-08	+1.944881E-07	+3.330609E-07	+4.570470E-07	+5.664466E-07	+6.612595E-07	+7.414859E-07	+8.071256E-07	+8.581787E-07	+8.946452E-07	+9.165251E-07	+9.238184E-07	+9.165251E-07	+8.946452E-07	+8.581787E-07	+8.071256E-07	+7.414859E-07	+6.612595E-07	+5.664466E-07	+4.570470E-07	+3.330609E-07	+1.944881E-07	+4.132872E-08	-1.264173E-07	-3.087498E-07	-5.056690E-07	-7.171748E-07	-9.432673E-07	-1.183946E-06	-1.439212E-06	-1.709064E-06	-1.614116E-06	-1.359256E-06	-1.118171E-06	-8.908635E-07	-6.773318E-07	-4.775763E-07	-2.915971E-07	-1.193941E-07	+3.903268E-08	+1.836832E-07	+3.145575E-07	+4.316555E-07	+5.349773E-07	+6.245229E-07	+7.002922E-07	+7.622853E-07	+8.105021E-07	+8.449427E-07	+8.656071E-07	+8.724952E-07	+8.656071E-07	+8.449427E-07	+8.105021E-07	+7.622853E-07	+7.002922E-07	+6.245229E-07	+5.349773E-07	+4.316555E-07	+3.145575E-07	+1.836832E-07	+3.903268E-08	-1.193941E-07	-2.915971E-07	-4.775763E-07	-6.773318E-07	-8.908635E-07	-1.118171E-06	-1.359256E-06	-1.614116E-06	-1.519168E-06	-1.279299E-06	-1.052397E-06	-8.384598E-07	-6.374887E-07	-4.494836E-07	-2.744443E-07	-1.123709E-07	+3.673664E-08	+1.728783E-07	+2.960541E-07	+4.062640E-07	+5.035081E-07	+5.877862E-07	+6.590985E-07	+7.174450E-07	+7.628255E-07	+7.952402E-07	+8.146890E-07	+8.211719E-07	+8.146890E-07	+7.952402E-07	+7.628255E-07	+7.174450E-07	+6.590985E-07	+5.877862E-07	+5.035081E-07	+4.062640E-07	+2.960541E-07	+1.728783E-07	+3.673664E-08	-1.123709E-07	-2.744443E-07	-4.494836E-07	-6.374887E-07	-8.384598E-07	-1.052397E-06	-1.279299E-06	-1.519168E-06	-1.424220E-06	-1.199343E-06	-9.866219E-07	-7.860560E-07	-5.976457E-07	-4.213909E-07	-2.572915E-07	-1.053477E-07	+3.444060E-08	+1.620734E-07	+2.775507E-07	+3.808725E-07	+4.720388E-07	+5.510496E-07	+6.179049E-07	+6.726047E-07	+7.151489E-07	+7.455377E-07	+7.637709E-07	+7.698487E-07	+7.637709E-07	+7.455377E-07	+7.151489E-07	+6.726047E-07	+6.179049E-07	+5.510496E-07	+4.720388E-07	+3.808725E-07	+2.775507E-07	+1.620734E-07	+3.444060E-08	-1.053477E-07	-2.572915E-07	-4.213909E-07	-5.976457E-07	-7.860560E-07	-9.866219E-07	-1.199343E-06	-1.424220E-06	-1.329272E-06	-1.119387E-06	-9.208471E-07	-7.336523E-07	-5.578027E-07	-3.932981E-07	-2.401388E-07	-9.832454E-08	+3.214456E-08	+1.512685E-07	+2.590473E-07	+3.554810E-07	+4.405696E-07	+5.143130E-07	+5.767112E-07	+6.277643E-07	+6.674723E-07	+6.958352E-07	+7.128529E-07	+7.185255E-07	+7.128529E-07	+6.958352E-07	+6.674723E-07	+6.277643E-07	+5.767112E-07	+5.143130E-07	+4.405696E-07	+3.554810E-07	+2.590473E-07	+1.512685E-07	+3.214456E-08	-9.832454E-08	-2.401388E-07	-3.932981E-07	-5.578027E-07	-7.336523E-07	-9.208471E-07	-1.119387E-06	-1.329272E-06	-1.234324E-06	-1.039431E-06	-8.550723E-07	-6.812486E-07	-5.179596E-07	-3.652054E-07	-2.229860E-07	-9.130135E-08	+2.984852E-08	+1.404636E-07	+2.405440E-07	+3.300895E-07	+4.091003E-07	+4.775763E-07	+5.355176E-07	+5.829240E-07	+6.197957E-07	+6.461327E-07	+6.619348E-07	+6.672022E-07	+6.619348E-07	+6.461327E-07	+6.197957E-07	+5.829240E-07	+5.355176E-07	+4.775763E-07	+4.091003E-07	+3.300895E-07	+2.405440E-07	+1.404636E-07	+2.984852E-08	-9.130135E-08	-2.229860E-07	-3.652054E-07	-5.179596E-07	-6.812486E-07	-8.550723E-07	-1.039431E-06	-1.234324E-06	-1.139376E-06	-9.594746E-07	-7.892975E-07	-6.288448E-07	-4.781166E-07	-3.371127E-07	-2.058332E-07	-8.427817E-08	+2.755248E-08	+1.296587E-07	+2.220406E-07	+3.046980E-07	+3.776310E-07	+4.408397E-07	+4.943239E-07	+5.380837E-07	+5.721191E-07	+5.964302E-07	+6.110168E-07	+6.158790E-07	+6.110168E-07	+5.964302E-07	+5.721191E-07	+5.380837E-07	+4.943239E-07	+4.408397E-07	+3.776310E-07	+3.046980E-07	+2.220406E-07	+1.296587E-07	+2.755248E-08	-8.427817E-08	-2.058332E-07	-3.371127E-07	-4.781166E-07	-6.288448E-07	-7.892975E-07	-9.594746E-07	-1.139376E-06	-1.044428E-06	-8.795184E-07	-7.235227E-07	-5.764411E-07	-4.382735E-07	-3.090200E-07	-1.886805E-07	-7.725499E-08	+2.525644E-08	+1.188538E-07	+2.035372E-07	+2.793065E-07	+3.461618E-07	+4.041030E-07	+4.531302E-07	+4.932434E-07	+5.244425E-07	+5.467276E-07	+5.600987E-07	+5.645557E-07	+5.600987E-07	+5.467276E-07	+5.244425E-07	+4.932434E-07	+4.531302E-07	+4.041030E-07	+3.461618E-07	+2.793065E-07	+2.035372E-07	+1.188538E-07	+2.525644E-08	-7.725499E-08	-1.886805E-07	-3.090200E-07	-4.382735E-07	-5.764411E-07	-7.235227E-07	-8.795184E-07	-1.044428E-06	-9.494801E-07	-7.995622E-07	-6.577479E-07	-5.240374E-07	-3.984305E-07	-2.809272E-07	-1.715277E-07	-7.023181E-08	+2.296040E-08	+1.080489E-07	+1.850338E-07	+2.539150E-07	+3.146925E-07	+3.673664E-07	+4.119366E-07	+4.484031E-07	+4.767659E-07	+4.970251E-07	+5.091806E-07	+5.132325E-07	+5.091806E-07	+4.970251E-07	+4.767659E-07	+4.484031E-07	+4.119366E-07	+3.673664E-07	+3.146925E-07	+2.539150E-07	+1.850338E-07	+1.080489E-07	+2.296040E-08	-7.023181E-08	-1.715277E-07	-2.809272E-07	-3.984305E-07	-5.240374E-07	-6.577479E-07	-7.995622E-07	-9.494801E-07	-8.545321E-07	-7.196059E-07	-5.919731E-07	-4.716336E-07	-3.585874E-07	-2.528345E-07	-1.543749E-07	-6.320863E-08	+2.066436E-08	+9.724405E-08	+1.665304E-07	+2.285235E-07	+2.832233E-07	+3.306298E-07	+3.707429E-07	+4.035628E-07	+4.290894E-07	+4.473226E-07	+4.582626E-07	+4.619092E-07	+4.582626E-07	+4.473226E-07	+4.290894E-07	+4.035628E-07	+3.707429E-07	+3.306298E-07	+2.832233E-07	+2.285235E-07	+1.665304E-07	+9.724405E-08	+2.066436E-08	-6.320863E-08	-1.543749E-07	-2.528345E-07	-3.585874E-07	-4.716336E-07	-5.919731E-07	-7.196059E-07	-8.545321E-07	-7.595841E-07	-6.396497E-07	-5.261983E-07	-4.192299E-07	-3.187444E-07	-2.247418E-07	-1.372222E-07	-5.618545E-08	+1.836832E-08	+8.643915E-08	+1.480270E-07	+2.031320E-07	+2.517540E-07	+2.938931E-07	+3.295493E-07	+3.587225E-07	+3.814128E-07	+3.976201E-07	+4.073445E-07	+4.105860E-07	+4.073445E-07	+3.976201E-07	+3.814128E-07	+3.587225E-07	+3.295493E-07	+2.938931E-07	+2.517540E-07	+2.031320E-07	+1.480270E-07	+8.643915E-08	+1.836832E-08	-5.618545E-08	-1.372222E-07	-2.247418E-07	-3.187444E-07	-4.192299E-07	-5.261983E-07	-6.396497E-07	-7.595841E-07	-6.646360E-07	-5.596935E-07	-4.604235E-07	-3.668262E-07	-2.789013E-07	-1.966491E-07	-1.200694E-07	-4.916227E-08	+1.607228E-08	+7.563426E-08	+1.295237E-07	+1.777405E-07	+2.202848E-07	+2.571565E-07	+2.883556E-07	+3.138822E-07	+3.337362E-07	+3.479176E-07	+3.564264E-07	+3.592627E-07	+3.564264E-07	+3.479176E-07	+3.337362E-07	+3.138822E-07	+2.883556E-07	+2.571565E-07	+2.202848E-07	+1.777405E-07	+1.295237E-07	+7.563426E-08	+1.607228E-08	-4.916227E-08	-1.200694E-07	-1.966491E-07	-2.789013E-07	-3.668262E-07	-4.604235E-07	-5.596935E-07	-6.646360E-07	-5.696880E-07	-4.797373E-07	-3.946488E-07	-3.144224E-07	-2.390583E-07	-1.685563E-07	-1.029166E-07	-4.213909E-08	+1.377624E-08	+6.482936E-08	+1.110203E-07	+1.523490E-07	+1.888155E-07	+2.204198E-07	+2.471620E-07	+2.690419E-07	+2.860596E-07	+2.982151E-07	+3.055084E-07	+3.079395E-07	+3.055084E-07	+2.982151E-07	+2.860596E-07	+2.690419E-07	+2.471620E-07	+2.204198E-07	+1.888155E-07	+1.523490E-07	+1.110203E-07	+6.482936E-08	+1.377624E-08	-4.213909E-08	-1.029166E-07	-1.685563E-07	-2.390583E-07	-3.144224E-07	-3.946488E-07	-4.797373E-07	-5.696880E-07	-4.747400E-07	-3.997811E-07	-3.288740E-07	-2.620187E-07	-1.992152E-07	-1.404636E-07	-8.576385E-08	-3.511591E-08	+1.148020E-08	+5.402447E-08	+9.251691E-08	+1.269575E-07	+1.573463E-07	+1.836832E-07	+2.059683E-07	+2.242016E-07	+2.383830E-07	+2.485126E-07	+2.545903E-07	+2.566162E-07	+2.545903E-07	+2.485126E-07	+2.383830E-07	+2.242016E-07	+2.059683E-07	+1.836832E-07	+1.573463E-07	+1.269575E-07	+9.251691E-08	+5.402447E-08	+1.148020E-08	-3.511591E-08	-8.576385E-08	-1.404636E-07	-1.992152E-07	-2.620187E-07	-3.288740E-07	-3.997811E-07	-4.747400E-07	-3.797920E-07	-3.198249E-07	-2.630992E-07	-2.096149E-07	-1.593722E-07	-1.123709E-07	-6.861108E-08	-2.809272E-08	+9.184160E-09	+4.321958E-08	+7.401352E-08	+1.015660E-07	+1.258770E-07	+1.469466E-07	+1.647746E-07	+1.793612E-07	+1.907064E-07	+1.988101E-07	+2.036723E-07	+2.052930E-07	+2.036723E-07	+1.988101E-07	+1.907064E-07	+1.793612E-07	+1.647746E-07	+1.469466E-07	+1.258770E-07	+1.015660E-07	+7.401352E-08	+4.321958E-08	+9.184160E-09	-2.809272E-08	-6.861108E-08	-1.123709E-07	-1.593722E-07	-2.096149E-07	-2.630992E-07	-3.198249E-07	-3.797920E-07	-2.848440E-07	-2.398686E-07	-1.973244E-07	-1.572112E-07	-1.195291E-07	-8.427817E-08	-5.145831E-08	-2.106954E-08	+6.888120E-09	+3.241468E-08	+5.551014E-08	+7.617450E-08	+9.440776E-08	+1.102099E-07	+1.235810E-07	+1.345209E-07	+1.430298E-07	+1.491075E-07	+1.527542E-07	+1.539697E-07	+1.527542E-07	+1.491075E-07	+1.430298E-07	+1.345209E-07	+1.235810E-07	+1.102099E-07	+9.440776E-08	+7.617450E-08	+5.551014E-08	+3.241468E-08	+6.888120E-09	-2.106954E-08	-5.145831E-08	-8.427817E-08	-1.195291E-07	-1.572112E-07	-1.973244E-07	-2.398686E-07	-2.848440E-07	-1.898960E-07	-1.599124E-07	-1.315496E-07	-1.048075E-07	-7.968609E-08	-5.618545E-08	-3.430554E-08	-1.404636E-08	+4.592080E-09	+2.160979E-08	+3.700676E-08	+5.078300E-08	+6.293851E-08	+7.347328E-08	+8.238732E-08	+8.968062E-08	+9.535319E-08	+9.940503E-08	+1.018361E-07	+1.026465E-07	+1.018361E-07	+9.940503E-08	+9.535319E-08	+8.968062E-08	+8.238732E-08	+7.347328E-08	+6.293851E-08	+5.078300E-08	+3.700676E-08	+2.160979E-08	+4.592080E-09	-1.404636E-08	-3.430554E-08	-5.618545E-08	-7.968609E-08	-1.048075E-07	-1.315496E-07	-1.599124E-07	-1.898960E-07	-9.494801E-08	-7.995622E-08	-6.577479E-08	-5.240374E-08	-3.984305E-08	-2.809272E-08	-1.715277E-08	-7.023181E-09	+2.296040E-09	+1.080489E-08	+1.850338E-08	+2.539150E-08	+3.146925E-08	+3.673664E-08	+4.119366E-08	+4.484031E-08	+4.767659E-08	+4.970251E-08	+5.091806E-08	+5.132325E-08	+5.091806E-08	+4.970251E-08	+4.767659E-08	+4.484031E-08	+4.119366E-08	+3.673664E-08	+3.146925E-08	+2.539150E-08	+1.850338E-08	+1.080489E-08	+2.296040E-09	-7.023181E-09	-1.715277E-08	-2.809272E-08	-3.984305E-08	-5.240374E-08	-6.577479E-08	-7.995622E-08	-9.494801E-08	+0.000000E+00	+0.000000E+00	+0.000000E+00	+0.000000E+00	+0.000000E+00	+0.000000E+00	+0.000000E+00	+0.000000E+00	+0.000000E+00	+0.000000E+00	+0.000000E+00	+0.000000E+00	+0.000000E+00	+0.000000E+00	+0.000000E+00	+0.000000E+00	+0.000000E+00	+0.000000E+00	+0.000000E+00	+0.000000E+00
	S	+2.004458E-07	+1.371471E-07	+8.240232E-08	+3.573619E-08	-3.326507E-09	-3.526097E-08	-6.054242E-08	-7.964608E-08	-9.304715E-08	-1.012208E-07	-1.046424E-07	-1.037870E-07	-9.912990E-08	-9.114628E-08	-8.031138E-08	-6.710039E-08	-5.198855E-08	-3.545106E-08	-1.796314E-08	+0.000000E+00	+1.796314E-08	+3.545106E-08	+5.198855E-08	+6.710039E-08	+8.031138E-08	+9.114628E-08	+9.912990E-08	+1.037870E-07	+1.046424E-07	+1.012208E-07	+9.304715E-08	+7.964608E-08	+6.054242E-08	+3.526097E-08	+3.326507E-09	-3.573619E-08	-8.240232E-08	-1.371471E-07	-2.004458E-07	+1.898960E-07	+1.299289E-07	+7.806536E-08	+3.385533E-08	-3.151427E-09	-3.340513E-08	-5.735598E-08	-7.545418E-08	-8.814993E-08	-9.589343E-08	-9.913490E-08	-9.832454E-08	-9.391254E-08	-8.634911E-08	-7.608446E-08	-6.356879E-08	-4.925231E-08	-3.358521E-08	-1.701771E-08	+0.000000E+00	+1.701771E-08	+3.358521E-08	+4.925231E-08	+6.356879E-08	+7.608446E-08	+8.634911E-08	+9.391254E-08	+9.832454E-08	+9.913490E-08	+9.589343E-08	+8.814993E-08	+7.545418E-08	+5.735598E-08	+3.340513E-08	+3.151427E-09	-3.385533E-08	-7.806536E-08	-1.299289E-07	-1.898960E-07	+1.793462E-07	+1.227106E-07	+7.372840E-08	+3.197448E-08	-2.976348E-09	-3.154929E-08	-5.416954E-08	-7.126228E-08	-8.325271E-08	-9.056602E-08	-9.362741E-08	-9.286206E-08	-8.869517E-08	-8.155194E-08	-7.185755E-08	-6.003719E-08	-4.651607E-08	-3.171937E-08	-1.607228E-08	+0.000000E+00	+1.607228E-08	+3.171937E-08	+4.651607E-08	+6.003719E-08	+7.185755E-08	+8.155194E-08	+8.869517E-08	+9.286206E-08	+9.362741E-08	+9.056602E-08	+8.325271E-08	+7.126228E-08	+5.416954E-08	+3.154929E-08	+2.976348E-09	-3.197448E-08	-7.372840E-08	-1.227106E-07	-1.793462E-07	+1.687965E-07	+1.154923E-07	+6.939143E-08	+3.009363E-08	-2.801269E-09	-2.969345E-08	-5.098309E-08	-6.707038E-08	-7.835549E-08	-8.523861E-08	-8.811991E-08	-8.739959E-08	-8.347781E-08	-7.675477E-08	-6.763063E-08	-5.650559E-08	-4.377983E-08	-2.985352E-08	-1.512685E-08	+0.000000E+00	+1.512685E-08	+2.985352E-08	+4.377983E-08	+5.650559E-08	+6.763063E-08	+7.675477E-08	+8.347781E-08	+8.739959E-08	+8.811991E-08	+8.523861E-08	+7.835549E-08	+6.707038E-08	+5.098309E-08	+2.969345E-08	+2.801269E-09	-3.009363E-08	-6.939143E-08	-1.154923E-07	-1.687965E-07	+1.582467E-07	+1.082740E-07	+6.505447E-08	+2.821278E-08	-2.626190E-09	-2.783761E-08	-4.779665E-08	-6.287848E-08	-7.345827E-08	-7.991120E-08	-8.261242E-08	-8.193711E-08	-7.826045E-08	-7.195759E-08	-6.340372E-08	-5.297399E-08	-4.104359E-08	-2.798768E-08	-1.418142E-08	+0.000000E+00	+1.418142E-08	+2.798768E-08	+4.104359E-08	+5.297399E-08	+6.340372E-08	+7.195759E-08	+7.826045E-08	+8.193711E-08	+8.261242E-08	+7.991120E-08	+7.345827E-08	+6.287848E-08	+4.779665E-08	+2.783761E-08	+2.626190E-09	-2.821278E-08	-6.505447E-08	-1.082740E-07	-1.582467E-07	+1.476969E-07	+1.010558E-07	+6.071750E-08	+2.633193E-08	-2.451110E-09	-2.598177E-08	-4.461021E-08	-5.868658E-08	-6.856105E-08	-7.458378E-08	-7.710492E-08	-7.647464E-08	-7.304308E-08	-6.716042E-08	-5.917680E-08	-4.944239E-08	-3.830735E-08	-2.612183E-08	-1.323600E-08	+0.000000E+00	+1.323600E-08	+2.612183E-08	+3.830735E-08	+4.944239E-08	+5.917680E-08	+6.716042E-08	+7.304308E-08	+7.647464E-08	+7.710492E-08	+7.458378E-08	+6.856105E-08	+5.868658E-08	+4.461021E-08	+2.598177E-08	+2.451110E-09	-2.633193E-08	-6.071750E-08	-1.010558E-07	-1.476969E-07	+1.371471E-07	+9.383750E-08	+5.638054E-08	+2.445108E-08	-2.276031E-09	-2.412593E-08	-4.142376E-08	-5.449468E-08	-6.366384E-08	-6.925637E-08	-7.159743E-08	-7.101216E-08	-6.782572E-08	-6.236325E-08	-5.494989E-08	-4.591080E-08	-3.557111E-08	-2.425599E-08	-1.229057E-08	+0.000000E+00	+1.229057E-08	+2.425599E-08	+3.557111E-08	+4.591080E-08	+5.494989E-08	+6.236325E-08	+6.782572E-08	+7.101216E-08	+7.159743E-08	+6.925637E-08	+6.366384E-08	+5.449468E-08	+4.142376E-08	+2.412593E-08	+2.276031E-09	-2.445108E-08	-5.638054E-08	-9.383750E-08	-1.371471E-07	+1.265973E-07	+8.661923E-08	+5.204357E-08	+2.257022E-08	-2.100952E-09	-2.227009E-08	-3.823732E-08	-5.030278E-08	-5.876662E-08	-6.392896E-08	-6.608994E-08	-6.554969E-08	-6.260836E-08	-5.756607E-08	-5.072297E-08	-4.237920E-08	-3.283487E-08	-2.239014E-08	-1.134514E-08	+0.000000E+00	+1.134514E-08	+2.239014E-08	+3.283487E-08	+4.237920E-08	+5.072297E-08	+5.756607E-08	+6.260836E-08	+6.554969E-08	+6.608994E-08	+6.392896E-08	+5.876662E-08	+5.030278E-08	+3.823732E-08	+2.227009E-08	+2.100952E-09	-2.257022E-08	-5.204357E-08	-8.661923E-08	-1.265973E-07	+1.160476E-07	+7.940096E-08	+4.770661E-08	+2.068937E-08	-1.925872E-09	-2.041425E-08	-3.505088E-08	-4.611089E-08	-5.386940E-08	-5.860154E-08	-6.058244E-08	-6.008722E-08	-5.739100E-08	-5.276890E-08	-4.649606E-08	-3.884760E-08	-3.009863E-08	-2.052430E-08	-1.039971E-08	+0.000000E+00	+1.039971E-08	+2.052430E-08	+3.009863E-08	+3.884760E-08	+4.649606E-08	+5.276890E-08	+5.739100E-08	+6.008722E-08	+6.058244E-08	+5.860154E-08	+5.386940E-08	+4.611089E-08	+3.505088E-08	+2.041425E-08	+1.925872E-09	-2.068937E-08	-4.770661E-08	-7.940096E-08	-1.160476E-07	+1.054978E-07	+7.218269E-08	+4.336964E-08	+1.880852E-08	-1.750793E-09	-1.855841E-08	-3.186443E-08	-4.191899E-08	-4.897218E-08	-5.327413E-08	-5.507495E-08	-5.462474E-08	-5.217363E-08	-4.797173E-08	-4.226915E-08	-3.531600E-08	-2.736239E-08	-1.865845E-08	-9.454282E-09	+0.000000E+00	+9.454282E-09	+1.865845E-08	+2.736239E-08	+3.531600E-08	+4.226915E-08	+4.797173E-08	+5.217363E-08	+5.462474E-08	+5.507495E-08	+5.327413E-08	+4.897218E-08	+4.191899E-08	+3.186443E-08	+1.855841E-08	+1.750793E-09	-1.880852E-08	-4.336964E-08	-7.218269E-08	-1.054978E-07	+9.494801E-08	+6.496443E-08	+3.903268E-08	+1.692767E-08	-1.575714E-09	-1.670257E-08	-2.867799E-08	-3.772709E-08	-4.407496E-08	-4.794672E-08	-4.956745E-08	-4.916227E-08	-4.695627E-08	-4.317456E-08	-3.804223E-08	-3.178440E-08	-2.462615E-08	-1.679261E-08	-8.508854E-09	+0.000000E+00	+8.508854E-09	+1.679261E-08	+2.462615E-08	+3.178440E-08	+3.804223E-08	+4.317456E-08	+4.695627E-08	+4.916227E-08	+4.956745E-08	+4.794672E-08	+4.407496E-08	+3.772709E-08	+2.867799E-08	+1.670257E-08	+1.575714E-09	-1.692767E-08	-3.903268E-08	-6.496443E-08	-9.494801E-08	+8.439823E-08	+5.774616E-08	+3.469572E-08	+1.504682E-08	-1.400634E-09	-1.484672E-08	-2.549155E-08	-3.353519E-08	-3.917775E-08	-4.261930E-08	-4.405996E-08	-4.369979E-08	-4.173891E-08	-3.837738E-08	-3.381532E-08	-2.825280E-08	-2.188991E-08	-1.492676E-08	-7.563426E-09	+0.000000E+00	+7.563426E-09	+1.492676E-08	+2.188991E-08	+2.825280E-08	+3.381532E-08	+3.837738E-08	+4.173891E-08	+4.369979E-08	+4.405996E-08	+4.261930E-08	+3.917775E-08	+3.353519E-08	+2.549155E-08	+1.484672E-08	+1.400634E-09	-1.504682E-08	-3.469572E-08	-5.774616E-08	-8.439823E-08	+7.384845E-08	+5.052789E-08	+3.035875E-08	+1.316596E-08	-1.225555E-09	-1.299088E-08	-2.230510E-08	-2.934329E-08	-3.428053E-08	-3.729189E-08	-3.855246E-08	-3.823732E-08	-3.652154E-08	-3.358021E-08	-2.958840E-08	-2.472120E-08	-1.915368E-08	-1.306092E-08	-6.617998E-09	+0.000000E+00	+6.617998E-09	+1.306092E-08	+1.915368E-08	+2.472120E-08	+2.958840E-08	+3.358021E-08	+3.652154E-08	+3.823732E-08	+3.855246E-08	+3.729189E-08	+3.428053E-08	+2.934329E-08	+2.230510E-08	+1.299088E-08	+1.225555E-09	-1.316596E-08	-3.035875E-08	-5.052789E-08	-7.384845E-08	+6.329867E-08	+4.330962E-08	+2.602179E-08	+1.128511E-08	-1.050476E-09	-1.113504E-08	-1.911866E-08	-2.515139E-08	-2.938331E-08	-3.196448E-08	-3.304497E-08	-3.277485E-08	-3.130418E-08	-2.878304E-08	-2.536149E-08	-2.118960E-08	-1.641744E-08	-1.119507E-08	-5.672569E-09	+0.000000E+00	+5.672569E-09	+1.119507E-08	+1.641744E-08	+2.118960E-08	+2.536149E-08	+2.878304E-08	+3.130418E-08	+3.277485E-08	+3.304497E-08	+3.196448E-08	+2.938331E-08	+2.515139E-08	+1.911866E-08	+1.113504E-08	+1.050476E-09	-1.128511E-08	-2.602179E-08	-4.330962E-08	-6.329867E-08	+5.274889E-08	+3.609135E-08	+2.168482E-08	+9.404260E-09	-8.753965E-10	-9.279203E-09	-1.593222E-08	-2.095949E-08	-2.448609E-08	-2.663707E-08	-2.753747E-08	-2.731237E-08	-2.608682E-08	-2.398586E-08	-2.113457E-08	-1.765800E-08	-1.368120E-08	-9.329226E-09	-4.727141E-09	+0.000000E+00	+4.727141E-09	+9.329226E-09	+1.368120E-08	+1.765800E-08	+2.113457E-08	+2.398586E-08	+2.608682E-08	+2.731237E-08	+2.753747E-08	+2.663707E-08	+2.448609E-08	+2.095949E-08	+1.593222E-08	+9.279203E-09	+8.753965E-10	-9.404260E-09	-2.168482E-08	-3.609135E-08	-5.274889E-08	+4.219911E-08	+2.887308E-08	+1.734786E-08	+7.523408E-09	-7.003172E-10	-7.423362E-09	-1.274577E-08	-1.676759E-08	-1.958887E-08	-2.130965E-08	-2.202998E-08	-2.184990E-08	-2.086945E-08	-1.918869E-08	-1.690766E-08	-1.412640E-08	-1.094496E-08	-7.463381E-09	-3.781713E-09	+0.000000E+00	+3.781713E-09	+7.463381E-09	+1.094496E-08	+1.412640E-08	+1.690766E-08	+1.918869E-08	+2.086945E-08	+2.184990E-08	+2.202998E-08	+2.130965E-08	+1.958887E-08	+1.676759E-08	+1.274577E-08	+7.423362E-09	+7.003172E-10	-7.523408E-09	-1.734786E-08	-2.887308E-08	-4.219911E-08	+3.164934E-08	+2.165481E-08	+1.301089E-08	+5.642556E-09	-5.252379E-10	-5.567522E-09	-9.559330E-09	-1.257570E-08	-1.469165E-08	-1.598224E-08	-1.652248E-08	-1.638742E-08	-1.565209E-08	-1.439152E-08	-1.268074E-08	-1.059480E-08	-8.208718E-09	-5.597535E-09	-2.836285E-09	+0.000000E+00	+2.836285E-09	+5.597535E-09	+8.208718E-09	+1.059480E-08	+1.268074E-08	+1.439152E-08	+1.565209E-08	+1.638742E-08	+1.652248E-08	+1.598224E-08	+1.469165E-08	+1.257570E-08	+9.559330E-09	+5.567522E-09	+5.252379E-10	-5.642556E-09	-1.301089E-08	-2.165481E-08	-3.164934E-08	+2.109956E-08	+1.443654E-08	+8.673929E-09	+3.761704E-09	-3.501586E-10	-3.711681E-09	-6.372887E-09	-8.383797E-09	-9.794436E-09	-1.065483E-08	-1.101499E-08	-1.092495E-08	-1.043473E-08	-9.594346E-09	-8.453829E-09	-7.063199E-09	-5.472479E-09	-3.731690E-09	-1.890856E-09	+0.000000E+00	+1.890856E-09	+3.731690E-09	+5.472479E-09	+7.063199E-09	+8.453829E-09	+9.594346E-09	+1.043473E-08	+1.092495E-08	+1.101499E-08	+1.065483E-08	+9.794436E-09	+8.383797E-09	+6.372887E-09	+3.711681E-09	+3.501586E-10	-3.761704E-09	-8.673929E-09	-1.443654E-08	-2.109956E-08	+1.054978E-08	+7.218269E-09	+4.336964E-09	+1.880852E-09	-1.750793E-10	-1.855841E-09	-3.186443E-09	-4.191899E-09	-4.897218E-09	-5.327413E-09	-5.507495E-09	-5.462474E-09	-5.217363E-09	-4.797173E-09	-4.226915E-09	-3.531600E-09	-2.736239E-09	-1.865845E-09	-9.454282E-10	+0.000000E+00	+9.454282E-10	+1.865845E-09	+2.736239E-09	+3.531600E-09	+4.226915E-09	+4.797173E-09	+5.217363E-09	+5.462474E-09	+5.507495E-09	+5.327413E-09	+4.897218E-09	+4.191899E-09	+3.186443E-09	+1.855841E-09	+1.750793E-10	-1.880852E-09	-4.336964E-09	-7.218269E-09	-1.054978E-08	+0.000000E+00	+0.000000E+00	+0.000000E+00	+0.000000E+00	+0.000000E+00	+0.000000E+00	+0.000000E+00	+0.000000E+00	+0.000000E+00	+0.000000E+00	+0.000000E+00	+0.000000E+00	+0.000000E+00	+0.000000E+00	+0.000000E+00	+0.000000E+00	+0.000000E+00	+0.000000E+00	+0.000000E+00	+0.000000E+00
# Matrix ends.
#
#
# ---------------------------------- LICENSE NOTICE -----------------------------------
# THIS DATA IS RELEASED UNDER THE CREATIVE COMMONS LICENSE "CC BY-NC-SA 4.0".
#   This license lets you remix, tweak, and build upon this work non-commercially,
#   as long as you credit me and license your new creations under the terms identical
#   to the current license.
# SEE "https://creativecommons.org/licenses/by-nc-sa/4.0" FOR DETAILS.
#
# RELEASED BY: Chandra Shekhar
#      E-mail: chandraiitk[AT]yahoo[DOT]co[DOT]in
#    Homepage: https://sites.google.com/site/chandraacads
# FOR ANY QUESTION OR COMMENT, OR FOR A COMMERCIAL LICENSE, PLEASE EMAIL ME.
#
# For additional details, please visit my homepage.
#
# ==================================== End of File ====================================
