# ================================== Start of File ====================================
# Spatial dimensions = 2
# Kernel size = 55x55
# Polynomial order = 1x1
# Size of the convolution coefficient matrix = 4x3025
#
# Column# 1:
#    S/A => The left and the right halves of the row are symmetric(S)/anti-symmetric(A) about the middle column.
#           If symmetric elements on the right half, their signs are same as the corresponding elements on the left side.
#           If anti-symmetric elements, the signs are opposite.
# Column# 2~1513 = the left-half columns of the row.
# Column# 1514 = the middle column of the row.
# Column# 1515~3026, which are the right-half columns, are not stored, because they are symmetric/anti-symmetric
#           of the elements in the column# 1513~2, respectively.
# Matrix starts:
	S	+3.305785E-04	+3.305785E-04	+3.305785E-04	+3.305785E-04	+3.305785E-04	+3.305785E-04	+3.305785E-04	+3.305785E-04	+3.305785E-04	+3.305785E-04	+3.305785E-04	+3.305785E-04	+3.305785E-04	+3.305785E-04	+3.305785E-04	+3.305785E-04	+3.305785E-04	+3.305785E-04	+3.305785E-04	+3.305785E-04	+3.305785E-04	+3.305785E-04	+3.305785E-04	+3.305785E-04	+3.305785E-04	+3.305785E-04	+3.305785E-04	+3.305785E-04	+3.305785E-04	+3.305785E-04	+3.305785E-04	+3.305785E-04	+3.305785E-04	+3.305785E-04	+3.305785E-04	+3.305785E-04	+3.305785E-04	+3.305785E-04	+3.305785E-04	+3.305785E-04	+3.305785E-04	+3.305785E-04	+3.305785E-04	+3.305785E-04	+3.305785E-04	+3.305785E-04	+3.305785E-04	+3.305785E-04	+3.305785E-04	+3.305785E-04	+3.305785E-04	+3.305785E-04	+3.305785E-04	+3.305785E-04	+3.305785E-04	+3.305785E-04	+3.305785E-04	+3.305785E-04	+3.305785E-04	+3.305785E-04	+3.305785E-04	+3.305785E-04	+3.305785E-04	+3.305785E-04	+3.305785E-04	+3.305785E-04	+3.305785E-04	+3.305785E-04	+3.305785E-04	+3.305785E-04	+3.305785E-04	+3.305785E-04	+3.305785E-04	+3.305785E-04	+3.305785E-04	+3.305785E-04	+3.305785E-04	+3.305785E-04	+3.305785E-04	+3.305785E-04	+3.305785E-04	+3.305785E-04	+3.305785E-04	+3.305785E-04	+3.305785E-04	+3.305785E-04	+3.305785E-04	+3.305785E-04	+3.305785E-04	+3.305785E-04	+3.305785E-04	+3.305785E-04	+3.305785E-04	+3.305785E-04	+3.305785E-04	+3.305785E-04	+3.305785E-04	+3.305785E-04	+3.305785E-04	+3.305785E-04	+3.305785E-04	+3.305785E-04	+3.305785E-04	+3.305785E-04	+3.305785E-04	+3.305785E-04	+3.305785E-04	+3.305785E-04	+3.305785E-04	+3.305785E-04	+3.305785E-04	+3.305785E-04	+3.305785E-04	+3.305785E-04	+3.305785E-04	+3.305785E-04	+3.305785E-04	+3.305785E-04	+3.305785E-04	+3.305785E-04	+3.305785E-04	+3.305785E-04	+3.305785E-04	+3.305785E-04	+3.305785E-04	+3.305785E-04	+3.305785E-04	+3.305785E-04	+3.305785E-04	+3.305785E-04	+3.305785E-04	+3.305785E-04	+3.305785E-04	+3.305785E-04	+3.305785E-04	+3.305785E-04	+3.305785E-04	+3.305785E-04	+3.305785E-04	+3.305785E-04	+3.305785E-04	+3.305785E-04	+3.305785E-04	+3.305785E-04	+3.305785E-04	+3.305785E-04	+3.305785E-04	+3.305785E-04	+3.305785E-04	+3.305785E-04	+3.305785E-04	+3.305785E-04	+3.305785E-04	+3.305785E-04	+3.305785E-04	+3.305785E-04	+3.305785E-04	+3.305785E-04	+3.305785E-04	+3.305785E-04	+3.305785E-04	+3.305785E-04	+3.305785E-04	+3.305785E-04	+3.305785E-04	+3.305785E-04	+3.305785E-04	+3.305785E-04	+3.305785E-04	+3.305785E-04	+3.305785E-04	+3.305785E-04	+3.305785E-04	+3.305785E-04	+3.305785E-04	+3.305785E-04	+3.305785E-04	+3.305785E-04	+3.305785E-04	+3.305785E-04	+3.305785E-04	+3.305785E-04	+3.305785E-04	+3.305785E-04	+3.305785E-04	+3.305785E-04	+3.305785E-04	+3.305785E-04	+3.305785E-04	+3.305785E-04	+3.305785E-04	+3.305785E-04	+3.305785E-04	+3.305785E-04	+3.305785E-04	+3.305785E-04	+3.305785E-04	+3.305785E-04	+3.305785E-04	+3.305785E-04	+3.305785E-04	+3.305785E-04	+3.305785E-04	+3.305785E-04	+3.305785E-04	+3.305785E-04	+3.305785E-04	+3.305785E-04	+3.305785E-04	+3.305785E-04	+3.305785E-04	+3.305785E-04	+3.305785E-04	+3.305785E-04	+3.305785E-04	+3.305785E-04	+3.305785E-04	+3.305785E-04	+3.305785E-04	+3.305785E-04	+3.305785E-04	+3.305785E-04	+3.305785E-04	+3.305785E-04	+3.305785E-04	+3.305785E-04	+3.305785E-04	+3.305785E-04	+3.305785E-04	+3.305785E-04	+3.305785E-04	+3.305785E-04	+3.305785E-04	+3.305785E-04	+3.305785E-04	+3.305785E-04	+3.305785E-04	+3.305785E-04	+3.305785E-04	+3.305785E-04	+3.305785E-04	+3.305785E-04	+3.305785E-04	+3.305785E-04	+3.305785E-04	+3.305785E-04	+3.305785E-04	+3.305785E-04	+3.305785E-04	+3.305785E-04	+3.305785E-04	+3.305785E-04	+3.305785E-04	+3.305785E-04	+3.305785E-04	+3.305785E-04	+3.305785E-04	+3.305785E-04	+3.305785E-04	+3.305785E-04	+3.305785E-04	+3.305785E-04	+3.305785E-04	+3.305785E-04	+3.305785E-04	+3.305785E-04	+3.305785E-04	+3.305785E-04	+3.305785E-04	+3.305785E-04	+3.305785E-04	+3.305785E-04	+3.305785E-04	+3.305785E-04	+3.305785E-04	+3.305785E-04	+3.305785E-04	+3.305785E-04	+3.305785E-04	+3.305785E-04	+3.305785E-04	+3.305785E-04	+3.305785E-04	+3.305785E-04	+3.305785E-04	+3.305785E-04	+3.305785E-04	+3.305785E-04	+3.305785E-04	+3.305785E-04	+3.305785E-04	+3.305785E-04	+3.305785E-04	+3.305785E-04	+3.305785E-04	+3.305785E-04	+3.305785E-04	+3.305785E-04	+3.305785E-04	+3.305785E-04	+3.305785E-04	+3.305785E-04	+3.305785E-04	+3.305785E-04	+3.305785E-04	+3.305785E-04	+3.305785E-04	+3.305785E-04	+3.305785E-04	+3.305785E-04	+3.305785E-04	+3.305785E-04	+3.305785E-04	+3.305785E-04	+3.305785E-04	+3.305785E-04	+3.305785E-04	+3.305785E-04	+3.305785E-04	+3.305785E-04	+3.305785E-04	+3.305785E-04	+3.305785E-04	+3.305785E-04	+3.305785E-04	+3.305785E-04	+3.305785E-04	+3.305785E-04	+3.305785E-04	+3.305785E-04	+3.305785E-04	+3.305785E-04	+3.305785E-04	+3.305785E-04	+3.305785E-04	+3.305785E-04	+3.305785E-04	+3.305785E-04	+3.305785E-04	+3.305785E-04	+3.305785E-04	+3.305785E-04	+3.305785E-04	+3.305785E-04	+3.305785E-04	+3.305785E-04	+3.305785E-04	+3.305785E-04	+3.305785E-04	+3.305785E-04	+3.305785E-04	+3.305785E-04	+3.305785E-04	+3.305785E-04	+3.305785E-04	+3.305785E-04	+3.305785E-04	+3.305785E-04	+3.305785E-04	+3.305785E-04	+3.305785E-04	+3.305785E-04	+3.305785E-04	+3.305785E-04	+3.305785E-04	+3.305785E-04	+3.305785E-04	+3.305785E-04	+3.305785E-04	+3.305785E-04	+3.305785E-04	+3.305785E-04	+3.305785E-04	+3.305785E-04	+3.305785E-04	+3.305785E-04	+3.305785E-04	+3.305785E-04	+3.305785E-04	+3.305785E-04	+3.305785E-04	+3.305785E-04	+3.305785E-04	+3.305785E-04	+3.305785E-04	+3.305785E-04	+3.305785E-04	+3.305785E-04	+3.305785E-04	+3.305785E-04	+3.305785E-04	+3.305785E-04	+3.305785E-04	+3.305785E-04	+3.305785E-04	+3.305785E-04	+3.305785E-04	+3.305785E-04	+3.305785E-04	+3.305785E-04	+3.305785E-04	+3.305785E-04	+3.305785E-04	+3.305785E-04	+3.305785E-04	+3.305785E-04	+3.305785E-04	+3.305785E-04	+3.305785E-04	+3.305785E-04	+3.305785E-04	+3.305785E-04	+3.305785E-04	+3.305785E-04	+3.305785E-04	+3.305785E-04	+3.305785E-04	+3.305785E-04	+3.305785E-04	+3.305785E-04	+3.305785E-04	+3.305785E-04	+3.305785E-04	+3.305785E-04	+3.305785E-04	+3.305785E-04	+3.305785E-04	+3.305785E-04	+3.305785E-04	+3.305785E-04	+3.305785E-04	+3.305785E-04	+3.305785E-04	+3.305785E-04	+3.305785E-04	+3.305785E-04	+3.305785E-04	+3.305785E-04	+3.305785E-04	+3.305785E-04	+3.305785E-04	+3.305785E-04	+3.305785E-04	+3.305785E-04	+3.305785E-04	+3.305785E-04	+3.305785E-04	+3.305785E-04	+3.305785E-04	+3.305785E-04	+3.305785E-04	+3.305785E-04	+3.305785E-04	+3.305785E-04	+3.305785E-04	+3.305785E-04	+3.305785E-04	+3.305785E-04	+3.305785E-04	+3.305785E-04	+3.305785E-04	+3.305785E-04	+3.305785E-04	+3.305785E-04	+3.305785E-04	+3.305785E-04	+3.305785E-04	+3.305785E-04	+3.305785E-04	+3.305785E-04	+3.305785E-04	+3.305785E-04	+3.305785E-04	+3.305785E-04	+3.305785E-04	+3.305785E-04	+3.305785E-04	+3.305785E-04	+3.305785E-04	+3.305785E-04	+3.305785E-04	+3.305785E-04	+3.305785E-04	+3.305785E-04	+3.305785E-04	+3.305785E-04	+3.305785E-04	+3.305785E-04	+3.305785E-04	+3.305785E-04	+3.305785E-04	+3.305785E-04	+3.305785E-04	+3.305785E-04	+3.305785E-04	+3.305785E-04	+3.305785E-04	+3.305785E-04	+3.305785E-04	+3.305785E-04	+3.305785E-04	+3.305785E-04	+3.305785E-04	+3.305785E-04	+3.305785E-04	+3.305785E-04	+3.305785E-04	+3.305785E-04	+3.305785E-04	+3.305785E-04	+3.305785E-04	+3.305785E-04	+3.305785E-04	+3.305785E-04	+3.305785E-04	+3.305785E-04	+3.305785E-04	+3.305785E-04	+3.305785E-04	+3.305785E-04	+3.305785E-04	+3.305785E-04	+3.305785E-04	+3.305785E-04	+3.305785E-04	+3.305785E-04	+3.305785E-04	+3.305785E-04	+3.305785E-04	+3.305785E-04	+3.305785E-04	+3.305785E-04	+3.305785E-04	+3.305785E-04	+3.305785E-04	+3.305785E-04	+3.305785E-04	+3.305785E-04	+3.305785E-04	+3.305785E-04	+3.305785E-04	+3.305785E-04	+3.305785E-04	+3.305785E-04	+3.305785E-04	+3.305785E-04	+3.305785E-04	+3.305785E-04	+3.305785E-04	+3.305785E-04	+3.305785E-04	+3.305785E-04	+3.305785E-04	+3.305785E-04	+3.305785E-04	+3.305785E-04	+3.305785E-04	+3.305785E-04	+3.305785E-04	+3.305785E-04	+3.305785E-04	+3.305785E-04	+3.305785E-04	+3.305785E-04	+3.305785E-04	+3.305785E-04	+3.305785E-04	+3.305785E-04	+3.305785E-04	+3.305785E-04	+3.305785E-04	+3.305785E-04	+3.305785E-04	+3.305785E-04	+3.305785E-04	+3.305785E-04	+3.305785E-04	+3.305785E-04	+3.305785E-04	+3.305785E-04	+3.305785E-04	+3.305785E-04	+3.305785E-04	+3.305785E-04	+3.305785E-04	+3.305785E-04	+3.305785E-04	+3.305785E-04	+3.305785E-04	+3.305785E-04	+3.305785E-04	+3.305785E-04	+3.305785E-04	+3.305785E-04	+3.305785E-04	+3.305785E-04	+3.305785E-04	+3.305785E-04	+3.305785E-04	+3.305785E-04	+3.305785E-04	+3.305785E-04	+3.305785E-04	+3.305785E-04	+3.305785E-04	+3.305785E-04	+3.305785E-04	+3.305785E-04	+3.305785E-04	+3.305785E-04	+3.305785E-04	+3.305785E-04	+3.305785E-04	+3.305785E-04	+3.305785E-04	+3.305785E-04	+3.305785E-04	+3.305785E-04	+3.305785E-04	+3.305785E-04	+3.305785E-04	+3.305785E-04	+3.305785E-04	+3.305785E-04	+3.305785E-04	+3.305785E-04	+3.305785E-04	+3.305785E-04	+3.305785E-04	+3.305785E-04	+3.305785E-04	+3.305785E-04	+3.305785E-04	+3.305785E-04	+3.305785E-04	+3.305785E-04	+3.305785E-04	+3.305785E-04	+3.305785E-04	+3.305785E-04	+3.305785E-04	+3.305785E-04	+3.305785E-04	+3.305785E-04	+3.305785E-04	+3.305785E-04	+3.305785E-04	+3.305785E-04	+3.305785E-04	+3.305785E-04	+3.305785E-04	+3.305785E-04	+3.305785E-04	+3.305785E-04	+3.305785E-04	+3.305785E-04	+3.305785E-04	+3.305785E-04	+3.305785E-04	+3.305785E-04	+3.305785E-04	+3.305785E-04	+3.305785E-04	+3.305785E-04	+3.305785E-04	+3.305785E-04	+3.305785E-04	+3.305785E-04	+3.305785E-04	+3.305785E-04	+3.305785E-04	+3.305785E-04	+3.305785E-04	+3.305785E-04	+3.305785E-04	+3.305785E-04	+3.305785E-04	+3.305785E-04	+3.305785E-04	+3.305785E-04	+3.305785E-04	+3.305785E-04	+3.305785E-04	+3.305785E-04	+3.305785E-04	+3.305785E-04	+3.305785E-04	+3.305785E-04	+3.305785E-04	+3.305785E-04	+3.305785E-04	+3.305785E-04	+3.305785E-04	+3.305785E-04	+3.305785E-04	+3.305785E-04	+3.305785E-04	+3.305785E-04	+3.305785E-04	+3.305785E-04	+3.305785E-04	+3.305785E-04	+3.305785E-04	+3.305785E-04	+3.305785E-04	+3.305785E-04	+3.305785E-04	+3.305785E-04	+3.305785E-04	+3.305785E-04	+3.305785E-04	+3.305785E-04	+3.305785E-04	+3.305785E-04	+3.305785E-04	+3.305785E-04	+3.305785E-04	+3.305785E-04	+3.305785E-04	+3.305785E-04	+3.305785E-04	+3.305785E-04	+3.305785E-04	+3.305785E-04	+3.305785E-04	+3.305785E-04	+3.305785E-04	+3.305785E-04	+3.305785E-04	+3.305785E-04	+3.305785E-04	+3.305785E-04	+3.305785E-04	+3.305785E-04	+3.305785E-04	+3.305785E-04	+3.305785E-04	+3.305785E-04	+3.305785E-04	+3.305785E-04	+3.305785E-04	+3.305785E-04	+3.305785E-04	+3.305785E-04	+3.305785E-04	+3.305785E-04	+3.305785E-04	+3.305785E-04	+3.305785E-04	+3.305785E-04	+3.305785E-04	+3.305785E-04	+3.305785E-04	+3.305785E-04	+3.305785E-04	+3.305785E-04	+3.305785E-04	+3.305785E-04	+3.305785E-04	+3.305785E-04	+3.305785E-04	+3.305785E-04	+3.305785E-04	+3.305785E-04	+3.305785E-04	+3.305785E-04	+3.305785E-04	+3.305785E-04	+3.305785E-04	+3.305785E-04	+3.305785E-04	+3.305785E-04	+3.305785E-04	+3.305785E-04	+3.305785E-04	+3.305785E-04	+3.305785E-04	+3.305785E-04	+3.305785E-04	+3.305785E-04	+3.305785E-04	+3.305785E-04	+3.305785E-04	+3.305785E-04	+3.305785E-04	+3.305785E-04	+3.305785E-04	+3.305785E-04	+3.305785E-04	+3.305785E-04	+3.305785E-04	+3.305785E-04	+3.305785E-04	+3.305785E-04	+3.305785E-04	+3.305785E-04	+3.305785E-04	+3.305785E-04	+3.305785E-04	+3.305785E-04	+3.305785E-04	+3.305785E-04	+3.305785E-04	+3.305785E-04	+3.305785E-04	+3.305785E-04	+3.305785E-04	+3.305785E-04	+3.305785E-04	+3.305785E-04	+3.305785E-04	+3.305785E-04	+3.305785E-04	+3.305785E-04	+3.305785E-04	+3.305785E-04	+3.305785E-04	+3.305785E-04	+3.305785E-04	+3.305785E-04	+3.305785E-04	+3.305785E-04	+3.305785E-04	+3.305785E-04	+3.305785E-04	+3.305785E-04	+3.305785E-04	+3.305785E-04	+3.305785E-04	+3.305785E-04	+3.305785E-04	+3.305785E-04	+3.305785E-04	+3.305785E-04	+3.305785E-04	+3.305785E-04	+3.305785E-04	+3.305785E-04	+3.305785E-04	+3.305785E-04	+3.305785E-04	+3.305785E-04	+3.305785E-04	+3.305785E-04	+3.305785E-04	+3.305785E-04	+3.305785E-04	+3.305785E-04	+3.305785E-04	+3.305785E-04	+3.305785E-04	+3.305785E-04	+3.305785E-04	+3.305785E-04	+3.305785E-04	+3.305785E-04	+3.305785E-04	+3.305785E-04	+3.305785E-04	+3.305785E-04	+3.305785E-04	+3.305785E-04	+3.305785E-04	+3.305785E-04	+3.305785E-04	+3.305785E-04	+3.305785E-04	+3.305785E-04	+3.305785E-04	+3.305785E-04	+3.305785E-04	+3.305785E-04	+3.305785E-04	+3.305785E-04	+3.305785E-04	+3.305785E-04	+3.305785E-04	+3.305785E-04	+3.305785E-04	+3.305785E-04	+3.305785E-04	+3.305785E-04	+3.305785E-04	+3.305785E-04	+3.305785E-04	+3.305785E-04	+3.305785E-04	+3.305785E-04	+3.305785E-04	+3.305785E-04	+3.305785E-04	+3.305785E-04	+3.305785E-04	+3.305785E-04	+3.305785E-04	+3.305785E-04	+3.305785E-04	+3.305785E-04	+3.305785E-04	+3.305785E-04	+3.305785E-04	+3.305785E-04	+3.305785E-04	+3.305785E-04	+3.305785E-04	+3.305785E-04	+3.305785E-04	+3.305785E-04	+3.305785E-04	+3.305785E-04	+3.305785E-04	+3.305785E-04	+3.305785E-04	+3.305785E-04	+3.305785E-04	+3.305785E-04	+3.305785E-04	+3.305785E-04	+3.305785E-04	+3.305785E-04	+3.305785E-04	+3.305785E-04	+3.305785E-04	+3.305785E-04	+3.305785E-04	+3.305785E-04	+3.305785E-04	+3.305785E-04	+3.305785E-04	+3.305785E-04	+3.305785E-04	+3.305785E-04	+3.305785E-04	+3.305785E-04	+3.305785E-04	+3.305785E-04	+3.305785E-04	+3.305785E-04	+3.305785E-04	+3.305785E-04	+3.305785E-04	+3.305785E-04	+3.305785E-04	+3.305785E-04	+3.305785E-04	+3.305785E-04	+3.305785E-04	+3.305785E-04	+3.305785E-04	+3.305785E-04	+3.305785E-04	+3.305785E-04	+3.305785E-04	+3.305785E-04	+3.305785E-04	+3.305785E-04	+3.305785E-04	+3.305785E-04	+3.305785E-04	+3.305785E-04	+3.305785E-04	+3.305785E-04	+3.305785E-04	+3.305785E-04	+3.305785E-04	+3.305785E-04	+3.305785E-04	+3.305785E-04	+3.305785E-04	+3.305785E-04	+3.305785E-04	+3.305785E-04	+3.305785E-04	+3.305785E-04	+3.305785E-04	+3.305785E-04	+3.305785E-04	+3.305785E-04	+3.305785E-04	+3.305785E-04	+3.305785E-04	+3.305785E-04	+3.305785E-04	+3.305785E-04	+3.305785E-04	+3.305785E-04	+3.305785E-04	+3.305785E-04	+3.305785E-04	+3.305785E-04	+3.305785E-04	+3.305785E-04	+3.305785E-04	+3.305785E-04	+3.305785E-04	+3.305785E-04	+3.305785E-04	+3.305785E-04	+3.305785E-04	+3.305785E-04	+3.305785E-04	+3.305785E-04	+3.305785E-04	+3.305785E-04	+3.305785E-04	+3.305785E-04	+3.305785E-04	+3.305785E-04	+3.305785E-04	+3.305785E-04	+3.305785E-04	+3.305785E-04	+3.305785E-04	+3.305785E-04	+3.305785E-04	+3.305785E-04	+3.305785E-04	+3.305785E-04	+3.305785E-04	+3.305785E-04	+3.305785E-04	+3.305785E-04	+3.305785E-04	+3.305785E-04	+3.305785E-04	+3.305785E-04	+3.305785E-04	+3.305785E-04	+3.305785E-04	+3.305785E-04	+3.305785E-04	+3.305785E-04	+3.305785E-04	+3.305785E-04	+3.305785E-04	+3.305785E-04	+3.305785E-04	+3.305785E-04	+3.305785E-04	+3.305785E-04	+3.305785E-04	+3.305785E-04	+3.305785E-04	+3.305785E-04	+3.305785E-04	+3.305785E-04	+3.305785E-04	+3.305785E-04	+3.305785E-04	+3.305785E-04	+3.305785E-04	+3.305785E-04	+3.305785E-04	+3.305785E-04	+3.305785E-04	+3.305785E-04	+3.305785E-04	+3.305785E-04	+3.305785E-04	+3.305785E-04	+3.305785E-04	+3.305785E-04	+3.305785E-04	+3.305785E-04	+3.305785E-04	+3.305785E-04	+3.305785E-04	+3.305785E-04	+3.305785E-04	+3.305785E-04	+3.305785E-04	+3.305785E-04	+3.305785E-04	+3.305785E-04	+3.305785E-04	+3.305785E-04	+3.305785E-04	+3.305785E-04	+3.305785E-04	+3.305785E-04	+3.305785E-04	+3.305785E-04	+3.305785E-04	+3.305785E-04	+3.305785E-04	+3.305785E-04	+3.305785E-04	+3.305785E-04	+3.305785E-04	+3.305785E-04	+3.305785E-04	+3.305785E-04	+3.305785E-04	+3.305785E-04	+3.305785E-04	+3.305785E-04	+3.305785E-04	+3.305785E-04	+3.305785E-04	+3.305785E-04	+3.305785E-04	+3.305785E-04	+3.305785E-04	+3.305785E-04	+3.305785E-04	+3.305785E-04	+3.305785E-04	+3.305785E-04	+3.305785E-04	+3.305785E-04	+3.305785E-04	+3.305785E-04	+3.305785E-04	+3.305785E-04	+3.305785E-04	+3.305785E-04	+3.305785E-04	+3.305785E-04	+3.305785E-04	+3.305785E-04	+3.305785E-04	+3.305785E-04	+3.305785E-04	+3.305785E-04	+3.305785E-04	+3.305785E-04	+3.305785E-04	+3.305785E-04	+3.305785E-04	+3.305785E-04	+3.305785E-04	+3.305785E-04	+3.305785E-04	+3.305785E-04	+3.305785E-04	+3.305785E-04	+3.305785E-04	+3.305785E-04	+3.305785E-04	+3.305785E-04	+3.305785E-04	+3.305785E-04	+3.305785E-04	+3.305785E-04	+3.305785E-04	+3.305785E-04	+3.305785E-04	+3.305785E-04	+3.305785E-04	+3.305785E-04	+3.305785E-04	+3.305785E-04	+3.305785E-04	+3.305785E-04	+3.305785E-04	+3.305785E-04	+3.305785E-04	+3.305785E-04	+3.305785E-04	+3.305785E-04	+3.305785E-04	+3.305785E-04	+3.305785E-04	+3.305785E-04	+3.305785E-04	+3.305785E-04	+3.305785E-04	+3.305785E-04	+3.305785E-04	+3.305785E-04	+3.305785E-04	+3.305785E-04	+3.305785E-04	+3.305785E-04	+3.305785E-04	+3.305785E-04	+3.305785E-04	+3.305785E-04	+3.305785E-04	+3.305785E-04	+3.305785E-04	+3.305785E-04	+3.305785E-04	+3.305785E-04	+3.305785E-04	+3.305785E-04	+3.305785E-04	+3.305785E-04	+3.305785E-04	+3.305785E-04	+3.305785E-04	+3.305785E-04	+3.305785E-04	+3.305785E-04	+3.305785E-04	+3.305785E-04	+3.305785E-04	+3.305785E-04	+3.305785E-04	+3.305785E-04	+3.305785E-04	+3.305785E-04	+3.305785E-04	+3.305785E-04	+3.305785E-04	+3.305785E-04	+3.305785E-04	+3.305785E-04	+3.305785E-04	+3.305785E-04	+3.305785E-04	+3.305785E-04	+3.305785E-04	+3.305785E-04	+3.305785E-04	+3.305785E-04	+3.305785E-04	+3.305785E-04	+3.305785E-04	+3.305785E-04	+3.305785E-04	+3.305785E-04	+3.305785E-04	+3.305785E-04	+3.305785E-04	+3.305785E-04	+3.305785E-04	+3.305785E-04	+3.305785E-04	+3.305785E-04	+3.305785E-04	+3.305785E-04	+3.305785E-04	+3.305785E-04	+3.305785E-04	+3.305785E-04	+3.305785E-04	+3.305785E-04	+3.305785E-04	+3.305785E-04	+3.305785E-04	+3.305785E-04	+3.305785E-04	+3.305785E-04	+3.305785E-04	+3.305785E-04	+3.305785E-04	+3.305785E-04	+3.305785E-04	+3.305785E-04	+3.305785E-04	+3.305785E-04	+3.305785E-04	+3.305785E-04	+3.305785E-04	+3.305785E-04	+3.305785E-04	+3.305785E-04	+3.305785E-04	+3.305785E-04	+3.305785E-04	+3.305785E-04	+3.305785E-04	+3.305785E-04	+3.305785E-04	+3.305785E-04	+3.305785E-04	+3.305785E-04	+3.305785E-04	+3.305785E-04	+3.305785E-04	+3.305785E-04	+3.305785E-04	+3.305785E-04	+3.305785E-04	+3.305785E-04	+3.305785E-04	+3.305785E-04	+3.305785E-04	+3.305785E-04	+3.305785E-04	+3.305785E-04	+3.305785E-04	+3.305785E-04	+3.305785E-04	+3.305785E-04	+3.305785E-04	+3.305785E-04	+3.305785E-04	+3.305785E-04	+3.305785E-04	+3.305785E-04	+3.305785E-04	+3.305785E-04	+3.305785E-04	+3.305785E-04	+3.305785E-04	+3.305785E-04	+3.305785E-04	+3.305785E-04	+3.305785E-04	+3.305785E-04	+3.305785E-04	+3.305785E-04	+3.305785E-04	+3.305785E-04	+3.305785E-04	+3.305785E-04	+3.305785E-04	+3.305785E-04	+3.305785E-04	+3.305785E-04	+3.305785E-04	+3.305785E-04	+3.305785E-04	+3.305785E-04	+3.305785E-04	+3.305785E-04	+3.305785E-04	+3.305785E-04	+3.305785E-04	+3.305785E-04	+3.305785E-04	+3.305785E-04	+3.305785E-04	+3.305785E-04	+3.305785E-04	+3.305785E-04	+3.305785E-04	+3.305785E-04	+3.305785E-04	+3.305785E-04	+3.305785E-04	+3.305785E-04	+3.305785E-04	+3.305785E-04	+3.305785E-04	+3.305785E-04	+3.305785E-04	+3.305785E-04	+3.305785E-04	+3.305785E-04	+3.305785E-04	+3.305785E-04	+3.305785E-04	+3.305785E-04	+3.305785E-04	+3.305785E-04	+3.305785E-04	+3.305785E-04	+3.305785E-04	+3.305785E-04	+3.305785E-04	+3.305785E-04	+3.305785E-04	+3.305785E-04	+3.305785E-04	+3.305785E-04	+3.305785E-04	+3.305785E-04	+3.305785E-04	+3.305785E-04	+3.305785E-04	+3.305785E-04	+3.305785E-04	+3.305785E-04	+3.305785E-04	+3.305785E-04	+3.305785E-04	+3.305785E-04	+3.305785E-04	+3.305785E-04	+3.305785E-04	+3.305785E-04	+3.305785E-04	+3.305785E-04	+3.305785E-04	+3.305785E-04	+3.305785E-04	+3.305785E-04	+3.305785E-04	+3.305785E-04	+3.305785E-04	+3.305785E-04	+3.305785E-04	+3.305785E-04	+3.305785E-04	+3.305785E-04	+3.305785E-04	+3.305785E-04	+3.305785E-04	+3.305785E-04	+3.305785E-04	+3.305785E-04	+3.305785E-04	+3.305785E-04	+3.305785E-04	+3.305785E-04	+3.305785E-04	+3.305785E-04	+3.305785E-04	+3.305785E-04	+3.305785E-04	+3.305785E-04	+3.305785E-04	+3.305785E-04	+3.305785E-04	+3.305785E-04	+3.305785E-04	+3.305785E-04	+3.305785E-04	+3.305785E-04	+3.305785E-04	+3.305785E-04	+3.305785E-04	+3.305785E-04	+3.305785E-04	+3.305785E-04	+3.305785E-04	+3.305785E-04	+3.305785E-04	+3.305785E-04	+3.305785E-04	+3.305785E-04	+3.305785E-04	+3.305785E-04	+3.305785E-04	+3.305785E-04	+3.305785E-04	+3.305785E-04	+3.305785E-04	+3.305785E-04	+3.305785E-04	+3.305785E-04	+3.305785E-04	+3.305785E-04	+3.305785E-04	+3.305785E-04	+3.305785E-04	+3.305785E-04	+3.305785E-04	+3.305785E-04	+3.305785E-04	+3.305785E-04	+3.305785E-04	+3.305785E-04	+3.305785E-04	+3.305785E-04	+3.305785E-04	+3.305785E-04	+3.305785E-04	+3.305785E-04	+3.305785E-04	+3.305785E-04	+3.305785E-04	+3.305785E-04	+3.305785E-04	+3.305785E-04	+3.305785E-04	+3.305785E-04	+3.305785E-04	+3.305785E-04	+3.305785E-04	+3.305785E-04	+3.305785E-04	+3.305785E-04	+3.305785E-04	+3.305785E-04	+3.305785E-04	+3.305785E-04	+3.305785E-04	+3.305785E-04	+3.305785E-04	+3.305785E-04	+3.305785E-04	+3.305785E-04	+3.305785E-04	+3.305785E-04	+3.305785E-04	+3.305785E-04	+3.305785E-04	+3.305785E-04	+3.305785E-04	+3.305785E-04	+3.305785E-04	+3.305785E-04	+3.305785E-04	+3.305785E-04	+3.305785E-04	+3.305785E-04	+3.305785E-04	+3.305785E-04	+3.305785E-04	+3.305785E-04	+3.305785E-04	+3.305785E-04	+3.305785E-04	+3.305785E-04	+3.305785E-04	+3.305785E-04	+3.305785E-04	+3.305785E-04	+3.305785E-04	+3.305785E-04	+3.305785E-04	+3.305785E-04	+3.305785E-04	+3.305785E-04	+3.305785E-04	+3.305785E-04	+3.305785E-04	+3.305785E-04	+3.305785E-04
	A	-3.541913E-05	-3.410731E-05	-3.279549E-05	-3.148367E-05	-3.017185E-05	-2.886003E-05	-2.754821E-05	-2.623639E-05	-2.492457E-05	-2.361275E-05	-2.230093E-05	-2.098911E-05	-1.967729E-05	-1.836547E-05	-1.705365E-05	-1.574183E-05	-1.443001E-05	-1.311819E-05	-1.180638E-05	-1.049456E-05	-9.182736E-06	-7.870917E-06	-6.559097E-06	-5.247278E-06	-3.935458E-06	-2.623639E-06	-1.311819E-06	+0.000000E+00	+1.311819E-06	+2.623639E-06	+3.935458E-06	+5.247278E-06	+6.559097E-06	+7.870917E-06	+9.182736E-06	+1.049456E-05	+1.180638E-05	+1.311819E-05	+1.443001E-05	+1.574183E-05	+1.705365E-05	+1.836547E-05	+1.967729E-05	+2.098911E-05	+2.230093E-05	+2.361275E-05	+2.492457E-05	+2.623639E-05	+2.754821E-05	+2.886003E-05	+3.017185E-05	+3.148367E-05	+3.279549E-05	+3.410731E-05	+3.541913E-05	-3.541913E-05	-3.410731E-05	-3.279549E-05	-3.148367E-05	-3.017185E-05	-2.886003E-05	-2.754821E-05	-2.623639E-05	-2.492457E-05	-2.361275E-05	-2.230093E-05	-2.098911E-05	-1.967729E-05	-1.836547E-05	-1.705365E-05	-1.574183E-05	-1.443001E-05	-1.311819E-05	-1.180638E-05	-1.049456E-05	-9.182736E-06	-7.870917E-06	-6.559097E-06	-5.247278E-06	-3.935458E-06	-2.623639E-06	-1.311819E-06	+0.000000E+00	+1.311819E-06	+2.623639E-06	+3.935458E-06	+5.247278E-06	+6.559097E-06	+7.870917E-06	+9.182736E-06	+1.049456E-05	+1.180638E-05	+1.311819E-05	+1.443001E-05	+1.574183E-05	+1.705365E-05	+1.836547E-05	+1.967729E-05	+2.098911E-05	+2.230093E-05	+2.361275E-05	+2.492457E-05	+2.623639E-05	+2.754821E-05	+2.886003E-05	+3.017185E-05	+3.148367E-05	+3.279549E-05	+3.410731E-05	+3.541913E-05	-3.541913E-05	-3.410731E-05	-3.279549E-05	-3.148367E-05	-3.017185E-05	-2.886003E-05	-2.754821E-05	-2.623639E-05	-2.492457E-05	-2.361275E-05	-2.230093E-05	-2.098911E-05	-1.967729E-05	-1.836547E-05	-1.705365E-05	-1.574183E-05	-1.443001E-05	-1.311819E-05	-1.180638E-05	-1.049456E-05	-9.182736E-06	-7.870917E-06	-6.559097E-06	-5.247278E-06	-3.935458E-06	-2.623639E-06	-1.311819E-06	+0.000000E+00	+1.311819E-06	+2.623639E-06	+3.935458E-06	+5.247278E-06	+6.559097E-06	+7.870917E-06	+9.182736E-06	+1.049456E-05	+1.180638E-05	+1.311819E-05	+1.443001E-05	+1.574183E-05	+1.705365E-05	+1.836547E-05	+1.967729E-05	+2.098911E-05	+2.230093E-05	+2.361275E-05	+2.492457E-05	+2.623639E-05	+2.754821E-05	+2.886003E-05	+3.017185E-05	+3.148367E-05	+3.279549E-05	+3.410731E-05	+3.541913E-05	-3.541913E-05	-3.410731E-05	-3.279549E-05	-3.148367E-05	-3.017185E-05	-2.886003E-05	-2.754821E-05	-2.623639E-05	-2.492457E-05	-2.361275E-05	-2.230093E-05	-2.098911E-05	-1.967729E-05	-1.836547E-05	-1.705365E-05	-1.574183E-05	-1.443001E-05	-1.311819E-05	-1.180638E-05	-1.049456E-05	-9.182736E-06	-7.870917E-06	-6.559097E-06	-5.247278E-06	-3.935458E-06	-2.623639E-06	-1.311819E-06	+0.000000E+00	+1.311819E-06	+2.623639E-06	+3.935458E-06	+5.247278E-06	+6.559097E-06	+7.870917E-06	+9.182736E-06	+1.049456E-05	+1.180638E-05	+1.311819E-05	+1.443001E-05	+1.574183E-05	+1.705365E-05	+1.836547E-05	+1.967729E-05	+2.098911E-05	+2.230093E-05	+2.361275E-05	+2.492457E-05	+2.623639E-05	+2.754821E-05	+2.886003E-05	+3.017185E-05	+3.148367E-05	+3.279549E-05	+3.410731E-05	+3.541913E-05	-3.541913E-05	-3.410731E-05	-3.279549E-05	-3.148367E-05	-3.017185E-05	-2.886003E-05	-2.754821E-05	-2.623639E-05	-2.492457E-05	-2.361275E-05	-2.230093E-05	-2.098911E-05	-1.967729E-05	-1.836547E-05	-1.705365E-05	-1.574183E-05	-1.443001E-05	-1.311819E-05	-1.180638E-05	-1.049456E-05	-9.182736E-06	-7.870917E-06	-6.559097E-06	-5.247278E-06	-3.935458E-06	-2.623639E-06	-1.311819E-06	+0.000000E+00	+1.311819E-06	+2.623639E-06	+3.935458E-06	+5.247278E-06	+6.559097E-06	+7.870917E-06	+9.182736E-06	+1.049456E-05	+1.180638E-05	+1.311819E-05	+1.443001E-05	+1.574183E-05	+1.705365E-05	+1.836547E-05	+1.967729E-05	+2.098911E-05	+2.230093E-05	+2.361275E-05	+2.492457E-05	+2.623639E-05	+2.754821E-05	+2.886003E-05	+3.017185E-05	+3.148367E-05	+3.279549E-05	+3.410731E-05	+3.541913E-05	-3.541913E-05	-3.410731E-05	-3.279549E-05	-3.148367E-05	-3.017185E-05	-2.886003E-05	-2.754821E-05	-2.623639E-05	-2.492457E-05	-2.361275E-05	-2.230093E-05	-2.098911E-05	-1.967729E-05	-1.836547E-05	-1.705365E-05	-1.574183E-05	-1.443001E-05	-1.311819E-05	-1.180638E-05	-1.049456E-05	-9.182736E-06	-7.870917E-06	-6.559097E-06	-5.247278E-06	-3.935458E-06	-2.623639E-06	-1.311819E-06	+0.000000E+00	+1.311819E-06	+2.623639E-06	+3.935458E-06	+5.247278E-06	+6.559097E-06	+7.870917E-06	+9.182736E-06	+1.049456E-05	+1.180638E-05	+1.311819E-05	+1.443001E-05	+1.574183E-05	+1.705365E-05	+1.836547E-05	+1.967729E-05	+2.098911E-05	+2.230093E-05	+2.361275E-05	+2.492457E-05	+2.623639E-05	+2.754821E-05	+2.886003E-05	+3.017185E-05	+3.148367E-05	+3.279549E-05	+3.410731E-05	+3.541913E-05	-3.541913E-05	-3.410731E-05	-3.279549E-05	-3.148367E-05	-3.017185E-05	-2.886003E-05	-2.754821E-05	-2.623639E-05	-2.492457E-05	-2.361275E-05	-2.230093E-05	-2.098911E-05	-1.967729E-05	-1.836547E-05	-1.705365E-05	-1.574183E-05	-1.443001E-05	-1.311819E-05	-1.180638E-05	-1.049456E-05	-9.182736E-06	-7.870917E-06	-6.559097E-06	-5.247278E-06	-3.935458E-06	-2.623639E-06	-1.311819E-06	+0.000000E+00	+1.311819E-06	+2.623639E-06	+3.935458E-06	+5.247278E-06	+6.559097E-06	+7.870917E-06	+9.182736E-06	+1.049456E-05	+1.180638E-05	+1.311819E-05	+1.443001E-05	+1.574183E-05	+1.705365E-05	+1.836547E-05	+1.967729E-05	+2.098911E-05	+2.230093E-05	+2.361275E-05	+2.492457E-05	+2.623639E-05	+2.754821E-05	+2.886003E-05	+3.017185E-05	+3.148367E-05	+3.279549E-05	+3.410731E-05	+3.541913E-05	-3.541913E-05	-3.410731E-05	-3.279549E-05	-3.148367E-05	-3.017185E-05	-2.886003E-05	-2.754821E-05	-2.623639E-05	-2.492457E-05	-2.361275E-05	-2.230093E-05	-2.098911E-05	-1.967729E-05	-1.836547E-05	-1.705365E-05	-1.574183E-05	-1.443001E-05	-1.311819E-05	-1.180638E-05	-1.049456E-05	-9.182736E-06	-7.870917E-06	-6.559097E-06	-5.247278E-06	-3.935458E-06	-2.623639E-06	-1.311819E-06	+0.000000E+00	+1.311819E-06	+2.623639E-06	+3.935458E-06	+5.247278E-06	+6.559097E-06	+7.870917E-06	+9.182736E-06	+1.049456E-05	+1.180638E-05	+1.311819E-05	+1.443001E-05	+1.574183E-05	+1.705365E-05	+1.836547E-05	+1.967729E-05	+2.098911E-05	+2.230093E-05	+2.361275E-05	+2.492457E-05	+2.623639E-05	+2.754821E-05	+2.886003E-05	+3.017185E-05	+3.148367E-05	+3.279549E-05	+3.410731E-05	+3.541913E-05	-3.541913E-05	-3.410731E-05	-3.279549E-05	-3.148367E-05	-3.017185E-05	-2.886003E-05	-2.754821E-05	-2.623639E-05	-2.492457E-05	-2.361275E-05	-2.230093E-05	-2.098911E-05	-1.967729E-05	-1.836547E-05	-1.705365E-05	-1.574183E-05	-1.443001E-05	-1.311819E-05	-1.180638E-05	-1.049456E-05	-9.182736E-06	-7.870917E-06	-6.559097E-06	-5.247278E-06	-3.935458E-06	-2.623639E-06	-1.311819E-06	+0.000000E+00	+1.311819E-06	+2.623639E-06	+3.935458E-06	+5.247278E-06	+6.559097E-06	+7.870917E-06	+9.182736E-06	+1.049456E-05	+1.180638E-05	+1.311819E-05	+1.443001E-05	+1.574183E-05	+1.705365E-05	+1.836547E-05	+1.967729E-05	+2.098911E-05	+2.230093E-05	+2.361275E-05	+2.492457E-05	+2.623639E-05	+2.754821E-05	+2.886003E-05	+3.017185E-05	+3.148367E-05	+3.279549E-05	+3.410731E-05	+3.541913E-05	-3.541913E-05	-3.410731E-05	-3.279549E-05	-3.148367E-05	-3.017185E-05	-2.886003E-05	-2.754821E-05	-2.623639E-05	-2.492457E-05	-2.361275E-05	-2.230093E-05	-2.098911E-05	-1.967729E-05	-1.836547E-05	-1.705365E-05	-1.574183E-05	-1.443001E-05	-1.311819E-05	-1.180638E-05	-1.049456E-05	-9.182736E-06	-7.870917E-06	-6.559097E-06	-5.247278E-06	-3.935458E-06	-2.623639E-06	-1.311819E-06	+0.000000E+00	+1.311819E-06	+2.623639E-06	+3.935458E-06	+5.247278E-06	+6.559097E-06	+7.870917E-06	+9.182736E-06	+1.049456E-05	+1.180638E-05	+1.311819E-05	+1.443001E-05	+1.574183E-05	+1.705365E-05	+1.836547E-05	+1.967729E-05	+2.098911E-05	+2.230093E-05	+2.361275E-05	+2.492457E-05	+2.623639E-05	+2.754821E-05	+2.886003E-05	+3.017185E-05	+3.148367E-05	+3.279549E-05	+3.410731E-05	+3.541913E-05	-3.541913E-05	-3.410731E-05	-3.279549E-05	-3.148367E-05	-3.017185E-05	-2.886003E-05	-2.754821E-05	-2.623639E-05	-2.492457E-05	-2.361275E-05	-2.230093E-05	-2.098911E-05	-1.967729E-05	-1.836547E-05	-1.705365E-05	-1.574183E-05	-1.443001E-05	-1.311819E-05	-1.180638E-05	-1.049456E-05	-9.182736E-06	-7.870917E-06	-6.559097E-06	-5.247278E-06	-3.935458E-06	-2.623639E-06	-1.311819E-06	+0.000000E+00	+1.311819E-06	+2.623639E-06	+3.935458E-06	+5.247278E-06	+6.559097E-06	+7.870917E-06	+9.182736E-06	+1.049456E-05	+1.180638E-05	+1.311819E-05	+1.443001E-05	+1.574183E-05	+1.705365E-05	+1.836547E-05	+1.967729E-05	+2.098911E-05	+2.230093E-05	+2.361275E-05	+2.492457E-05	+2.623639E-05	+2.754821E-05	+2.886003E-05	+3.017185E-05	+3.148367E-05	+3.279549E-05	+3.410731E-05	+3.541913E-05	-3.541913E-05	-3.410731E-05	-3.279549E-05	-3.148367E-05	-3.017185E-05	-2.886003E-05	-2.754821E-05	-2.623639E-05	-2.492457E-05	-2.361275E-05	-2.230093E-05	-2.098911E-05	-1.967729E-05	-1.836547E-05	-1.705365E-05	-1.574183E-05	-1.443001E-05	-1.311819E-05	-1.180638E-05	-1.049456E-05	-9.182736E-06	-7.870917E-06	-6.559097E-06	-5.247278E-06	-3.935458E-06	-2.623639E-06	-1.311819E-06	+0.000000E+00	+1.311819E-06	+2.623639E-06	+3.935458E-06	+5.247278E-06	+6.559097E-06	+7.870917E-06	+9.182736E-06	+1.049456E-05	+1.180638E-05	+1.311819E-05	+1.443001E-05	+1.574183E-05	+1.705365E-05	+1.836547E-05	+1.967729E-05	+2.098911E-05	+2.230093E-05	+2.361275E-05	+2.492457E-05	+2.623639E-05	+2.754821E-05	+2.886003E-05	+3.017185E-05	+3.148367E-05	+3.279549E-05	+3.410731E-05	+3.541913E-05	-3.541913E-05	-3.410731E-05	-3.279549E-05	-3.148367E-05	-3.017185E-05	-2.886003E-05	-2.754821E-05	-2.623639E-05	-2.492457E-05	-2.361275E-05	-2.230093E-05	-2.098911E-05	-1.967729E-05	-1.836547E-05	-1.705365E-05	-1.574183E-05	-1.443001E-05	-1.311819E-05	-1.180638E-05	-1.049456E-05	-9.182736E-06	-7.870917E-06	-6.559097E-06	-5.247278E-06	-3.935458E-06	-2.623639E-06	-1.311819E-06	+0.000000E+00	+1.311819E-06	+2.623639E-06	+3.935458E-06	+5.247278E-06	+6.559097E-06	+7.870917E-06	+9.182736E-06	+1.049456E-05	+1.180638E-05	+1.311819E-05	+1.443001E-05	+1.574183E-05	+1.705365E-05	+1.836547E-05	+1.967729E-05	+2.098911E-05	+2.230093E-05	+2.361275E-05	+2.492457E-05	+2.623639E-05	+2.754821E-05	+2.886003E-05	+3.017185E-05	+3.148367E-05	+3.279549E-05	+3.410731E-05	+3.541913E-05	-3.541913E-05	-3.410731E-05	-3.279549E-05	-3.148367E-05	-3.017185E-05	-2.886003E-05	-2.754821E-05	-2.623639E-05	-2.492457E-05	-2.361275E-05	-2.230093E-05	-2.098911E-05	-1.967729E-05	-1.836547E-05	-1.705365E-05	-1.574183E-05	-1.443001E-05	-1.311819E-05	-1.180638E-05	-1.049456E-05	-9.182736E-06	-7.870917E-06	-6.559097E-06	-5.247278E-06	-3.935458E-06	-2.623639E-06	-1.311819E-06	+0.000000E+00	+1.311819E-06	+2.623639E-06	+3.935458E-06	+5.247278E-06	+6.559097E-06	+7.870917E-06	+9.182736E-06	+1.049456E-05	+1.180638E-05	+1.311819E-05	+1.443001E-05	+1.574183E-05	+1.705365E-05	+1.836547E-05	+1.967729E-05	+2.098911E-05	+2.230093E-05	+2.361275E-05	+2.492457E-05	+2.623639E-05	+2.754821E-05	+2.886003E-05	+3.017185E-05	+3.148367E-05	+3.279549E-05	+3.410731E-05	+3.541913E-05	-3.541913E-05	-3.410731E-05	-3.279549E-05	-3.148367E-05	-3.017185E-05	-2.886003E-05	-2.754821E-05	-2.623639E-05	-2.492457E-05	-2.361275E-05	-2.230093E-05	-2.098911E-05	-1.967729E-05	-1.836547E-05	-1.705365E-05	-1.574183E-05	-1.443001E-05	-1.311819E-05	-1.180638E-05	-1.049456E-05	-9.182736E-06	-7.870917E-06	-6.559097E-06	-5.247278E-06	-3.935458E-06	-2.623639E-06	-1.311819E-06	+0.000000E+00	+1.311819E-06	+2.623639E-06	+3.935458E-06	+5.247278E-06	+6.559097E-06	+7.870917E-06	+9.182736E-06	+1.049456E-05	+1.180638E-05	+1.311819E-05	+1.443001E-05	+1.574183E-05	+1.705365E-05	+1.836547E-05	+1.967729E-05	+2.098911E-05	+2.230093E-05	+2.361275E-05	+2.492457E-05	+2.623639E-05	+2.754821E-05	+2.886003E-05	+3.017185E-05	+3.148367E-05	+3.279549E-05	+3.410731E-05	+3.541913E-05	-3.541913E-05	-3.410731E-05	-3.279549E-05	-3.148367E-05	-3.017185E-05	-2.886003E-05	-2.754821E-05	-2.623639E-05	-2.492457E-05	-2.361275E-05	-2.230093E-05	-2.098911E-05	-1.967729E-05	-1.836547E-05	-1.705365E-05	-1.574183E-05	-1.443001E-05	-1.311819E-05	-1.180638E-05	-1.049456E-05	-9.182736E-06	-7.870917E-06	-6.559097E-06	-5.247278E-06	-3.935458E-06	-2.623639E-06	-1.311819E-06	+0.000000E+00	+1.311819E-06	+2.623639E-06	+3.935458E-06	+5.247278E-06	+6.559097E-06	+7.870917E-06	+9.182736E-06	+1.049456E-05	+1.180638E-05	+1.311819E-05	+1.443001E-05	+1.574183E-05	+1.705365E-05	+1.836547E-05	+1.967729E-05	+2.098911E-05	+2.230093E-05	+2.361275E-05	+2.492457E-05	+2.623639E-05	+2.754821E-05	+2.886003E-05	+3.017185E-05	+3.148367E-05	+3.279549E-05	+3.410731E-05	+3.541913E-05	-3.541913E-05	-3.410731E-05	-3.279549E-05	-3.148367E-05	-3.017185E-05	-2.886003E-05	-2.754821E-05	-2.623639E-05	-2.492457E-05	-2.361275E-05	-2.230093E-05	-2.098911E-05	-1.967729E-05	-1.836547E-05	-1.705365E-05	-1.574183E-05	-1.443001E-05	-1.311819E-05	-1.180638E-05	-1.049456E-05	-9.182736E-06	-7.870917E-06	-6.559097E-06	-5.247278E-06	-3.935458E-06	-2.623639E-06	-1.311819E-06	+0.000000E+00	+1.311819E-06	+2.623639E-06	+3.935458E-06	+5.247278E-06	+6.559097E-06	+7.870917E-06	+9.182736E-06	+1.049456E-05	+1.180638E-05	+1.311819E-05	+1.443001E-05	+1.574183E-05	+1.705365E-05	+1.836547E-05	+1.967729E-05	+2.098911E-05	+2.230093E-05	+2.361275E-05	+2.492457E-05	+2.623639E-05	+2.754821E-05	+2.886003E-05	+3.017185E-05	+3.148367E-05	+3.279549E-05	+3.410731E-05	+3.541913E-05	-3.541913E-05	-3.410731E-05	-3.279549E-05	-3.148367E-05	-3.017185E-05	-2.886003E-05	-2.754821E-05	-2.623639E-05	-2.492457E-05	-2.361275E-05	-2.230093E-05	-2.098911E-05	-1.967729E-05	-1.836547E-05	-1.705365E-05	-1.574183E-05	-1.443001E-05	-1.311819E-05	-1.180638E-05	-1.049456E-05	-9.182736E-06	-7.870917E-06	-6.559097E-06	-5.247278E-06	-3.935458E-06	-2.623639E-06	-1.311819E-06	+0.000000E+00	+1.311819E-06	+2.623639E-06	+3.935458E-06	+5.247278E-06	+6.559097E-06	+7.870917E-06	+9.182736E-06	+1.049456E-05	+1.180638E-05	+1.311819E-05	+1.443001E-05	+1.574183E-05	+1.705365E-05	+1.836547E-05	+1.967729E-05	+2.098911E-05	+2.230093E-05	+2.361275E-05	+2.492457E-05	+2.623639E-05	+2.754821E-05	+2.886003E-05	+3.017185E-05	+3.148367E-05	+3.279549E-05	+3.410731E-05	+3.541913E-05	-3.541913E-05	-3.410731E-05	-3.279549E-05	-3.148367E-05	-3.017185E-05	-2.886003E-05	-2.754821E-05	-2.623639E-05	-2.492457E-05	-2.361275E-05	-2.230093E-05	-2.098911E-05	-1.967729E-05	-1.836547E-05	-1.705365E-05	-1.574183E-05	-1.443001E-05	-1.311819E-05	-1.180638E-05	-1.049456E-05	-9.182736E-06	-7.870917E-06	-6.559097E-06	-5.247278E-06	-3.935458E-06	-2.623639E-06	-1.311819E-06	+0.000000E+00	+1.311819E-06	+2.623639E-06	+3.935458E-06	+5.247278E-06	+6.559097E-06	+7.870917E-06	+9.182736E-06	+1.049456E-05	+1.180638E-05	+1.311819E-05	+1.443001E-05	+1.574183E-05	+1.705365E-05	+1.836547E-05	+1.967729E-05	+2.098911E-05	+2.230093E-05	+2.361275E-05	+2.492457E-05	+2.623639E-05	+2.754821E-05	+2.886003E-05	+3.017185E-05	+3.148367E-05	+3.279549E-05	+3.410731E-05	+3.541913E-05	-3.541913E-05	-3.410731E-05	-3.279549E-05	-3.148367E-05	-3.017185E-05	-2.886003E-05	-2.754821E-05	-2.623639E-05	-2.492457E-05	-2.361275E-05	-2.230093E-05	-2.098911E-05	-1.967729E-05	-1.836547E-05	-1.705365E-05	-1.574183E-05	-1.443001E-05	-1.311819E-05	-1.180638E-05	-1.049456E-05	-9.182736E-06	-7.870917E-06	-6.559097E-06	-5.247278E-06	-3.935458E-06	-2.623639E-06	-1.311819E-06	+0.000000E+00	+1.311819E-06	+2.623639E-06	+3.935458E-06	+5.247278E-06	+6.559097E-06	+7.870917E-06	+9.182736E-06	+1.049456E-05	+1.180638E-05	+1.311819E-05	+1.443001E-05	+1.574183E-05	+1.705365E-05	+1.836547E-05	+1.967729E-05	+2.098911E-05	+2.230093E-05	+2.361275E-05	+2.492457E-05	+2.623639E-05	+2.754821E-05	+2.886003E-05	+3.017185E-05	+3.148367E-05	+3.279549E-05	+3.410731E-05	+3.541913E-05	-3.541913E-05	-3.410731E-05	-3.279549E-05	-3.148367E-05	-3.017185E-05	-2.886003E-05	-2.754821E-05	-2.623639E-05	-2.492457E-05	-2.361275E-05	-2.230093E-05	-2.098911E-05	-1.967729E-05	-1.836547E-05	-1.705365E-05	-1.574183E-05	-1.443001E-05	-1.311819E-05	-1.180638E-05	-1.049456E-05	-9.182736E-06	-7.870917E-06	-6.559097E-06	-5.247278E-06	-3.935458E-06	-2.623639E-06	-1.311819E-06	+0.000000E+00	+1.311819E-06	+2.623639E-06	+3.935458E-06	+5.247278E-06	+6.559097E-06	+7.870917E-06	+9.182736E-06	+1.049456E-05	+1.180638E-05	+1.311819E-05	+1.443001E-05	+1.574183E-05	+1.705365E-05	+1.836547E-05	+1.967729E-05	+2.098911E-05	+2.230093E-05	+2.361275E-05	+2.492457E-05	+2.623639E-05	+2.754821E-05	+2.886003E-05	+3.017185E-05	+3.148367E-05	+3.279549E-05	+3.410731E-05	+3.541913E-05	-3.541913E-05	-3.410731E-05	-3.279549E-05	-3.148367E-05	-3.017185E-05	-2.886003E-05	-2.754821E-05	-2.623639E-05	-2.492457E-05	-2.361275E-05	-2.230093E-05	-2.098911E-05	-1.967729E-05	-1.836547E-05	-1.705365E-05	-1.574183E-05	-1.443001E-05	-1.311819E-05	-1.180638E-05	-1.049456E-05	-9.182736E-06	-7.870917E-06	-6.559097E-06	-5.247278E-06	-3.935458E-06	-2.623639E-06	-1.311819E-06	+0.000000E+00	+1.311819E-06	+2.623639E-06	+3.935458E-06	+5.247278E-06	+6.559097E-06	+7.870917E-06	+9.182736E-06	+1.049456E-05	+1.180638E-05	+1.311819E-05	+1.443001E-05	+1.574183E-05	+1.705365E-05	+1.836547E-05	+1.967729E-05	+2.098911E-05	+2.230093E-05	+2.361275E-05	+2.492457E-05	+2.623639E-05	+2.754821E-05	+2.886003E-05	+3.017185E-05	+3.148367E-05	+3.279549E-05	+3.410731E-05	+3.541913E-05	-3.541913E-05	-3.410731E-05	-3.279549E-05	-3.148367E-05	-3.017185E-05	-2.886003E-05	-2.754821E-05	-2.623639E-05	-2.492457E-05	-2.361275E-05	-2.230093E-05	-2.098911E-05	-1.967729E-05	-1.836547E-05	-1.705365E-05	-1.574183E-05	-1.443001E-05	-1.311819E-05	-1.180638E-05	-1.049456E-05	-9.182736E-06	-7.870917E-06	-6.559097E-06	-5.247278E-06	-3.935458E-06	-2.623639E-06	-1.311819E-06	+0.000000E+00	+1.311819E-06	+2.623639E-06	+3.935458E-06	+5.247278E-06	+6.559097E-06	+7.870917E-06	+9.182736E-06	+1.049456E-05	+1.180638E-05	+1.311819E-05	+1.443001E-05	+1.574183E-05	+1.705365E-05	+1.836547E-05	+1.967729E-05	+2.098911E-05	+2.230093E-05	+2.361275E-05	+2.492457E-05	+2.623639E-05	+2.754821E-05	+2.886003E-05	+3.017185E-05	+3.148367E-05	+3.279549E-05	+3.410731E-05	+3.541913E-05	-3.541913E-05	-3.410731E-05	-3.279549E-05	-3.148367E-05	-3.017185E-05	-2.886003E-05	-2.754821E-05	-2.623639E-05	-2.492457E-05	-2.361275E-05	-2.230093E-05	-2.098911E-05	-1.967729E-05	-1.836547E-05	-1.705365E-05	-1.574183E-05	-1.443001E-05	-1.311819E-05	-1.180638E-05	-1.049456E-05	-9.182736E-06	-7.870917E-06	-6.559097E-06	-5.247278E-06	-3.935458E-06	-2.623639E-06	-1.311819E-06	+0.000000E+00	+1.311819E-06	+2.623639E-06	+3.935458E-06	+5.247278E-06	+6.559097E-06	+7.870917E-06	+9.182736E-06	+1.049456E-05	+1.180638E-05	+1.311819E-05	+1.443001E-05	+1.574183E-05	+1.705365E-05	+1.836547E-05	+1.967729E-05	+2.098911E-05	+2.230093E-05	+2.361275E-05	+2.492457E-05	+2.623639E-05	+2.754821E-05	+2.886003E-05	+3.017185E-05	+3.148367E-05	+3.279549E-05	+3.410731E-05	+3.541913E-05	-3.541913E-05	-3.410731E-05	-3.279549E-05	-3.148367E-05	-3.017185E-05	-2.886003E-05	-2.754821E-05	-2.623639E-05	-2.492457E-05	-2.361275E-05	-2.230093E-05	-2.098911E-05	-1.967729E-05	-1.836547E-05	-1.705365E-05	-1.574183E-05	-1.443001E-05	-1.311819E-05	-1.180638E-05	-1.049456E-05	-9.182736E-06	-7.870917E-06	-6.559097E-06	-5.247278E-06	-3.935458E-06	-2.623639E-06	-1.311819E-06	+0.000000E+00	+1.311819E-06	+2.623639E-06	+3.935458E-06	+5.247278E-06	+6.559097E-06	+7.870917E-06	+9.182736E-06	+1.049456E-05	+1.180638E-05	+1.311819E-05	+1.443001E-05	+1.574183E-05	+1.705365E-05	+1.836547E-05	+1.967729E-05	+2.098911E-05	+2.230093E-05	+2.361275E-05	+2.492457E-05	+2.623639E-05	+2.754821E-05	+2.886003E-05	+3.017185E-05	+3.148367E-05	+3.279549E-05	+3.410731E-05	+3.541913E-05	-3.541913E-05	-3.410731E-05	-3.279549E-05	-3.148367E-05	-3.017185E-05	-2.886003E-05	-2.754821E-05	-2.623639E-05	-2.492457E-05	-2.361275E-05	-2.230093E-05	-2.098911E-05	-1.967729E-05	-1.836547E-05	-1.705365E-05	-1.574183E-05	-1.443001E-05	-1.311819E-05	-1.180638E-05	-1.049456E-05	-9.182736E-06	-7.870917E-06	-6.559097E-06	-5.247278E-06	-3.935458E-06	-2.623639E-06	-1.311819E-06	+0.000000E+00	+1.311819E-06	+2.623639E-06	+3.935458E-06	+5.247278E-06	+6.559097E-06	+7.870917E-06	+9.182736E-06	+1.049456E-05	+1.180638E-05	+1.311819E-05	+1.443001E-05	+1.574183E-05	+1.705365E-05	+1.836547E-05	+1.967729E-05	+2.098911E-05	+2.230093E-05	+2.361275E-05	+2.492457E-05	+2.623639E-05	+2.754821E-05	+2.886003E-05	+3.017185E-05	+3.148367E-05	+3.279549E-05	+3.410731E-05	+3.541913E-05	-3.541913E-05	-3.410731E-05	-3.279549E-05	-3.148367E-05	-3.017185E-05	-2.886003E-05	-2.754821E-05	-2.623639E-05	-2.492457E-05	-2.361275E-05	-2.230093E-05	-2.098911E-05	-1.967729E-05	-1.836547E-05	-1.705365E-05	-1.574183E-05	-1.443001E-05	-1.311819E-05	-1.180638E-05	-1.049456E-05	-9.182736E-06	-7.870917E-06	-6.559097E-06	-5.247278E-06	-3.935458E-06	-2.623639E-06	-1.311819E-06	+0.000000E+00	+1.311819E-06	+2.623639E-06	+3.935458E-06	+5.247278E-06	+6.559097E-06	+7.870917E-06	+9.182736E-06	+1.049456E-05	+1.180638E-05	+1.311819E-05	+1.443001E-05	+1.574183E-05	+1.705365E-05	+1.836547E-05	+1.967729E-05	+2.098911E-05	+2.230093E-05	+2.361275E-05	+2.492457E-05	+2.623639E-05	+2.754821E-05	+2.886003E-05	+3.017185E-05	+3.148367E-05	+3.279549E-05	+3.410731E-05	+3.541913E-05	-3.541913E-05	-3.410731E-05	-3.279549E-05	-3.148367E-05	-3.017185E-05	-2.886003E-05	-2.754821E-05	-2.623639E-05	-2.492457E-05	-2.361275E-05	-2.230093E-05	-2.098911E-05	-1.967729E-05	-1.836547E-05	-1.705365E-05	-1.574183E-05	-1.443001E-05	-1.311819E-05	-1.180638E-05	-1.049456E-05	-9.182736E-06	-7.870917E-06	-6.559097E-06	-5.247278E-06	-3.935458E-06	-2.623639E-06	-1.311819E-06	+0.000000E+00
	A	-3.541913E-05	-3.541913E-05	-3.541913E-05	-3.541913E-05	-3.541913E-05	-3.541913E-05	-3.541913E-05	-3.541913E-05	-3.541913E-05	-3.541913E-05	-3.541913E-05	-3.541913E-05	-3.541913E-05	-3.541913E-05	-3.541913E-05	-3.541913E-05	-3.541913E-05	-3.541913E-05	-3.541913E-05	-3.541913E-05	-3.541913E-05	-3.541913E-05	-3.541913E-05	-3.541913E-05	-3.541913E-05	-3.541913E-05	-3.541913E-05	-3.541913E-05	-3.541913E-05	-3.541913E-05	-3.541913E-05	-3.541913E-05	-3.541913E-05	-3.541913E-05	-3.541913E-05	-3.541913E-05	-3.541913E-05	-3.541913E-05	-3.541913E-05	-3.541913E-05	-3.541913E-05	-3.541913E-05	-3.541913E-05	-3.541913E-05	-3.541913E-05	-3.541913E-05	-3.541913E-05	-3.541913E-05	-3.541913E-05	-3.541913E-05	-3.541913E-05	-3.541913E-05	-3.541913E-05	-3.541913E-05	-3.541913E-05	-3.410731E-05	-3.410731E-05	-3.410731E-05	-3.410731E-05	-3.410731E-05	-3.410731E-05	-3.410731E-05	-3.410731E-05	-3.410731E-05	-3.410731E-05	-3.410731E-05	-3.410731E-05	-3.410731E-05	-3.410731E-05	-3.410731E-05	-3.410731E-05	-3.410731E-05	-3.410731E-05	-3.410731E-05	-3.410731E-05	-3.410731E-05	-3.410731E-05	-3.410731E-05	-3.410731E-05	-3.410731E-05	-3.410731E-05	-3.410731E-05	-3.410731E-05	-3.410731E-05	-3.410731E-05	-3.410731E-05	-3.410731E-05	-3.410731E-05	-3.410731E-05	-3.410731E-05	-3.410731E-05	-3.410731E-05	-3.410731E-05	-3.410731E-05	-3.410731E-05	-3.410731E-05	-3.410731E-05	-3.410731E-05	-3.410731E-05	-3.410731E-05	-3.410731E-05	-3.410731E-05	-3.410731E-05	-3.410731E-05	-3.410731E-05	-3.410731E-05	-3.410731E-05	-3.410731E-05	-3.410731E-05	-3.410731E-05	-3.279549E-05	-3.279549E-05	-3.279549E-05	-3.279549E-05	-3.279549E-05	-3.279549E-05	-3.279549E-05	-3.279549E-05	-3.279549E-05	-3.279549E-05	-3.279549E-05	-3.279549E-05	-3.279549E-05	-3.279549E-05	-3.279549E-05	-3.279549E-05	-3.279549E-05	-3.279549E-05	-3.279549E-05	-3.279549E-05	-3.279549E-05	-3.279549E-05	-3.279549E-05	-3.279549E-05	-3.279549E-05	-3.279549E-05	-3.279549E-05	-3.279549E-05	-3.279549E-05	-3.279549E-05	-3.279549E-05	-3.279549E-05	-3.279549E-05	-3.279549E-05	-3.279549E-05	-3.279549E-05	-3.279549E-05	-3.279549E-05	-3.279549E-05	-3.279549E-05	-3.279549E-05	-3.279549E-05	-3.279549E-05	-3.279549E-05	-3.279549E-05	-3.279549E-05	-3.279549E-05	-3.279549E-05	-3.279549E-05	-3.279549E-05	-3.279549E-05	-3.279549E-05	-3.279549E-05	-3.279549E-05	-3.279549E-05	-3.148367E-05	-3.148367E-05	-3.148367E-05	-3.148367E-05	-3.148367E-05	-3.148367E-05	-3.148367E-05	-3.148367E-05	-3.148367E-05	-3.148367E-05	-3.148367E-05	-3.148367E-05	-3.148367E-05	-3.148367E-05	-3.148367E-05	-3.148367E-05	-3.148367E-05	-3.148367E-05	-3.148367E-05	-3.148367E-05	-3.148367E-05	-3.148367E-05	-3.148367E-05	-3.148367E-05	-3.148367E-05	-3.148367E-05	-3.148367E-05	-3.148367E-05	-3.148367E-05	-3.148367E-05	-3.148367E-05	-3.148367E-05	-3.148367E-05	-3.148367E-05	-3.148367E-05	-3.148367E-05	-3.148367E-05	-3.148367E-05	-3.148367E-05	-3.148367E-05	-3.148367E-05	-3.148367E-05	-3.148367E-05	-3.148367E-05	-3.148367E-05	-3.148367E-05	-3.148367E-05	-3.148367E-05	-3.148367E-05	-3.148367E-05	-3.148367E-05	-3.148367E-05	-3.148367E-05	-3.148367E-05	-3.148367E-05	-3.017185E-05	-3.017185E-05	-3.017185E-05	-3.017185E-05	-3.017185E-05	-3.017185E-05	-3.017185E-05	-3.017185E-05	-3.017185E-05	-3.017185E-05	-3.017185E-05	-3.017185E-05	-3.017185E-05	-3.017185E-05	-3.017185E-05	-3.017185E-05	-3.017185E-05	-3.017185E-05	-3.017185E-05	-3.017185E-05	-3.017185E-05	-3.017185E-05	-3.017185E-05	-3.017185E-05	-3.017185E-05	-3.017185E-05	-3.017185E-05	-3.017185E-05	-3.017185E-05	-3.017185E-05	-3.017185E-05	-3.017185E-05	-3.017185E-05	-3.017185E-05	-3.017185E-05	-3.017185E-05	-3.017185E-05	-3.017185E-05	-3.017185E-05	-3.017185E-05	-3.017185E-05	-3.017185E-05	-3.017185E-05	-3.017185E-05	-3.017185E-05	-3.017185E-05	-3.017185E-05	-3.017185E-05	-3.017185E-05	-3.017185E-05	-3.017185E-05	-3.017185E-05	-3.017185E-05	-3.017185E-05	-3.017185E-05	-2.886003E-05	-2.886003E-05	-2.886003E-05	-2.886003E-05	-2.886003E-05	-2.886003E-05	-2.886003E-05	-2.886003E-05	-2.886003E-05	-2.886003E-05	-2.886003E-05	-2.886003E-05	-2.886003E-05	-2.886003E-05	-2.886003E-05	-2.886003E-05	-2.886003E-05	-2.886003E-05	-2.886003E-05	-2.886003E-05	-2.886003E-05	-2.886003E-05	-2.886003E-05	-2.886003E-05	-2.886003E-05	-2.886003E-05	-2.886003E-05	-2.886003E-05	-2.886003E-05	-2.886003E-05	-2.886003E-05	-2.886003E-05	-2.886003E-05	-2.886003E-05	-2.886003E-05	-2.886003E-05	-2.886003E-05	-2.886003E-05	-2.886003E-05	-2.886003E-05	-2.886003E-05	-2.886003E-05	-2.886003E-05	-2.886003E-05	-2.886003E-05	-2.886003E-05	-2.886003E-05	-2.886003E-05	-2.886003E-05	-2.886003E-05	-2.886003E-05	-2.886003E-05	-2.886003E-05	-2.886003E-05	-2.886003E-05	-2.754821E-05	-2.754821E-05	-2.754821E-05	-2.754821E-05	-2.754821E-05	-2.754821E-05	-2.754821E-05	-2.754821E-05	-2.754821E-05	-2.754821E-05	-2.754821E-05	-2.754821E-05	-2.754821E-05	-2.754821E-05	-2.754821E-05	-2.754821E-05	-2.754821E-05	-2.754821E-05	-2.754821E-05	-2.754821E-05	-2.754821E-05	-2.754821E-05	-2.754821E-05	-2.754821E-05	-2.754821E-05	-2.754821E-05	-2.754821E-05	-2.754821E-05	-2.754821E-05	-2.754821E-05	-2.754821E-05	-2.754821E-05	-2.754821E-05	-2.754821E-05	-2.754821E-05	-2.754821E-05	-2.754821E-05	-2.754821E-05	-2.754821E-05	-2.754821E-05	-2.754821E-05	-2.754821E-05	-2.754821E-05	-2.754821E-05	-2.754821E-05	-2.754821E-05	-2.754821E-05	-2.754821E-05	-2.754821E-05	-2.754821E-05	-2.754821E-05	-2.754821E-05	-2.754821E-05	-2.754821E-05	-2.754821E-05	-2.623639E-05	-2.623639E-05	-2.623639E-05	-2.623639E-05	-2.623639E-05	-2.623639E-05	-2.623639E-05	-2.623639E-05	-2.623639E-05	-2.623639E-05	-2.623639E-05	-2.623639E-05	-2.623639E-05	-2.623639E-05	-2.623639E-05	-2.623639E-05	-2.623639E-05	-2.623639E-05	-2.623639E-05	-2.623639E-05	-2.623639E-05	-2.623639E-05	-2.623639E-05	-2.623639E-05	-2.623639E-05	-2.623639E-05	-2.623639E-05	-2.623639E-05	-2.623639E-05	-2.623639E-05	-2.623639E-05	-2.623639E-05	-2.623639E-05	-2.623639E-05	-2.623639E-05	-2.623639E-05	-2.623639E-05	-2.623639E-05	-2.623639E-05	-2.623639E-05	-2.623639E-05	-2.623639E-05	-2.623639E-05	-2.623639E-05	-2.623639E-05	-2.623639E-05	-2.623639E-05	-2.623639E-05	-2.623639E-05	-2.623639E-05	-2.623639E-05	-2.623639E-05	-2.623639E-05	-2.623639E-05	-2.623639E-05	-2.492457E-05	-2.492457E-05	-2.492457E-05	-2.492457E-05	-2.492457E-05	-2.492457E-05	-2.492457E-05	-2.492457E-05	-2.492457E-05	-2.492457E-05	-2.492457E-05	-2.492457E-05	-2.492457E-05	-2.492457E-05	-2.492457E-05	-2.492457E-05	-2.492457E-05	-2.492457E-05	-2.492457E-05	-2.492457E-05	-2.492457E-05	-2.492457E-05	-2.492457E-05	-2.492457E-05	-2.492457E-05	-2.492457E-05	-2.492457E-05	-2.492457E-05	-2.492457E-05	-2.492457E-05	-2.492457E-05	-2.492457E-05	-2.492457E-05	-2.492457E-05	-2.492457E-05	-2.492457E-05	-2.492457E-05	-2.492457E-05	-2.492457E-05	-2.492457E-05	-2.492457E-05	-2.492457E-05	-2.492457E-05	-2.492457E-05	-2.492457E-05	-2.492457E-05	-2.492457E-05	-2.492457E-05	-2.492457E-05	-2.492457E-05	-2.492457E-05	-2.492457E-05	-2.492457E-05	-2.492457E-05	-2.492457E-05	-2.361275E-05	-2.361275E-05	-2.361275E-05	-2.361275E-05	-2.361275E-05	-2.361275E-05	-2.361275E-05	-2.361275E-05	-2.361275E-05	-2.361275E-05	-2.361275E-05	-2.361275E-05	-2.361275E-05	-2.361275E-05	-2.361275E-05	-2.361275E-05	-2.361275E-05	-2.361275E-05	-2.361275E-05	-2.361275E-05	-2.361275E-05	-2.361275E-05	-2.361275E-05	-2.361275E-05	-2.361275E-05	-2.361275E-05	-2.361275E-05	-2.361275E-05	-2.361275E-05	-2.361275E-05	-2.361275E-05	-2.361275E-05	-2.361275E-05	-2.361275E-05	-2.361275E-05	-2.361275E-05	-2.361275E-05	-2.361275E-05	-2.361275E-05	-2.361275E-05	-2.361275E-05	-2.361275E-05	-2.361275E-05	-2.361275E-05	-2.361275E-05	-2.361275E-05	-2.361275E-05	-2.361275E-05	-2.361275E-05	-2.361275E-05	-2.361275E-05	-2.361275E-05	-2.361275E-05	-2.361275E-05	-2.361275E-05	-2.230093E-05	-2.230093E-05	-2.230093E-05	-2.230093E-05	-2.230093E-05	-2.230093E-05	-2.230093E-05	-2.230093E-05	-2.230093E-05	-2.230093E-05	-2.230093E-05	-2.230093E-05	-2.230093E-05	-2.230093E-05	-2.230093E-05	-2.230093E-05	-2.230093E-05	-2.230093E-05	-2.230093E-05	-2.230093E-05	-2.230093E-05	-2.230093E-05	-2.230093E-05	-2.230093E-05	-2.230093E-05	-2.230093E-05	-2.230093E-05	-2.230093E-05	-2.230093E-05	-2.230093E-05	-2.230093E-05	-2.230093E-05	-2.230093E-05	-2.230093E-05	-2.230093E-05	-2.230093E-05	-2.230093E-05	-2.230093E-05	-2.230093E-05	-2.230093E-05	-2.230093E-05	-2.230093E-05	-2.230093E-05	-2.230093E-05	-2.230093E-05	-2.230093E-05	-2.230093E-05	-2.230093E-05	-2.230093E-05	-2.230093E-05	-2.230093E-05	-2.230093E-05	-2.230093E-05	-2.230093E-05	-2.230093E-05	-2.098911E-05	-2.098911E-05	-2.098911E-05	-2.098911E-05	-2.098911E-05	-2.098911E-05	-2.098911E-05	-2.098911E-05	-2.098911E-05	-2.098911E-05	-2.098911E-05	-2.098911E-05	-2.098911E-05	-2.098911E-05	-2.098911E-05	-2.098911E-05	-2.098911E-05	-2.098911E-05	-2.098911E-05	-2.098911E-05	-2.098911E-05	-2.098911E-05	-2.098911E-05	-2.098911E-05	-2.098911E-05	-2.098911E-05	-2.098911E-05	-2.098911E-05	-2.098911E-05	-2.098911E-05	-2.098911E-05	-2.098911E-05	-2.098911E-05	-2.098911E-05	-2.098911E-05	-2.098911E-05	-2.098911E-05	-2.098911E-05	-2.098911E-05	-2.098911E-05	-2.098911E-05	-2.098911E-05	-2.098911E-05	-2.098911E-05	-2.098911E-05	-2.098911E-05	-2.098911E-05	-2.098911E-05	-2.098911E-05	-2.098911E-05	-2.098911E-05	-2.098911E-05	-2.098911E-05	-2.098911E-05	-2.098911E-05	-1.967729E-05	-1.967729E-05	-1.967729E-05	-1.967729E-05	-1.967729E-05	-1.967729E-05	-1.967729E-05	-1.967729E-05	-1.967729E-05	-1.967729E-05	-1.967729E-05	-1.967729E-05	-1.967729E-05	-1.967729E-05	-1.967729E-05	-1.967729E-05	-1.967729E-05	-1.967729E-05	-1.967729E-05	-1.967729E-05	-1.967729E-05	-1.967729E-05	-1.967729E-05	-1.967729E-05	-1.967729E-05	-1.967729E-05	-1.967729E-05	-1.967729E-05	-1.967729E-05	-1.967729E-05	-1.967729E-05	-1.967729E-05	-1.967729E-05	-1.967729E-05	-1.967729E-05	-1.967729E-05	-1.967729E-05	-1.967729E-05	-1.967729E-05	-1.967729E-05	-1.967729E-05	-1.967729E-05	-1.967729E-05	-1.967729E-05	-1.967729E-05	-1.967729E-05	-1.967729E-05	-1.967729E-05	-1.967729E-05	-1.967729E-05	-1.967729E-05	-1.967729E-05	-1.967729E-05	-1.967729E-05	-1.967729E-05	-1.836547E-05	-1.836547E-05	-1.836547E-05	-1.836547E-05	-1.836547E-05	-1.836547E-05	-1.836547E-05	-1.836547E-05	-1.836547E-05	-1.836547E-05	-1.836547E-05	-1.836547E-05	-1.836547E-05	-1.836547E-05	-1.836547E-05	-1.836547E-05	-1.836547E-05	-1.836547E-05	-1.836547E-05	-1.836547E-05	-1.836547E-05	-1.836547E-05	-1.836547E-05	-1.836547E-05	-1.836547E-05	-1.836547E-05	-1.836547E-05	-1.836547E-05	-1.836547E-05	-1.836547E-05	-1.836547E-05	-1.836547E-05	-1.836547E-05	-1.836547E-05	-1.836547E-05	-1.836547E-05	-1.836547E-05	-1.836547E-05	-1.836547E-05	-1.836547E-05	-1.836547E-05	-1.836547E-05	-1.836547E-05	-1.836547E-05	-1.836547E-05	-1.836547E-05	-1.836547E-05	-1.836547E-05	-1.836547E-05	-1.836547E-05	-1.836547E-05	-1.836547E-05	-1.836547E-05	-1.836547E-05	-1.836547E-05	-1.705365E-05	-1.705365E-05	-1.705365E-05	-1.705365E-05	-1.705365E-05	-1.705365E-05	-1.705365E-05	-1.705365E-05	-1.705365E-05	-1.705365E-05	-1.705365E-05	-1.705365E-05	-1.705365E-05	-1.705365E-05	-1.705365E-05	-1.705365E-05	-1.705365E-05	-1.705365E-05	-1.705365E-05	-1.705365E-05	-1.705365E-05	-1.705365E-05	-1.705365E-05	-1.705365E-05	-1.705365E-05	-1.705365E-05	-1.705365E-05	-1.705365E-05	-1.705365E-05	-1.705365E-05	-1.705365E-05	-1.705365E-05	-1.705365E-05	-1.705365E-05	-1.705365E-05	-1.705365E-05	-1.705365E-05	-1.705365E-05	-1.705365E-05	-1.705365E-05	-1.705365E-05	-1.705365E-05	-1.705365E-05	-1.705365E-05	-1.705365E-05	-1.705365E-05	-1.705365E-05	-1.705365E-05	-1.705365E-05	-1.705365E-05	-1.705365E-05	-1.705365E-05	-1.705365E-05	-1.705365E-05	-1.705365E-05	-1.574183E-05	-1.574183E-05	-1.574183E-05	-1.574183E-05	-1.574183E-05	-1.574183E-05	-1.574183E-05	-1.574183E-05	-1.574183E-05	-1.574183E-05	-1.574183E-05	-1.574183E-05	-1.574183E-05	-1.574183E-05	-1.574183E-05	-1.574183E-05	-1.574183E-05	-1.574183E-05	-1.574183E-05	-1.574183E-05	-1.574183E-05	-1.574183E-05	-1.574183E-05	-1.574183E-05	-1.574183E-05	-1.574183E-05	-1.574183E-05	-1.574183E-05	-1.574183E-05	-1.574183E-05	-1.574183E-05	-1.574183E-05	-1.574183E-05	-1.574183E-05	-1.574183E-05	-1.574183E-05	-1.574183E-05	-1.574183E-05	-1.574183E-05	-1.574183E-05	-1.574183E-05	-1.574183E-05	-1.574183E-05	-1.574183E-05	-1.574183E-05	-1.574183E-05	-1.574183E-05	-1.574183E-05	-1.574183E-05	-1.574183E-05	-1.574183E-05	-1.574183E-05	-1.574183E-05	-1.574183E-05	-1.574183E-05	-1.443001E-05	-1.443001E-05	-1.443001E-05	-1.443001E-05	-1.443001E-05	-1.443001E-05	-1.443001E-05	-1.443001E-05	-1.443001E-05	-1.443001E-05	-1.443001E-05	-1.443001E-05	-1.443001E-05	-1.443001E-05	-1.443001E-05	-1.443001E-05	-1.443001E-05	-1.443001E-05	-1.443001E-05	-1.443001E-05	-1.443001E-05	-1.443001E-05	-1.443001E-05	-1.443001E-05	-1.443001E-05	-1.443001E-05	-1.443001E-05	-1.443001E-05	-1.443001E-05	-1.443001E-05	-1.443001E-05	-1.443001E-05	-1.443001E-05	-1.443001E-05	-1.443001E-05	-1.443001E-05	-1.443001E-05	-1.443001E-05	-1.443001E-05	-1.443001E-05	-1.443001E-05	-1.443001E-05	-1.443001E-05	-1.443001E-05	-1.443001E-05	-1.443001E-05	-1.443001E-05	-1.443001E-05	-1.443001E-05	-1.443001E-05	-1.443001E-05	-1.443001E-05	-1.443001E-05	-1.443001E-05	-1.443001E-05	-1.311819E-05	-1.311819E-05	-1.311819E-05	-1.311819E-05	-1.311819E-05	-1.311819E-05	-1.311819E-05	-1.311819E-05	-1.311819E-05	-1.311819E-05	-1.311819E-05	-1.311819E-05	-1.311819E-05	-1.311819E-05	-1.311819E-05	-1.311819E-05	-1.311819E-05	-1.311819E-05	-1.311819E-05	-1.311819E-05	-1.311819E-05	-1.311819E-05	-1.311819E-05	-1.311819E-05	-1.311819E-05	-1.311819E-05	-1.311819E-05	-1.311819E-05	-1.311819E-05	-1.311819E-05	-1.311819E-05	-1.311819E-05	-1.311819E-05	-1.311819E-05	-1.311819E-05	-1.311819E-05	-1.311819E-05	-1.311819E-05	-1.311819E-05	-1.311819E-05	-1.311819E-05	-1.311819E-05	-1.311819E-05	-1.311819E-05	-1.311819E-05	-1.311819E-05	-1.311819E-05	-1.311819E-05	-1.311819E-05	-1.311819E-05	-1.311819E-05	-1.311819E-05	-1.311819E-05	-1.311819E-05	-1.311819E-05	-1.180638E-05	-1.180638E-05	-1.180638E-05	-1.180638E-05	-1.180638E-05	-1.180638E-05	-1.180638E-05	-1.180638E-05	-1.180638E-05	-1.180638E-05	-1.180638E-05	-1.180638E-05	-1.180638E-05	-1.180638E-05	-1.180638E-05	-1.180638E-05	-1.180638E-05	-1.180638E-05	-1.180638E-05	-1.180638E-05	-1.180638E-05	-1.180638E-05	-1.180638E-05	-1.180638E-05	-1.180638E-05	-1.180638E-05	-1.180638E-05	-1.180638E-05	-1.180638E-05	-1.180638E-05	-1.180638E-05	-1.180638E-05	-1.180638E-05	-1.180638E-05	-1.180638E-05	-1.180638E-05	-1.180638E-05	-1.180638E-05	-1.180638E-05	-1.180638E-05	-1.180638E-05	-1.180638E-05	-1.180638E-05	-1.180638E-05	-1.180638E-05	-1.180638E-05	-1.180638E-05	-1.180638E-05	-1.180638E-05	-1.180638E-05	-1.180638E-05	-1.180638E-05	-1.180638E-05	-1.180638E-05	-1.180638E-05	-1.049456E-05	-1.049456E-05	-1.049456E-05	-1.049456E-05	-1.049456E-05	-1.049456E-05	-1.049456E-05	-1.049456E-05	-1.049456E-05	-1.049456E-05	-1.049456E-05	-1.049456E-05	-1.049456E-05	-1.049456E-05	-1.049456E-05	-1.049456E-05	-1.049456E-05	-1.049456E-05	-1.049456E-05	-1.049456E-05	-1.049456E-05	-1.049456E-05	-1.049456E-05	-1.049456E-05	-1.049456E-05	-1.049456E-05	-1.049456E-05	-1.049456E-05	-1.049456E-05	-1.049456E-05	-1.049456E-05	-1.049456E-05	-1.049456E-05	-1.049456E-05	-1.049456E-05	-1.049456E-05	-1.049456E-05	-1.049456E-05	-1.049456E-05	-1.049456E-05	-1.049456E-05	-1.049456E-05	-1.049456E-05	-1.049456E-05	-1.049456E-05	-1.049456E-05	-1.049456E-05	-1.049456E-05	-1.049456E-05	-1.049456E-05	-1.049456E-05	-1.049456E-05	-1.049456E-05	-1.049456E-05	-1.049456E-05	-9.182736E-06	-9.182736E-06	-9.182736E-06	-9.182736E-06	-9.182736E-06	-9.182736E-06	-9.182736E-06	-9.182736E-06	-9.182736E-06	-9.182736E-06	-9.182736E-06	-9.182736E-06	-9.182736E-06	-9.182736E-06	-9.182736E-06	-9.182736E-06	-9.182736E-06	-9.182736E-06	-9.182736E-06	-9.182736E-06	-9.182736E-06	-9.182736E-06	-9.182736E-06	-9.182736E-06	-9.182736E-06	-9.182736E-06	-9.182736E-06	-9.182736E-06	-9.182736E-06	-9.182736E-06	-9.182736E-06	-9.182736E-06	-9.182736E-06	-9.182736E-06	-9.182736E-06	-9.182736E-06	-9.182736E-06	-9.182736E-06	-9.182736E-06	-9.182736E-06	-9.182736E-06	-9.182736E-06	-9.182736E-06	-9.182736E-06	-9.182736E-06	-9.182736E-06	-9.182736E-06	-9.182736E-06	-9.182736E-06	-9.182736E-06	-9.182736E-06	-9.182736E-06	-9.182736E-06	-9.182736E-06	-9.182736E-06	-7.870917E-06	-7.870917E-06	-7.870917E-06	-7.870917E-06	-7.870917E-06	-7.870917E-06	-7.870917E-06	-7.870917E-06	-7.870917E-06	-7.870917E-06	-7.870917E-06	-7.870917E-06	-7.870917E-06	-7.870917E-06	-7.870917E-06	-7.870917E-06	-7.870917E-06	-7.870917E-06	-7.870917E-06	-7.870917E-06	-7.870917E-06	-7.870917E-06	-7.870917E-06	-7.870917E-06	-7.870917E-06	-7.870917E-06	-7.870917E-06	-7.870917E-06	-7.870917E-06	-7.870917E-06	-7.870917E-06	-7.870917E-06	-7.870917E-06	-7.870917E-06	-7.870917E-06	-7.870917E-06	-7.870917E-06	-7.870917E-06	-7.870917E-06	-7.870917E-06	-7.870917E-06	-7.870917E-06	-7.870917E-06	-7.870917E-06	-7.870917E-06	-7.870917E-06	-7.870917E-06	-7.870917E-06	-7.870917E-06	-7.870917E-06	-7.870917E-06	-7.870917E-06	-7.870917E-06	-7.870917E-06	-7.870917E-06	-6.559097E-06	-6.559097E-06	-6.559097E-06	-6.559097E-06	-6.559097E-06	-6.559097E-06	-6.559097E-06	-6.559097E-06	-6.559097E-06	-6.559097E-06	-6.559097E-06	-6.559097E-06	-6.559097E-06	-6.559097E-06	-6.559097E-06	-6.559097E-06	-6.559097E-06	-6.559097E-06	-6.559097E-06	-6.559097E-06	-6.559097E-06	-6.559097E-06	-6.559097E-06	-6.559097E-06	-6.559097E-06	-6.559097E-06	-6.559097E-06	-6.559097E-06	-6.559097E-06	-6.559097E-06	-6.559097E-06	-6.559097E-06	-6.559097E-06	-6.559097E-06	-6.559097E-06	-6.559097E-06	-6.559097E-06	-6.559097E-06	-6.559097E-06	-6.559097E-06	-6.559097E-06	-6.559097E-06	-6.559097E-06	-6.559097E-06	-6.559097E-06	-6.559097E-06	-6.559097E-06	-6.559097E-06	-6.559097E-06	-6.559097E-06	-6.559097E-06	-6.559097E-06	-6.559097E-06	-6.559097E-06	-6.559097E-06	-5.247278E-06	-5.247278E-06	-5.247278E-06	-5.247278E-06	-5.247278E-06	-5.247278E-06	-5.247278E-06	-5.247278E-06	-5.247278E-06	-5.247278E-06	-5.247278E-06	-5.247278E-06	-5.247278E-06	-5.247278E-06	-5.247278E-06	-5.247278E-06	-5.247278E-06	-5.247278E-06	-5.247278E-06	-5.247278E-06	-5.247278E-06	-5.247278E-06	-5.247278E-06	-5.247278E-06	-5.247278E-06	-5.247278E-06	-5.247278E-06	-5.247278E-06	-5.247278E-06	-5.247278E-06	-5.247278E-06	-5.247278E-06	-5.247278E-06	-5.247278E-06	-5.247278E-06	-5.247278E-06	-5.247278E-06	-5.247278E-06	-5.247278E-06	-5.247278E-06	-5.247278E-06	-5.247278E-06	-5.247278E-06	-5.247278E-06	-5.247278E-06	-5.247278E-06	-5.247278E-06	-5.247278E-06	-5.247278E-06	-5.247278E-06	-5.247278E-06	-5.247278E-06	-5.247278E-06	-5.247278E-06	-5.247278E-06	-3.935458E-06	-3.935458E-06	-3.935458E-06	-3.935458E-06	-3.935458E-06	-3.935458E-06	-3.935458E-06	-3.935458E-06	-3.935458E-06	-3.935458E-06	-3.935458E-06	-3.935458E-06	-3.935458E-06	-3.935458E-06	-3.935458E-06	-3.935458E-06	-3.935458E-06	-3.935458E-06	-3.935458E-06	-3.935458E-06	-3.935458E-06	-3.935458E-06	-3.935458E-06	-3.935458E-06	-3.935458E-06	-3.935458E-06	-3.935458E-06	-3.935458E-06	-3.935458E-06	-3.935458E-06	-3.935458E-06	-3.935458E-06	-3.935458E-06	-3.935458E-06	-3.935458E-06	-3.935458E-06	-3.935458E-06	-3.935458E-06	-3.935458E-06	-3.935458E-06	-3.935458E-06	-3.935458E-06	-3.935458E-06	-3.935458E-06	-3.935458E-06	-3.935458E-06	-3.935458E-06	-3.935458E-06	-3.935458E-06	-3.935458E-06	-3.935458E-06	-3.935458E-06	-3.935458E-06	-3.935458E-06	-3.935458E-06	-2.623639E-06	-2.623639E-06	-2.623639E-06	-2.623639E-06	-2.623639E-06	-2.623639E-06	-2.623639E-06	-2.623639E-06	-2.623639E-06	-2.623639E-06	-2.623639E-06	-2.623639E-06	-2.623639E-06	-2.623639E-06	-2.623639E-06	-2.623639E-06	-2.623639E-06	-2.623639E-06	-2.623639E-06	-2.623639E-06	-2.623639E-06	-2.623639E-06	-2.623639E-06	-2.623639E-06	-2.623639E-06	-2.623639E-06	-2.623639E-06	-2.623639E-06	-2.623639E-06	-2.623639E-06	-2.623639E-06	-2.623639E-06	-2.623639E-06	-2.623639E-06	-2.623639E-06	-2.623639E-06	-2.623639E-06	-2.623639E-06	-2.623639E-06	-2.623639E-06	-2.623639E-06	-2.623639E-06	-2.623639E-06	-2.623639E-06	-2.623639E-06	-2.623639E-06	-2.623639E-06	-2.623639E-06	-2.623639E-06	-2.623639E-06	-2.623639E-06	-2.623639E-06	-2.623639E-06	-2.623639E-06	-2.623639E-06	-1.311819E-06	-1.311819E-06	-1.311819E-06	-1.311819E-06	-1.311819E-06	-1.311819E-06	-1.311819E-06	-1.311819E-06	-1.311819E-06	-1.311819E-06	-1.311819E-06	-1.311819E-06	-1.311819E-06	-1.311819E-06	-1.311819E-06	-1.311819E-06	-1.311819E-06	-1.311819E-06	-1.311819E-06	-1.311819E-06	-1.311819E-06	-1.311819E-06	-1.311819E-06	-1.311819E-06	-1.311819E-06	-1.311819E-06	-1.311819E-06	-1.311819E-06	-1.311819E-06	-1.311819E-06	-1.311819E-06	-1.311819E-06	-1.311819E-06	-1.311819E-06	-1.311819E-06	-1.311819E-06	-1.311819E-06	-1.311819E-06	-1.311819E-06	-1.311819E-06	-1.311819E-06	-1.311819E-06	-1.311819E-06	-1.311819E-06	-1.311819E-06	-1.311819E-06	-1.311819E-06	-1.311819E-06	-1.311819E-06	-1.311819E-06	-1.311819E-06	-1.311819E-06	-1.311819E-06	-1.311819E-06	-1.311819E-06	+0.000000E+00	+0.000000E+00	+0.000000E+00	+0.000000E+00	+0.000000E+00	+0.000000E+00	+0.000000E+00	+0.000000E+00	+0.000000E+00	+0.000000E+00	+0.000000E+00	+0.000000E+00	+0.000000E+00	+0.000000E+00	+0.000000E+00	+0.000000E+00	+0.000000E+00	+0.000000E+00	+0.000000E+00	+0.000000E+00	+0.000000E+00	+0.000000E+00	+0.000000E+00	+0.000000E+00	+0.000000E+00	+0.000000E+00	+0.000000E+00	+0.000000E+00
	S	+3.794906E-06	+3.654354E-06	+3.513802E-06	+3.373250E-06	+3.232698E-06	+3.092146E-06	+2.951594E-06	+2.811042E-06	+2.670490E-06	+2.529938E-06	+2.389386E-06	+2.248833E-06	+2.108281E-06	+1.967729E-06	+1.827177E-06	+1.686625E-06	+1.546073E-06	+1.405521E-06	+1.264969E-06	+1.124417E-06	+9.838646E-07	+8.433125E-07	+7.027604E-07	+5.622084E-07	+4.216563E-07	+2.811042E-07	+1.405521E-07	+0.000000E+00	-1.405521E-07	-2.811042E-07	-4.216563E-07	-5.622084E-07	-7.027604E-07	-8.433125E-07	-9.838646E-07	-1.124417E-06	-1.264969E-06	-1.405521E-06	-1.546073E-06	-1.686625E-06	-1.827177E-06	-1.967729E-06	-2.108281E-06	-2.248833E-06	-2.389386E-06	-2.529938E-06	-2.670490E-06	-2.811042E-06	-2.951594E-06	-3.092146E-06	-3.232698E-06	-3.373250E-06	-3.513802E-06	-3.654354E-06	-3.794906E-06	+3.654354E-06	+3.519008E-06	+3.383661E-06	+3.248315E-06	+3.112968E-06	+2.977622E-06	+2.842276E-06	+2.706929E-06	+2.571583E-06	+2.436236E-06	+2.300890E-06	+2.165543E-06	+2.030197E-06	+1.894850E-06	+1.759504E-06	+1.624157E-06	+1.488811E-06	+1.353465E-06	+1.218118E-06	+1.082772E-06	+9.474252E-07	+8.120787E-07	+6.767323E-07	+5.413858E-07	+4.060394E-07	+2.706929E-07	+1.353465E-07	+0.000000E+00	-1.353465E-07	-2.706929E-07	-4.060394E-07	-5.413858E-07	-6.767323E-07	-8.120787E-07	-9.474252E-07	-1.082772E-06	-1.218118E-06	-1.353465E-06	-1.488811E-06	-1.624157E-06	-1.759504E-06	-1.894850E-06	-2.030197E-06	-2.165543E-06	-2.300890E-06	-2.436236E-06	-2.571583E-06	-2.706929E-06	-2.842276E-06	-2.977622E-06	-3.112968E-06	-3.248315E-06	-3.383661E-06	-3.519008E-06	-3.654354E-06	+3.513802E-06	+3.383661E-06	+3.253521E-06	+3.123380E-06	+2.993239E-06	+2.863098E-06	+2.732957E-06	+2.602816E-06	+2.472676E-06	+2.342535E-06	+2.212394E-06	+2.082253E-06	+1.952112E-06	+1.821972E-06	+1.691831E-06	+1.561690E-06	+1.431549E-06	+1.301408E-06	+1.171267E-06	+1.041127E-06	+9.109858E-07	+7.808449E-07	+6.507041E-07	+5.205633E-07	+3.904225E-07	+2.602816E-07	+1.301408E-07	+0.000000E+00	-1.301408E-07	-2.602816E-07	-3.904225E-07	-5.205633E-07	-6.507041E-07	-7.808449E-07	-9.109858E-07	-1.041127E-06	-1.171267E-06	-1.301408E-06	-1.431549E-06	-1.561690E-06	-1.691831E-06	-1.821972E-06	-1.952112E-06	-2.082253E-06	-2.212394E-06	-2.342535E-06	-2.472676E-06	-2.602816E-06	-2.732957E-06	-2.863098E-06	-2.993239E-06	-3.123380E-06	-3.253521E-06	-3.383661E-06	-3.513802E-06	+3.373250E-06	+3.248315E-06	+3.123380E-06	+2.998445E-06	+2.873509E-06	+2.748574E-06	+2.623639E-06	+2.498704E-06	+2.373769E-06	+2.248833E-06	+2.123898E-06	+1.998963E-06	+1.874028E-06	+1.749093E-06	+1.624157E-06	+1.499222E-06	+1.374287E-06	+1.249352E-06	+1.124417E-06	+9.994815E-07	+8.745463E-07	+7.496111E-07	+6.246759E-07	+4.997408E-07	+3.748056E-07	+2.498704E-07	+1.249352E-07	+0.000000E+00	-1.249352E-07	-2.498704E-07	-3.748056E-07	-4.997408E-07	-6.246759E-07	-7.496111E-07	-8.745463E-07	-9.994815E-07	-1.124417E-06	-1.249352E-06	-1.374287E-06	-1.499222E-06	-1.624157E-06	-1.749093E-06	-1.874028E-06	-1.998963E-06	-2.123898E-06	-2.248833E-06	-2.373769E-06	-2.498704E-06	-2.623639E-06	-2.748574E-06	-2.873509E-06	-2.998445E-06	-3.123380E-06	-3.248315E-06	-3.373250E-06	+3.232698E-06	+3.112968E-06	+2.993239E-06	+2.873509E-06	+2.753780E-06	+2.634050E-06	+2.514321E-06	+2.394591E-06	+2.274862E-06	+2.155132E-06	+2.035402E-06	+1.915673E-06	+1.795943E-06	+1.676214E-06	+1.556484E-06	+1.436755E-06	+1.317025E-06	+1.197296E-06	+1.077566E-06	+9.578365E-07	+8.381069E-07	+7.183773E-07	+5.986478E-07	+4.789182E-07	+3.591887E-07	+2.394591E-07	+1.197296E-07	+0.000000E+00	-1.197296E-07	-2.394591E-07	-3.591887E-07	-4.789182E-07	-5.986478E-07	-7.183773E-07	-8.381069E-07	-9.578365E-07	-1.077566E-06	-1.197296E-06	-1.317025E-06	-1.436755E-06	-1.556484E-06	-1.676214E-06	-1.795943E-06	-1.915673E-06	-2.035402E-06	-2.155132E-06	-2.274862E-06	-2.394591E-06	-2.514321E-06	-2.634050E-06	-2.753780E-06	-2.873509E-06	-2.993239E-06	-3.112968E-06	-3.232698E-06	+3.092146E-06	+2.977622E-06	+2.863098E-06	+2.748574E-06	+2.634050E-06	+2.519526E-06	+2.405002E-06	+2.290478E-06	+2.175955E-06	+2.061431E-06	+1.946907E-06	+1.832383E-06	+1.717859E-06	+1.603335E-06	+1.488811E-06	+1.374287E-06	+1.259763E-06	+1.145239E-06	+1.030715E-06	+9.161914E-07	+8.016675E-07	+6.871435E-07	+5.726196E-07	+4.580957E-07	+3.435718E-07	+2.290478E-07	+1.145239E-07	+0.000000E+00	-1.145239E-07	-2.290478E-07	-3.435718E-07	-4.580957E-07	-5.726196E-07	-6.871435E-07	-8.016675E-07	-9.161914E-07	-1.030715E-06	-1.145239E-06	-1.259763E-06	-1.374287E-06	-1.488811E-06	-1.603335E-06	-1.717859E-06	-1.832383E-06	-1.946907E-06	-2.061431E-06	-2.175955E-06	-2.290478E-06	-2.405002E-06	-2.519526E-06	-2.634050E-06	-2.748574E-06	-2.863098E-06	-2.977622E-06	-3.092146E-06	+2.951594E-06	+2.842276E-06	+2.732957E-06	+2.623639E-06	+2.514321E-06	+2.405002E-06	+2.295684E-06	+2.186366E-06	+2.077048E-06	+1.967729E-06	+1.858411E-06	+1.749093E-06	+1.639774E-06	+1.530456E-06	+1.421138E-06	+1.311819E-06	+1.202501E-06	+1.093183E-06	+9.838646E-07	+8.745463E-07	+7.652280E-07	+6.559097E-07	+5.465915E-07	+4.372732E-07	+3.279549E-07	+2.186366E-07	+1.093183E-07	+0.000000E+00	-1.093183E-07	-2.186366E-07	-3.279549E-07	-4.372732E-07	-5.465915E-07	-6.559097E-07	-7.652280E-07	-8.745463E-07	-9.838646E-07	-1.093183E-06	-1.202501E-06	-1.311819E-06	-1.421138E-06	-1.530456E-06	-1.639774E-06	-1.749093E-06	-1.858411E-06	-1.967729E-06	-2.077048E-06	-2.186366E-06	-2.295684E-06	-2.405002E-06	-2.514321E-06	-2.623639E-06	-2.732957E-06	-2.842276E-06	-2.951594E-06	+2.811042E-06	+2.706929E-06	+2.602816E-06	+2.498704E-06	+2.394591E-06	+2.290478E-06	+2.186366E-06	+2.082253E-06	+1.978141E-06	+1.874028E-06	+1.769915E-06	+1.665803E-06	+1.561690E-06	+1.457577E-06	+1.353465E-06	+1.249352E-06	+1.145239E-06	+1.041127E-06	+9.370139E-07	+8.329013E-07	+7.287886E-07	+6.246759E-07	+5.205633E-07	+4.164506E-07	+3.123380E-07	+2.082253E-07	+1.041127E-07	+0.000000E+00	-1.041127E-07	-2.082253E-07	-3.123380E-07	-4.164506E-07	-5.205633E-07	-6.246759E-07	-7.287886E-07	-8.329013E-07	-9.370139E-07	-1.041127E-06	-1.145239E-06	-1.249352E-06	-1.353465E-06	-1.457577E-06	-1.561690E-06	-1.665803E-06	-1.769915E-06	-1.874028E-06	-1.978141E-06	-2.082253E-06	-2.186366E-06	-2.290478E-06	-2.394591E-06	-2.498704E-06	-2.602816E-06	-2.706929E-06	-2.811042E-06	+2.670490E-06	+2.571583E-06	+2.472676E-06	+2.373769E-06	+2.274862E-06	+2.175955E-06	+2.077048E-06	+1.978141E-06	+1.879233E-06	+1.780326E-06	+1.681419E-06	+1.582512E-06	+1.483605E-06	+1.384698E-06	+1.285791E-06	+1.186884E-06	+1.087977E-06	+9.890703E-07	+8.901632E-07	+7.912562E-07	+6.923492E-07	+5.934422E-07	+4.945351E-07	+3.956281E-07	+2.967211E-07	+1.978141E-07	+9.890703E-08	+0.000000E+00	-9.890703E-08	-1.978141E-07	-2.967211E-07	-3.956281E-07	-4.945351E-07	-5.934422E-07	-6.923492E-07	-7.912562E-07	-8.901632E-07	-9.890703E-07	-1.087977E-06	-1.186884E-06	-1.285791E-06	-1.384698E-06	-1.483605E-06	-1.582512E-06	-1.681419E-06	-1.780326E-06	-1.879233E-06	-1.978141E-06	-2.077048E-06	-2.175955E-06	-2.274862E-06	-2.373769E-06	-2.472676E-06	-2.571583E-06	-2.670490E-06	+2.529938E-06	+2.436236E-06	+2.342535E-06	+2.248833E-06	+2.155132E-06	+2.061431E-06	+1.967729E-06	+1.874028E-06	+1.780326E-06	+1.686625E-06	+1.592924E-06	+1.499222E-06	+1.405521E-06	+1.311819E-06	+1.218118E-06	+1.124417E-06	+1.030715E-06	+9.370139E-07	+8.433125E-07	+7.496111E-07	+6.559097E-07	+5.622084E-07	+4.685070E-07	+3.748056E-07	+2.811042E-07	+1.874028E-07	+9.370139E-08	+0.000000E+00	-9.370139E-08	-1.874028E-07	-2.811042E-07	-3.748056E-07	-4.685070E-07	-5.622084E-07	-6.559097E-07	-7.496111E-07	-8.433125E-07	-9.370139E-07	-1.030715E-06	-1.124417E-06	-1.218118E-06	-1.311819E-06	-1.405521E-06	-1.499222E-06	-1.592924E-06	-1.686625E-06	-1.780326E-06	-1.874028E-06	-1.967729E-06	-2.061431E-06	-2.155132E-06	-2.248833E-06	-2.342535E-06	-2.436236E-06	-2.529938E-06	+2.389386E-06	+2.300890E-06	+2.212394E-06	+2.123898E-06	+2.035402E-06	+1.946907E-06	+1.858411E-06	+1.769915E-06	+1.681419E-06	+1.592924E-06	+1.504428E-06	+1.415932E-06	+1.327436E-06	+1.238941E-06	+1.150445E-06	+1.061949E-06	+9.734534E-07	+8.849576E-07	+7.964618E-07	+7.079661E-07	+6.194703E-07	+5.309746E-07	+4.424788E-07	+3.539830E-07	+2.654873E-07	+1.769915E-07	+8.849576E-08	+0.000000E+00	-8.849576E-08	-1.769915E-07	-2.654873E-07	-3.539830E-07	-4.424788E-07	-5.309746E-07	-6.194703E-07	-7.079661E-07	-7.964618E-07	-8.849576E-07	-9.734534E-07	-1.061949E-06	-1.150445E-06	-1.238941E-06	-1.327436E-06	-1.415932E-06	-1.504428E-06	-1.592924E-06	-1.681419E-06	-1.769915E-06	-1.858411E-06	-1.946907E-06	-2.035402E-06	-2.123898E-06	-2.212394E-06	-2.300890E-06	-2.389386E-06	+2.248833E-06	+2.165543E-06	+2.082253E-06	+1.998963E-06	+1.915673E-06	+1.832383E-06	+1.749093E-06	+1.665803E-06	+1.582512E-06	+1.499222E-06	+1.415932E-06	+1.332642E-06	+1.249352E-06	+1.166062E-06	+1.082772E-06	+9.994815E-07	+9.161914E-07	+8.329013E-07	+7.496111E-07	+6.663210E-07	+5.830309E-07	+4.997408E-07	+4.164506E-07	+3.331605E-07	+2.498704E-07	+1.665803E-07	+8.329013E-08	+0.000000E+00	-8.329013E-08	-1.665803E-07	-2.498704E-07	-3.331605E-07	-4.164506E-07	-4.997408E-07	-5.830309E-07	-6.663210E-07	-7.496111E-07	-8.329013E-07	-9.161914E-07	-9.994815E-07	-1.082772E-06	-1.166062E-06	-1.249352E-06	-1.332642E-06	-1.415932E-06	-1.499222E-06	-1.582512E-06	-1.665803E-06	-1.749093E-06	-1.832383E-06	-1.915673E-06	-1.998963E-06	-2.082253E-06	-2.165543E-06	-2.248833E-06	+2.108281E-06	+2.030197E-06	+1.952112E-06	+1.874028E-06	+1.795943E-06	+1.717859E-06	+1.639774E-06	+1.561690E-06	+1.483605E-06	+1.405521E-06	+1.327436E-06	+1.249352E-06	+1.171267E-06	+1.093183E-06	+1.015098E-06	+9.370139E-07	+8.589294E-07	+7.808449E-07	+7.027604E-07	+6.246759E-07	+5.465915E-07	+4.685070E-07	+3.904225E-07	+3.123380E-07	+2.342535E-07	+1.561690E-07	+7.808449E-08	+0.000000E+00	-7.808449E-08	-1.561690E-07	-2.342535E-07	-3.123380E-07	-3.904225E-07	-4.685070E-07	-5.465915E-07	-6.246759E-07	-7.027604E-07	-7.808449E-07	-8.589294E-07	-9.370139E-07	-1.015098E-06	-1.093183E-06	-1.171267E-06	-1.249352E-06	-1.327436E-06	-1.405521E-06	-1.483605E-06	-1.561690E-06	-1.639774E-06	-1.717859E-06	-1.795943E-06	-1.874028E-06	-1.952112E-06	-2.030197E-06	-2.108281E-06	+1.967729E-06	+1.894850E-06	+1.821972E-06	+1.749093E-06	+1.676214E-06	+1.603335E-06	+1.530456E-06	+1.457577E-06	+1.384698E-06	+1.311819E-06	+1.238941E-06	+1.166062E-06	+1.093183E-06	+1.020304E-06	+9.474252E-07	+8.745463E-07	+8.016675E-07	+7.287886E-07	+6.559097E-07	+5.830309E-07	+5.101520E-07	+4.372732E-07	+3.643943E-07	+2.915154E-07	+2.186366E-07	+1.457577E-07	+7.287886E-08	+0.000000E+00	-7.287886E-08	-1.457577E-07	-2.186366E-07	-2.915154E-07	-3.643943E-07	-4.372732E-07	-5.101520E-07	-5.830309E-07	-6.559097E-07	-7.287886E-07	-8.016675E-07	-8.745463E-07	-9.474252E-07	-1.020304E-06	-1.093183E-06	-1.166062E-06	-1.238941E-06	-1.311819E-06	-1.384698E-06	-1.457577E-06	-1.530456E-06	-1.603335E-06	-1.676214E-06	-1.749093E-06	-1.821972E-06	-1.894850E-06	-1.967729E-06	+1.827177E-06	+1.759504E-06	+1.691831E-06	+1.624157E-06	+1.556484E-06	+1.488811E-06	+1.421138E-06	+1.353465E-06	+1.285791E-06	+1.218118E-06	+1.150445E-06	+1.082772E-06	+1.015098E-06	+9.474252E-07	+8.797520E-07	+8.120787E-07	+7.444055E-07	+6.767323E-07	+6.090591E-07	+5.413858E-07	+4.737126E-07	+4.060394E-07	+3.383661E-07	+2.706929E-07	+2.030197E-07	+1.353465E-07	+6.767323E-08	+0.000000E+00	-6.767323E-08	-1.353465E-07	-2.030197E-07	-2.706929E-07	-3.383661E-07	-4.060394E-07	-4.737126E-07	-5.413858E-07	-6.090591E-07	-6.767323E-07	-7.444055E-07	-8.120787E-07	-8.797520E-07	-9.474252E-07	-1.015098E-06	-1.082772E-06	-1.150445E-06	-1.218118E-06	-1.285791E-06	-1.353465E-06	-1.421138E-06	-1.488811E-06	-1.556484E-06	-1.624157E-06	-1.691831E-06	-1.759504E-06	-1.827177E-06	+1.686625E-06	+1.624157E-06	+1.561690E-06	+1.499222E-06	+1.436755E-06	+1.374287E-06	+1.311819E-06	+1.249352E-06	+1.186884E-06	+1.124417E-06	+1.061949E-06	+9.994815E-07	+9.370139E-07	+8.745463E-07	+8.120787E-07	+7.496111E-07	+6.871435E-07	+6.246759E-07	+5.622084E-07	+4.997408E-07	+4.372732E-07	+3.748056E-07	+3.123380E-07	+2.498704E-07	+1.874028E-07	+1.249352E-07	+6.246759E-08	+0.000000E+00	-6.246759E-08	-1.249352E-07	-1.874028E-07	-2.498704E-07	-3.123380E-07	-3.748056E-07	-4.372732E-07	-4.997408E-07	-5.622084E-07	-6.246759E-07	-6.871435E-07	-7.496111E-07	-8.120787E-07	-8.745463E-07	-9.370139E-07	-9.994815E-07	-1.061949E-06	-1.124417E-06	-1.186884E-06	-1.249352E-06	-1.311819E-06	-1.374287E-06	-1.436755E-06	-1.499222E-06	-1.561690E-06	-1.624157E-06	-1.686625E-06	+1.546073E-06	+1.488811E-06	+1.431549E-06	+1.374287E-06	+1.317025E-06	+1.259763E-06	+1.202501E-06	+1.145239E-06	+1.087977E-06	+1.030715E-06	+9.734534E-07	+9.161914E-07	+8.589294E-07	+8.016675E-07	+7.444055E-07	+6.871435E-07	+6.298816E-07	+5.726196E-07	+5.153577E-07	+4.580957E-07	+4.008337E-07	+3.435718E-07	+2.863098E-07	+2.290478E-07	+1.717859E-07	+1.145239E-07	+5.726196E-08	+0.000000E+00	-5.726196E-08	-1.145239E-07	-1.717859E-07	-2.290478E-07	-2.863098E-07	-3.435718E-07	-4.008337E-07	-4.580957E-07	-5.153577E-07	-5.726196E-07	-6.298816E-07	-6.871435E-07	-7.444055E-07	-8.016675E-07	-8.589294E-07	-9.161914E-07	-9.734534E-07	-1.030715E-06	-1.087977E-06	-1.145239E-06	-1.202501E-06	-1.259763E-06	-1.317025E-06	-1.374287E-06	-1.431549E-06	-1.488811E-06	-1.546073E-06	+1.405521E-06	+1.353465E-06	+1.301408E-06	+1.249352E-06	+1.197296E-06	+1.145239E-06	+1.093183E-06	+1.041127E-06	+9.890703E-07	+9.370139E-07	+8.849576E-07	+8.329013E-07	+7.808449E-07	+7.287886E-07	+6.767323E-07	+6.246759E-07	+5.726196E-07	+5.205633E-07	+4.685070E-07	+4.164506E-07	+3.643943E-07	+3.123380E-07	+2.602816E-07	+2.082253E-07	+1.561690E-07	+1.041127E-07	+5.205633E-08	+0.000000E+00	-5.205633E-08	-1.041127E-07	-1.561690E-07	-2.082253E-07	-2.602816E-07	-3.123380E-07	-3.643943E-07	-4.164506E-07	-4.685070E-07	-5.205633E-07	-5.726196E-07	-6.246759E-07	-6.767323E-07	-7.287886E-07	-7.808449E-07	-8.329013E-07	-8.849576E-07	-9.370139E-07	-9.890703E-07	-1.041127E-06	-1.093183E-06	-1.145239E-06	-1.197296E-06	-1.249352E-06	-1.301408E-06	-1.353465E-06	-1.405521E-06	+1.264969E-06	+1.218118E-06	+1.171267E-06	+1.124417E-06	+1.077566E-06	+1.030715E-06	+9.838646E-07	+9.370139E-07	+8.901632E-07	+8.433125E-07	+7.964618E-07	+7.496111E-07	+7.027604E-07	+6.559097E-07	+6.090591E-07	+5.622084E-07	+5.153577E-07	+4.685070E-07	+4.216563E-07	+3.748056E-07	+3.279549E-07	+2.811042E-07	+2.342535E-07	+1.874028E-07	+1.405521E-07	+9.370139E-08	+4.685070E-08	+0.000000E+00	-4.685070E-08	-9.370139E-08	-1.405521E-07	-1.874028E-07	-2.342535E-07	-2.811042E-07	-3.279549E-07	-3.748056E-07	-4.216563E-07	-4.685070E-07	-5.153577E-07	-5.622084E-07	-6.090591E-07	-6.559097E-07	-7.027604E-07	-7.496111E-07	-7.964618E-07	-8.433125E-07	-8.901632E-07	-9.370139E-07	-9.838646E-07	-1.030715E-06	-1.077566E-06	-1.124417E-06	-1.171267E-06	-1.218118E-06	-1.264969E-06	+1.124417E-06	+1.082772E-06	+1.041127E-06	+9.994815E-07	+9.578365E-07	+9.161914E-07	+8.745463E-07	+8.329013E-07	+7.912562E-07	+7.496111E-07	+7.079661E-07	+6.663210E-07	+6.246759E-07	+5.830309E-07	+5.413858E-07	+4.997408E-07	+4.580957E-07	+4.164506E-07	+3.748056E-07	+3.331605E-07	+2.915154E-07	+2.498704E-07	+2.082253E-07	+1.665803E-07	+1.249352E-07	+8.329013E-08	+4.164506E-08	+0.000000E+00	-4.164506E-08	-8.329013E-08	-1.249352E-07	-1.665803E-07	-2.082253E-07	-2.498704E-07	-2.915154E-07	-3.331605E-07	-3.748056E-07	-4.164506E-07	-4.580957E-07	-4.997408E-07	-5.413858E-07	-5.830309E-07	-6.246759E-07	-6.663210E-07	-7.079661E-07	-7.496111E-07	-7.912562E-07	-8.329013E-07	-8.745463E-07	-9.161914E-07	-9.578365E-07	-9.994815E-07	-1.041127E-06	-1.082772E-06	-1.124417E-06	+9.838646E-07	+9.474252E-07	+9.109858E-07	+8.745463E-07	+8.381069E-07	+8.016675E-07	+7.652280E-07	+7.287886E-07	+6.923492E-07	+6.559097E-07	+6.194703E-07	+5.830309E-07	+5.465915E-07	+5.101520E-07	+4.737126E-07	+4.372732E-07	+4.008337E-07	+3.643943E-07	+3.279549E-07	+2.915154E-07	+2.550760E-07	+2.186366E-07	+1.821972E-07	+1.457577E-07	+1.093183E-07	+7.287886E-08	+3.643943E-08	+0.000000E+00	-3.643943E-08	-7.287886E-08	-1.093183E-07	-1.457577E-07	-1.821972E-07	-2.186366E-07	-2.550760E-07	-2.915154E-07	-3.279549E-07	-3.643943E-07	-4.008337E-07	-4.372732E-07	-4.737126E-07	-5.101520E-07	-5.465915E-07	-5.830309E-07	-6.194703E-07	-6.559097E-07	-6.923492E-07	-7.287886E-07	-7.652280E-07	-8.016675E-07	-8.381069E-07	-8.745463E-07	-9.109858E-07	-9.474252E-07	-9.838646E-07	+8.433125E-07	+8.120787E-07	+7.808449E-07	+7.496111E-07	+7.183773E-07	+6.871435E-07	+6.559097E-07	+6.246759E-07	+5.934422E-07	+5.622084E-07	+5.309746E-07	+4.997408E-07	+4.685070E-07	+4.372732E-07	+4.060394E-07	+3.748056E-07	+3.435718E-07	+3.123380E-07	+2.811042E-07	+2.498704E-07	+2.186366E-07	+1.874028E-07	+1.561690E-07	+1.249352E-07	+9.370139E-08	+6.246759E-08	+3.123380E-08	+0.000000E+00	-3.123380E-08	-6.246759E-08	-9.370139E-08	-1.249352E-07	-1.561690E-07	-1.874028E-07	-2.186366E-07	-2.498704E-07	-2.811042E-07	-3.123380E-07	-3.435718E-07	-3.748056E-07	-4.060394E-07	-4.372732E-07	-4.685070E-07	-4.997408E-07	-5.309746E-07	-5.622084E-07	-5.934422E-07	-6.246759E-07	-6.559097E-07	-6.871435E-07	-7.183773E-07	-7.496111E-07	-7.808449E-07	-8.120787E-07	-8.433125E-07	+7.027604E-07	+6.767323E-07	+6.507041E-07	+6.246759E-07	+5.986478E-07	+5.726196E-07	+5.465915E-07	+5.205633E-07	+4.945351E-07	+4.685070E-07	+4.424788E-07	+4.164506E-07	+3.904225E-07	+3.643943E-07	+3.383661E-07	+3.123380E-07	+2.863098E-07	+2.602816E-07	+2.342535E-07	+2.082253E-07	+1.821972E-07	+1.561690E-07	+1.301408E-07	+1.041127E-07	+7.808449E-08	+5.205633E-08	+2.602816E-08	+0.000000E+00	-2.602816E-08	-5.205633E-08	-7.808449E-08	-1.041127E-07	-1.301408E-07	-1.561690E-07	-1.821972E-07	-2.082253E-07	-2.342535E-07	-2.602816E-07	-2.863098E-07	-3.123380E-07	-3.383661E-07	-3.643943E-07	-3.904225E-07	-4.164506E-07	-4.424788E-07	-4.685070E-07	-4.945351E-07	-5.205633E-07	-5.465915E-07	-5.726196E-07	-5.986478E-07	-6.246759E-07	-6.507041E-07	-6.767323E-07	-7.027604E-07	+5.622084E-07	+5.413858E-07	+5.205633E-07	+4.997408E-07	+4.789182E-07	+4.580957E-07	+4.372732E-07	+4.164506E-07	+3.956281E-07	+3.748056E-07	+3.539830E-07	+3.331605E-07	+3.123380E-07	+2.915154E-07	+2.706929E-07	+2.498704E-07	+2.290478E-07	+2.082253E-07	+1.874028E-07	+1.665803E-07	+1.457577E-07	+1.249352E-07	+1.041127E-07	+8.329013E-08	+6.246759E-08	+4.164506E-08	+2.082253E-08	+0.000000E+00	-2.082253E-08	-4.164506E-08	-6.246759E-08	-8.329013E-08	-1.041127E-07	-1.249352E-07	-1.457577E-07	-1.665803E-07	-1.874028E-07	-2.082253E-07	-2.290478E-07	-2.498704E-07	-2.706929E-07	-2.915154E-07	-3.123380E-07	-3.331605E-07	-3.539830E-07	-3.748056E-07	-3.956281E-07	-4.164506E-07	-4.372732E-07	-4.580957E-07	-4.789182E-07	-4.997408E-07	-5.205633E-07	-5.413858E-07	-5.622084E-07	+4.216563E-07	+4.060394E-07	+3.904225E-07	+3.748056E-07	+3.591887E-07	+3.435718E-07	+3.279549E-07	+3.123380E-07	+2.967211E-07	+2.811042E-07	+2.654873E-07	+2.498704E-07	+2.342535E-07	+2.186366E-07	+2.030197E-07	+1.874028E-07	+1.717859E-07	+1.561690E-07	+1.405521E-07	+1.249352E-07	+1.093183E-07	+9.370139E-08	+7.808449E-08	+6.246759E-08	+4.685070E-08	+3.123380E-08	+1.561690E-08	+0.000000E+00	-1.561690E-08	-3.123380E-08	-4.685070E-08	-6.246759E-08	-7.808449E-08	-9.370139E-08	-1.093183E-07	-1.249352E-07	-1.405521E-07	-1.561690E-07	-1.717859E-07	-1.874028E-07	-2.030197E-07	-2.186366E-07	-2.342535E-07	-2.498704E-07	-2.654873E-07	-2.811042E-07	-2.967211E-07	-3.123380E-07	-3.279549E-07	-3.435718E-07	-3.591887E-07	-3.748056E-07	-3.904225E-07	-4.060394E-07	-4.216563E-07	+2.811042E-07	+2.706929E-07	+2.602816E-07	+2.498704E-07	+2.394591E-07	+2.290478E-07	+2.186366E-07	+2.082253E-07	+1.978141E-07	+1.874028E-07	+1.769915E-07	+1.665803E-07	+1.561690E-07	+1.457577E-07	+1.353465E-07	+1.249352E-07	+1.145239E-07	+1.041127E-07	+9.370139E-08	+8.329013E-08	+7.287886E-08	+6.246759E-08	+5.205633E-08	+4.164506E-08	+3.123380E-08	+2.082253E-08	+1.041127E-08	+0.000000E+00	-1.041127E-08	-2.082253E-08	-3.123380E-08	-4.164506E-08	-5.205633E-08	-6.246759E-08	-7.287886E-08	-8.329013E-08	-9.370139E-08	-1.041127E-07	-1.145239E-07	-1.249352E-07	-1.353465E-07	-1.457577E-07	-1.561690E-07	-1.665803E-07	-1.769915E-07	-1.874028E-07	-1.978141E-07	-2.082253E-07	-2.186366E-07	-2.290478E-07	-2.394591E-07	-2.498704E-07	-2.602816E-07	-2.706929E-07	-2.811042E-07	+1.405521E-07	+1.353465E-07	+1.301408E-07	+1.249352E-07	+1.197296E-07	+1.145239E-07	+1.093183E-07	+1.041127E-07	+9.890703E-08	+9.370139E-08	+8.849576E-08	+8.329013E-08	+7.808449E-08	+7.287886E-08	+6.767323E-08	+6.246759E-08	+5.726196E-08	+5.205633E-08	+4.685070E-08	+4.164506E-08	+3.643943E-08	+3.123380E-08	+2.602816E-08	+2.082253E-08	+1.561690E-08	+1.041127E-08	+5.205633E-09	+0.000000E+00	-5.205633E-09	-1.041127E-08	-1.561690E-08	-2.082253E-08	-2.602816E-08	-3.123380E-08	-3.643943E-08	-4.164506E-08	-4.685070E-08	-5.205633E-08	-5.726196E-08	-6.246759E-08	-6.767323E-08	-7.287886E-08	-7.808449E-08	-8.329013E-08	-8.849576E-08	-9.370139E-08	-9.890703E-08	-1.041127E-07	-1.093183E-07	-1.145239E-07	-1.197296E-07	-1.249352E-07	-1.301408E-07	-1.353465E-07	-1.405521E-07	+0.000000E+00	+0.000000E+00	+0.000000E+00	+0.000000E+00	+0.000000E+00	+0.000000E+00	+0.000000E+00	+0.000000E+00	+0.000000E+00	+0.000000E+00	+0.000000E+00	+0.000000E+00	+0.000000E+00	+0.000000E+00	+0.000000E+00	+0.000000E+00	+0.000000E+00	+0.000000E+00	+0.000000E+00	+0.000000E+00	+0.000000E+00	+0.000000E+00	+0.000000E+00	+0.000000E+00	+0.000000E+00	+0.000000E+00	+0.000000E+00	+0.000000E+00
# Matrix ends.
#
#
# ---------------------------------- LICENSE NOTICE -----------------------------------
# THIS DATA IS RELEASED UNDER THE CREATIVE COMMONS LICENSE "CC BY-NC-SA 4.0".
#   This license lets you remix, tweak, and build upon this work non-commercially,
#   as long as you credit me and license your new creations under the terms identical
#   to the current license.
# SEE "https://creativecommons.org/licenses/by-nc-sa/4.0" FOR DETAILS.
#
# RELEASED BY: Chandra Shekhar
#      E-mail: chandraiitk[AT]yahoo[DOT]co[DOT]in
#    Homepage: https://sites.google.com/site/chandraacads
# FOR ANY QUESTION OR COMMENT, OR FOR A COMMERCIAL LICENSE, PLEASE EMAIL ME.
#
# For additional details, please visit my homepage.
#
# ==================================== End of File ====================================
